case_id,continent,education_of_employee,has_job_experience,requires_job_training,no_of_employees,yr_of_estab,region_of_employment,prevailing_wage,unit_of_wage,full_time_position,case_status
EZYV4388,Asia,Master's,Y,N,2260,1893,West,110954.36,Year,Y,Certified
EZYV2401,North America,Doctorate,N,N,253772,1838,Northeast,103394.51,Year,Y,Denied
EZYV9621,Asia,Bachelor's,N,N,1687,1996,West,30010.99,Year,Y,Denied
EZYV162,Europe,Bachelor's,Y,N,337,2004,West,4027.85,Year,Y,Certified
EZYV2303,Asia,Master's,N,N,2673,1817,Midwest,75779.91,Year,Y,Certified
EZYV2018,Asia,Master's,Y,N,3010,1996,West,99585.73,Year,N,Certified
EZYV13240,Europe,High School,N,Y,1096,1859,South,114540.58,Year,Y,Denied
EZYV16727,South America,Master's,N,Y,2167,2007,West,27437.93,Year,Y,Certified
EZYV5024,Europe,Bachelor's,N,Y,1220,1851,West,1030.85,Year,Y,Certified
EZYV9895,Asia,Doctorate,N,N,20412,1996,Midwest,49412.04,Year,Y,Certified
EZYV7010,North America,Bachelor's,Y,N,4428,2010,West,51142.14,Year,Y,Certified
EZYV16558,Asia,Bachelor's,Y,N,664,1987,South,74137.42,Year,Y,Denied
EZYV14614,North America,Master's,N,N,1670,1988,Midwest,64715.49,Year,Y,Certified
EZYV4553,Europe,Master's,N,N,2762,1999,West,103795.42,Year,Y,Certified
EZYV8163,North America,Master's,Y,N,3384,1980,South,25850.66,Year,Y,Certified
EZYV22272,Asia,Master's,N,N,402,2014,Midwest,86710.2,Year,Y,Certified
EZYV10886,Asia,Bachelor's,N,N,2821,1983,Midwest,78559.59,Year,Y,Certified
EZYV14332,North America,Master's,N,N,1943,1984,West,39213.12,Year,Y,Denied
EZYV765,Asia,Bachelor's,Y,N,1393,1991,South,135441.47,Year,Y,Certified
EZYV7518,Asia,Master's,N,N,1173,2013,West,656.3975,Hour,Y,Certified
EZYV9767,Asia,Bachelor's,N,N,4978,2004,South,122418.29,Year,N,Certified
EZYV22305,Asia,Bachelor's,Y,N,1121,1998,South,203013.68,Year,Y,Certified
EZYV9736,Europe,Master's,Y,Y,3790,1924,Midwest,44044.79,Year,Y,Certified
EZYV7329,Asia,High School,Y,N,658,1985,Midwest,117617.95,Year,Y,Denied
EZYV14568,Asia,Doctorate,Y,N,1204,1998,Northeast,399.1941,Hour,Y,Certified
EZYV22338,Europe,Bachelor's,Y,N,3604,1881,South,93091.19,Week,Y,Denied
EZYV18469,Asia,Master's,Y,N,4954,2004,West,99599.51,Year,N,Certified
EZYV20996,Asia,Bachelor's,Y,N,434,2005,Northeast,52460.65,Year,Y,Certified
EZYV17990,Asia,Bachelor's,Y,N,1824,1996,South,135425.43,Year,N,Certified
EZYV20621,North America,Master's,Y,N,4063,2007,West,95073.85,Year,Y,Certified
EZYV25140,Europe,Bachelor's,Y,N,4040,1922,West,31299.58,Year,Y,Certified
EZYV21130,Asia,Master's,Y,N,3458,2010,West,54534.07,Year,N,Denied
EZYV21076,Europe,High School,N,N,2869,2005,South,37898.99,Year,Y,Certified
EZYV11287,Asia,Master's,N,N,1123,2009,South,104.85,Hour,Y,Denied
EZYV3364,North America,Master's,Y,N,650,2010,West,71818.78,Year,Y,Certified
EZYV17584,Asia,Doctorate,Y,N,1991,1910,South,112096.79,Year,Y,Certified
EZYV3017,Africa,Master's,Y,N,3725,1972,Northeast,141431.74,Year,Y,Certified
EZYV12508,North America,Master's,N,N,69615,2011,Northeast,48743.46,Year,Y,Certified
EZYV659,Asia,Bachelor's,Y,N,2432,1889,Northeast,10837.15,Year,Y,Certified
EZYV604,Asia,High School,Y,N,3144,2012,Northeast,14034.51,Year,Y,Denied
EZYV19382,Asia,Bachelor's,Y,N,618,1971,West,66063.17,Year,Y,Certified
EZYV25060,Asia,Master's,N,N,1397,1949,Northeast,152367.64,Year,Y,Certified
EZYV3537,North America,Bachelor's,Y,N,2059,1930,South,24625.76,Year,Y,Denied
EZYV18528,Asia,Bachelor's,N,N,1224,2001,West,165644.48,Year,Y,Certified
EZYV5633,Asia,High School,Y,N,5965,2008,Northeast,35446.27,Year,Y,Denied
EZYV3356,Europe,High School,Y,Y,3308,2000,South,151192.05,Year,Y,Denied
EZYV11289,Asia,Bachelor's,N,N,3571,2004,Midwest,60766.49,Year,Y,Certified
EZYV396,North America,Bachelor's,Y,N,869,2001,West,64084.23,Year,Y,Certified
EZYV23378,Asia,Master's,Y,N,188,2000,South,13177.37,Year,Y,Certified
EZYV15283,Asia,Bachelor's,Y,N,2449,1963,South,101396.95,Year,Y,Certified
EZYV1609,Asia,Master's,N,N,853,2000,Northeast,156.3038,Hour,Y,Denied
EZYV3945,Asia,Master's,N,N,4669,2000,South,768.4136,Hour,Y,Denied
EZYV8765,Europe,Master's,Y,N,1180,1926,Northeast,12160.47,Year,Y,Certified
EZYV9136,Asia,Bachelor's,Y,N,4755,1993,Northeast,2134.78,Year,Y,Denied
EZYV18202,Asia,Master's,N,N,1797,2001,South,82445.94,Year,N,Certified
EZYV21501,Asia,Master's,N,N,1413,2005,West,102.32,Hour,Y,Denied
EZYV15502,Africa,Master's,N,N,2618,2013,Midwest,54870.61,Year,N,Denied
EZYV10223,Asia,High School,N,N,1394,1995,South,340.4479,Hour,Y,Denied
EZYV4680,Asia,Bachelor's,N,N,3844,1907,Island,134.85,Hour,Y,Denied
EZYV9257,Europe,Master's,N,N,1913,1920,Northeast,132293.16,Year,N,Certified
EZYV19796,Asia,Master's,Y,N,1509,2002,Northeast,158296.93,Year,Y,Denied
EZYV21150,Asia,Bachelor's,Y,N,4048,2001,Midwest,36300.36,Year,Y,Certified
EZYV23446,South America,Master's,N,Y,496,2003,West,64810.68,Year,Y,Certified
EZYV7194,Asia,Bachelor's,Y,N,2327,1999,Midwest,82130.07,Year,Y,Certified
EZYV22142,Asia,High School,Y,N,147828,2009,Island,168385.16,Year,Y,Denied
EZYV2664,Asia,High School,Y,N,1692,1974,West,124937.02,Year,N,Denied
EZYV8884,Asia,Bachelor's,Y,N,4226,2010,West,87728.56,Year,Y,Certified
EZYV17560,North America,Master's,N,N,587,2007,South,177119.9,Year,Y,Denied
EZYV9929,Asia,Master's,N,N,14968,1924,South,46199.68,Year,Y,Certified
EZYV13512,Asia,High School,Y,N,754,1996,Northeast,30128.68,Year,Y,Denied
EZYV16659,Asia,Bachelor's,Y,N,1967,2006,South,123144.8,Year,Y,Certified
EZYV19364,Asia,High School,Y,N,299,1998,Midwest,48501.15,Year,Y,Certified
EZYV12700,North America,Master's,Y,N,358,2002,West,172067.45,Year,Y,Certified
EZYV7470,Asia,Bachelor's,Y,N,450,1913,South,78137.75,Year,Y,Certified
EZYV23638,Asia,Bachelor's,N,N,3658,1997,Midwest,146429.5,Year,Y,Certified
EZYV19169,Asia,Master's,Y,N,2763,2005,South,18747.28,Year,Y,Certified
EZYV13108,Africa,Doctorate,N,N,438,1973,West,6519.6,Year,Y,Denied
EZYV21086,Europe,High School,N,N,1876,1985,Northeast,4524.62,Year,Y,Certified
EZYV337,Europe,Doctorate,N,N,186,1991,West,16551.46,Year,Y,Certified
EZYV3415,Asia,Master's,Y,N,5841,2011,Northeast,103586.62,Year,Y,Certified
EZYV17263,Asia,Bachelor's,Y,N,4451,1873,South,37378.63,Year,Y,Certified
EZYV23695,Asia,Doctorate,Y,Y,2184,2010,South,139395.68,Year,Y,Denied
EZYV4652,Europe,Master's,Y,N,1750,1995,Midwest,74163.97,Year,Y,Certified
EZYV17075,Asia,High School,Y,N,1073,1995,Northeast,81305.52,Year,Y,Certified
EZYV10937,Asia,High School,Y,N,852,1953,West,19115.69,Year,Y,Denied
EZYV7086,Asia,Bachelor's,N,N,60,1998,Island,199655.63,Year,Y,Certified
EZYV23612,Asia,Master's,Y,N,959,1998,South,99037.13,Year,N,Certified
EZYV5055,Asia,Master's,Y,N,520,1912,Midwest,135864.97,Year,Y,Certified
EZYV1230,Asia,Master's,Y,N,2200,2006,South,156520.94,Year,Y,Certified
EZYV5902,Asia,High School,Y,N,2964,1855,Northeast,61202.27,Year,Y,Denied
EZYV22426,Europe,High School,Y,Y,2576,2005,South,45373.6,Year,Y,Certified
EZYV10076,North America,Bachelor's,Y,N,453,2006,West,12835.44,Week,Y,Certified
EZYV11629,Asia,Bachelor's,Y,N,3419,2012,West,109115.07,Year,Y,Denied
EZYV10982,Europe,Bachelor's,Y,N,91,2011,Northeast,55521.05,Year,Y,Certified
EZYV13614,Asia,Bachelor's,Y,N,2247,1989,South,25071.66,Year,Y,Certified
EZYV13615,Asia,Bachelor's,Y,N,975,2002,West,101485.38,Year,Y,Certified
EZYV21998,Asia,Bachelor's,Y,Y,365,1994,South,85620.47,Year,Y,Denied
EZYV259,Asia,Bachelor's,N,N,3266,2007,Midwest,102598.35,Year,Y,Certified
EZYV13559,Asia,Bachelor's,N,N,340,1972,West,57689.43,Year,Y,Denied
EZYV14087,Europe,Master's,Y,N,1401,1982,South,33784.18,Year,Y,Certified
EZYV21601,Asia,Master's,Y,N,1034,1993,Northeast,65986.58,Year,Y,Denied
EZYV8934,Asia,Bachelor's,N,N,545,2011,Northeast,101532.85,Year,Y,Certified
EZYV6541,North America,Master's,Y,N,5033,2004,Midwest,56822.09,Year,Y,Certified
EZYV6363,Asia,High School,N,N,1535,1809,Northeast,69594.35,Year,Y,Denied
EZYV4126,Asia,High School,Y,N,1669,1968,West,155365.31,Year,N,Denied
EZYV2912,North America,Master's,Y,N,2559,2007,Northeast,105257.67,Year,Y,Certified
EZYV22048,Asia,Master's,Y,Y,1775,2000,South,47429.39,Year,Y,Certified
EZYV16691,Asia,Master's,N,N,3857,1939,Midwest,37703.12,Year,Y,Certified
EZYV17092,North America,Master's,N,Y,1147,2006,South,67840.37,Year,Y,Denied
EZYV9334,Asia,Master's,Y,N,3177,2010,Northeast,267448.28,Year,N,Certified
EZYV10595,Asia,High School,Y,N,3379,1997,South,76041.62,Year,Y,Denied
EZYV14012,Asia,Bachelor's,N,Y,2738,1984,South,199.83,Hour,Y,Certified
EZYV24612,Asia,High School,Y,N,91938,1984,Northeast,19671.58,Year,Y,Denied
EZYV24329,South America,Bachelor's,Y,Y,1766,2011,South,13614.82,Year,Y,Denied
EZYV21306,Asia,High School,Y,N,3695,1820,South,55986.04,Year,Y,Certified
EZYV6657,Asia,Bachelor's,Y,N,466,1998,South,23799.68,Year,Y,Denied
EZYV3616,Asia,Master's,N,N,74599,1992,Midwest,68978.65,Year,Y,Denied
EZYV16301,Europe,Master's,Y,N,2797,2012,Northeast,52603.77,Year,Y,Certified
EZYV10599,Asia,Bachelor's,Y,Y,1000,2001,Northeast,82219.89,Year,Y,Denied
EZYV19560,Asia,Bachelor's,Y,N,496,1984,Midwest,58674.46,Year,Y,Certified
EZYV22701,Asia,Bachelor's,N,Y,3375,2003,South,83040.2,Year,Y,Certified
EZYV19202,Europe,Bachelor's,N,N,1216,1994,West,83693.1,Year,Y,Certified
EZYV9292,Asia,Master's,Y,N,5228,2010,West,66903.11,Year,Y,Certified
EZYV17088,Asia,Master's,N,Y,2803,1989,South,124108.52,Year,Y,Certified
EZYV22032,Asia,Bachelor's,N,N,3387,1998,South,69717.57,Year,N,Certified
EZYV20864,Asia,Bachelor's,N,N,4008,1985,West,69306.51,Year,Y,Certified
EZYV17770,Asia,Bachelor's,N,Y,993,1985,Northeast,143583.18,Year,Y,Certified
EZYV5316,Asia,Doctorate,Y,N,2621,1999,West,104486.78,Year,Y,Certified
EZYV6340,Europe,High School,N,Y,379,2005,South,167544.38,Year,Y,Denied
EZYV10570,Asia,Bachelor's,Y,N,1948,2005,Midwest,247525.17,Year,Y,Certified
EZYV9473,Asia,Bachelor's,N,N,2359,1999,Northeast,84094.06,Year,Y,Denied
EZYV8258,Asia,Master's,Y,N,18207,1998,Midwest,124810.53,Year,N,Certified
EZYV22726,Asia,Master's,Y,N,724,2013,South,138160.05,Year,Y,Certified
EZYV23821,Asia,Bachelor's,Y,N,15307,1998,West,23007.56,Year,Y,Denied
EZYV24401,North America,Bachelor's,N,N,4409,2001,Northeast,61370.66,Year,Y,Certified
EZYV10281,Europe,Bachelor's,N,N,2961,1912,Northeast,9767.97,Year,Y,Certified
EZYV18530,Asia,Master's,N,N,2146,1999,Northeast,90895.84,Year,Y,Certified
EZYV4209,Asia,Bachelor's,Y,N,709,2008,West,136218.13,Year,Y,Certified
EZYV5008,Asia,Doctorate,N,Y,433,1867,South,124155.88,Year,Y,Certified
EZYV11024,Asia,Bachelor's,N,N,1203,2007,Midwest,115527.9,Year,Y,Certified
EZYV3892,Asia,Master's,Y,N,2731,1838,South,77121.51,Year,Y,Certified
EZYV17231,Asia,Bachelor's,N,N,1990,1991,Northeast,363.7005,Hour,Y,Denied
EZYV7795,Asia,Master's,N,N,3233,2012,Midwest,117472.45,Year,Y,Certified
EZYV6979,Asia,Master's,Y,N,1801,2006,South,50132.38,Year,Y,Certified
EZYV9459,Asia,Bachelor's,Y,N,2356,2000,West,133614.05,Year,Y,Denied
EZYV18067,Europe,Doctorate,Y,N,1386,1974,South,65786.82,Year,Y,Certified
EZYV14363,Oceania,High School,N,N,1022,1939,South,521.4363,Hour,Y,Denied
EZYV17443,Asia,Bachelor's,Y,N,2009,2004,Midwest,23034.58,Year,Y,Certified
EZYV19361,Asia,Doctorate,Y,Y,4106,1985,Northeast,67699.94,Year,Y,Denied
EZYV6537,North America,Bachelor's,N,Y,1233,2011,South,99760.1,Year,Y,Certified
EZYV1183,Asia,Doctorate,N,N,14560,2005,West,116153.8,Year,Y,Denied
EZYV20159,Europe,Doctorate,Y,Y,19,2005,West,67357.8,Year,Y,Certified
EZYV16024,Africa,Master's,N,N,2701,1946,Northeast,131918.49,Year,Y,Certified
EZYV11939,Asia,Bachelor's,N,N,887,1977,Northeast,104746.65,Year,Y,Certified
EZYV19311,Europe,Doctorate,Y,N,212573,1974,West,3719.04,Year,Y,Certified
EZYV11958,North America,Master's,N,N,1600,2008,Midwest,54739.05,Year,Y,Certified
EZYV9878,Asia,Bachelor's,Y,N,818,1995,South,587.7049,Hour,Y,Certified
EZYV2019,Asia,Bachelor's,Y,Y,2431,2005,Northeast,124056.32,Year,Y,Certified
EZYV5070,North America,Master's,N,N,878,2007,Midwest,74183.96,Year,Y,Certified
EZYV5872,Asia,High School,N,N,483,1999,Midwest,126845.21,Year,Y,Denied
EZYV22557,Asia,Master's,N,N,3737,1881,Midwest,107842.92,Year,Y,Certified
EZYV14852,North America,Bachelor's,Y,N,1866,2005,West,112692.47,Year,Y,Certified
EZYV25422,Asia,Master's,Y,N,4382,2003,Midwest,141728.77,Year,N,Certified
EZYV11543,Asia,Master's,Y,N,101941,1975,Northeast,80889.54,Year,Y,Certified
EZYV21645,Asia,Master's,N,N,2926,2009,Northeast,107197.59,Year,N,Certified
EZYV20152,Europe,High School,Y,N,1947,1997,West,11137.55,Year,Y,Denied
EZYV13409,Asia,High School,Y,N,1325,1995,Midwest,161701.24,Year,Y,Denied
EZYV3630,Asia,High School,Y,N,1325,1911,Midwest,56118.94,Year,Y,Denied
EZYV19287,Asia,Master's,N,N,1033,1934,South,101304.93,Year,Y,Denied
EZYV2768,Asia,Bachelor's,Y,N,5266,1974,South,120669.76,Year,Y,Certified
EZYV14581,Asia,Master's,Y,N,1987,2006,South,159244.73,Year,N,Certified
EZYV21666,Asia,High School,N,N,16,1988,South,169.46,Hour,Y,Certified
EZYV14473,Asia,Bachelor's,Y,N,2951,2004,Northeast,165836.2,Year,Y,Certified
EZYV23782,Asia,Bachelor's,Y,N,5139,1993,Northeast,55044.58,Year,N,Certified
EZYV2471,Asia,Bachelor's,Y,N,498,1999,South,71434.38,Year,Y,Certified
EZYV2500,Europe,Bachelor's,Y,Y,1887,2008,South,107097.3,Year,Y,Certified
EZYV25002,Asia,Master's,N,Y,3501,1993,South,80912.78,Year,Y,Certified
EZYV21436,Asia,Bachelor's,Y,N,1792,1988,West,51648.01,Year,Y,Denied
EZYV362,Asia,Doctorate,Y,N,82716,1993,West,111724.66,Year,N,Certified
EZYV2896,North America,Master's,N,N,3304,1997,West,8914.12,Year,Y,Denied
EZYV23615,North America,Master's,Y,N,2737,2000,West,51751.63,Year,Y,Certified
EZYV8991,North America,Bachelor's,N,N,1659,1997,West,63324.34,Year,Y,Denied
EZYV5761,Asia,High School,N,N,4776,1864,Northeast,75560.67,Year,Y,Denied
EZYV7150,Asia,Bachelor's,N,N,92,1911,South,127288.25,Year,N,Certified
EZYV15151,Europe,High School,Y,N,2224,2003,Northeast,91794.48,Year,Y,Denied
EZYV5368,Asia,Bachelor's,N,N,1293,1999,South,88037.11,Year,Y,Certified
EZYV16896,North America,Bachelor's,N,N,450,1996,Northeast,605.6115,Hour,Y,Certified
EZYV22023,Asia,Bachelor's,Y,N,167,2001,Northeast,117397.15,Year,Y,Certified
EZYV18979,North America,Doctorate,Y,N,5081,1839,Northeast,99464.83,Year,Y,Certified
EZYV9562,Asia,Master's,N,Y,3919,2011,West,17390.96,Year,Y,Certified
EZYV6761,Asia,High School,Y,N,2650,2000,South,5998.04,Year,Y,Denied
EZYV24639,North America,Bachelor's,Y,N,1368,2002,South,344.2666,Hour,Y,Certified
EZYV1304,Asia,High School,Y,N,6331,1968,West,46573.76,Year,Y,Denied
EZYV14609,Asia,Doctorate,Y,N,1570,1984,Midwest,81956.42,Year,N,Certified
EZYV24425,Asia,Bachelor's,N,N,900,2009,Northeast,126813.75,Year,Y,Certified
EZYV7291,Asia,High School,Y,N,20967,2007,Northeast,130.29,Hour,Y,Denied
EZYV16832,Europe,High School,Y,N,1485,2010,South,73469.66,Year,Y,Denied
EZYV20708,Asia,Master's,N,N,1064,2005,Northeast,33545.65,Year,Y,Denied
EZYV80,Asia,High School,N,Y,1062,1998,West,194176.83,Year,Y,Denied
EZYV24680,Asia,Master's,N,N,4017,2005,South,154351.64,Year,N,Certified
EZYV17964,South America,Doctorate,Y,N,2706,1985,Northeast,20429.94,Year,Y,Certified
EZYV14756,Asia,High School,N,N,3248,1997,South,136991.5,Year,Y,Denied
EZYV4835,South America,Bachelor's,N,N,32899,2001,South,496.4588,Hour,Y,Denied
EZYV23653,North America,Master's,N,Y,618,2008,Northeast,54027.96,Year,Y,Denied
EZYV23514,Asia,Master's,Y,N,2810,1997,Midwest,71659.81,Year,Y,Certified
EZYV15759,Africa,Master's,Y,N,3115,1999,Northeast,57106.46,Year,Y,Certified
EZYV15012,North America,Bachelor's,N,N,951,1872,Midwest,109942.93,Year,Y,Certified
EZYV20105,North America,Master's,Y,N,3529,2009,South,116524.43,Year,N,Certified
EZYV18147,Asia,Bachelor's,Y,N,1440,2001,South,111414.29,Year,Y,Certified
EZYV2559,Asia,Bachelor's,Y,N,2397,1855,Midwest,92833.95,Year,Y,Certified
EZYV17064,North America,Doctorate,N,Y,23048,1889,South,140336.31,Year,Y,Certified
EZYV6985,Asia,Bachelor's,Y,N,457,2006,Northeast,61055.76,Year,Y,Certified
EZYV1416,Asia,Bachelor's,N,N,942,1839,West,622.9059,Hour,Y,Denied
EZYV2915,Asia,Bachelor's,N,Y,622,2009,West,143084.69,Year,Y,Denied
EZYV15166,Asia,Doctorate,Y,N,2499,2002,West,119858.41,Year,Y,Certified
EZYV23402,Asia,Master's,Y,N,91435,2008,Northeast,104048.39,Year,Y,Certified
EZYV22075,Asia,Master's,Y,Y,1737,2004,Midwest,33295.61,Year,Y,Certified
EZYV23070,Asia,High School,Y,N,1527,2013,South,84919.16,Year,Y,Denied
EZYV3116,Asia,Master's,Y,N,2591,1997,Northeast,15137.56,Year,Y,Certified
EZYV17890,North America,Master's,Y,Y,291,2006,West,43139.46,Year,Y,Certified
EZYV16505,Asia,Master's,Y,N,1320,1949,Midwest,74229.96,Year,Y,Certified
EZYV9028,Europe,Bachelor's,Y,N,3938,1997,West,14033.01,Year,Y,Certified
EZYV8101,North America,Bachelor's,Y,N,2970,2001,South,122771.52,Year,Y,Certified
EZYV9970,Oceania,Bachelor's,N,N,4173,1986,South,43246.35,Year,N,Certified
EZYV20390,Asia,Master's,N,N,4946,1969,West,21126.77,Year,Y,Certified
EZYV24532,Asia,Master's,Y,Y,106056,1993,Northeast,74124.54,Year,Y,Certified
EZYV3837,North America,Master's,Y,N,1985,2002,Midwest,29766.59,Year,Y,Certified
EZYV7141,Asia,Master's,Y,Y,1784,1995,Northeast,86942.67,Year,Y,Certified
EZYV395,Asia,Bachelor's,Y,N,1872,1926,West,99201.01,Year,Y,Certified
EZYV24160,North America,Bachelor's,Y,N,1058,2001,West,65068.1,Year,Y,Certified
EZYV18712,Asia,Master's,N,N,387,2005,West,134240.17,Year,Y,Certified
EZYV17379,North America,Master's,N,N,127,1991,South,123.2997,Hour,Y,Denied
EZYV8766,Asia,Bachelor's,N,N,2898,2001,Northeast,124.73,Hour,Y,Denied
EZYV11042,Europe,Master's,Y,Y,581,1873,Northeast,128559.73,Year,Y,Certified
EZYV8759,Asia,Master's,Y,N,34829,1989,Midwest,88240.1,Year,Y,Certified
EZYV25182,Europe,Doctorate,Y,N,5596,2000,West,3286.51,Year,Y,Certified
EZYV18767,North America,Master's,Y,N,1357,1999,Northeast,59172.93,Year,N,Certified
EZYV9084,Asia,Master's,Y,N,337,2000,Midwest,50532.28,Year,Y,Certified
EZYV1697,Asia,Master's,N,N,798,2007,Northeast,95726.77,Year,N,Denied
EZYV18012,Asia,Master's,N,N,1369,2006,Midwest,88318.4,Year,Y,Denied
EZYV12180,South America,Master's,N,Y,2938,2011,South,154697.95,Year,Y,Certified
EZYV1616,Asia,Master's,Y,N,1073,2013,West,32706.7,Year,Y,Certified
EZYV12781,Asia,Bachelor's,N,N,339,2010,South,46762.49,Year,N,Certified
EZYV10666,Europe,Master's,N,N,3633,1859,South,75235.48,Year,Y,Denied
EZYV2580,Asia,Bachelor's,Y,N,320,2005,West,30218.37,Year,Y,Certified
EZYV22090,Asia,Bachelor's,Y,N,4649,2000,South,147713.08,Year,Y,Certified
EZYV4289,Asia,Bachelor's,Y,N,86,1994,South,83284.64,Year,Y,Denied
EZYV5782,Europe,Doctorate,N,N,2582,2007,South,34323.98,Year,Y,Certified
EZYV11785,North America,Bachelor's,Y,N,1775,1991,Island,87915.99,Year,Y,Certified
EZYV16692,Asia,Master's,N,N,167,1986,Northeast,55.6048,Hour,Y,Denied
EZYV15791,Asia,Bachelor's,N,N,2454,1914,Northeast,52381.97,Year,Y,Certified
EZYV6883,Asia,High School,Y,N,2534,1976,West,104672.37,Year,Y,Denied
EZYV4760,Asia,Doctorate,Y,N,36,1858,West,108323.22,Year,N,Certified
EZYV14170,Asia,Master's,N,N,2205,1960,South,166568.57,Year,N,Denied
EZYV21772,Europe,High School,Y,N,1587,2000,South,117720.1,Year,Y,Certified
EZYV17798,Asia,Bachelor's,N,Y,64,1989,Northeast,202743.02,Year,Y,Denied
EZYV6616,North America,Bachelor's,Y,N,256392,1983,South,71990.12,Year,Y,Denied
EZYV19401,South America,Bachelor's,N,Y,1239,2001,Northeast,42686.38,Year,Y,Certified
EZYV14691,Asia,Doctorate,Y,N,84643,1983,West,43831.76,Year,N,Certified
EZYV24304,Asia,Bachelor's,Y,N,506,1946,West,75115.0,Year,Y,Certified
EZYV18718,Asia,Bachelor's,Y,N,542,1980,West,147323.08,Year,Y,Certified
EZYV6250,Asia,Master's,N,N,2116,1875,West,272756.53,Year,N,Certified
EZYV22769,Europe,Bachelor's,Y,N,2066,1932,West,62723.55,Year,Y,Certified
EZYV24035,Asia,Bachelor's,Y,N,4318,2011,West,11760.21,Year,Y,Denied
EZYV381,Asia,Bachelor's,Y,N,149,1948,South,45850.33,Year,Y,Certified
EZYV11659,Europe,Bachelor's,Y,N,1065,1954,West,125655.65,Year,Y,Denied
EZYV25406,Oceania,Master's,Y,N,1829,1993,Northeast,74975.25,Year,Y,Certified
EZYV19148,Europe,Master's,N,Y,62,2001,South,43011.47,Year,Y,Certified
EZYV1452,Asia,High School,Y,N,814,1852,West,782.5254,Hour,Y,Denied
EZYV2206,North America,Master's,Y,N,148,1977,Northeast,52502.33,Year,Y,Certified
EZYV2357,Asia,Master's,N,N,638,1871,West,128470.83,Week,Y,Denied
EZYV694,Asia,Master's,Y,N,2486,1994,Northeast,73401.21,Year,Y,Certified
EZYV7068,Asia,Master's,Y,N,1133,2005,Midwest,81977.3,Year,Y,Certified
EZYV9154,Asia,Doctorate,N,Y,5349,1991,South,25784.6,Year,Y,Certified
EZYV23759,Asia,Doctorate,N,N,14269,2010,Northeast,63785.67,Year,Y,Certified
EZYV3185,Asia,Doctorate,Y,N,4412,2008,Northeast,94810.41,Year,Y,Certified
EZYV24100,Asia,Bachelor's,Y,N,796,2010,Island,725.1272,Hour,Y,Certified
EZYV9572,North America,Master's,N,N,3097,2007,South,921.932,Hour,Y,Denied
EZYV7641,North America,Bachelor's,Y,N,3376,2000,Northeast,58025.3,Year,N,Certified
EZYV7910,South America,High School,N,N,2769,1851,Northeast,228.3418,Hour,Y,Certified
EZYV6798,Asia,Bachelor's,N,N,724,1998,Northeast,120.56,Hour,Y,Denied
EZYV10449,North America,Bachelor's,Y,Y,1658,1973,Northeast,56740.28,Year,Y,Denied
EZYV9388,Asia,Master's,N,N,1173,2002,Midwest,19581.21,Year,Y,Certified
EZYV9139,North America,Master's,N,N,1343,2012,South,139591.98,Year,N,Certified
EZYV9212,Asia,Bachelor's,Y,N,24534,2001,West,117094.57,Year,Y,Certified
EZYV15770,Asia,Bachelor's,N,N,1119,2006,South,80798.44,Year,Y,Certified
EZYV11077,Asia,High School,Y,N,826,2005,Northeast,976.3034,Hour,Y,Denied
EZYV4598,Asia,High School,Y,N,1426,1999,Northeast,21927.16,Year,Y,Denied
EZYV8608,Europe,Master's,Y,N,4346,1984,West,83787.27,Year,Y,Certified
EZYV9647,Asia,Bachelor's,N,N,474,2008,West,78109.15,Year,Y,Certified
EZYV22797,Europe,Bachelor's,Y,N,4469,1986,Midwest,79355.6,Year,Y,Denied
EZYV21049,Asia,Master's,N,Y,1637,2009,West,86134.81,Year,Y,Certified
EZYV2091,Africa,Master's,Y,N,809,1909,Midwest,98136.11,Year,Y,Certified
EZYV15807,Europe,Bachelor's,Y,N,1090,1993,Northeast,825.36,Year,Y,Certified
EZYV13187,South America,Bachelor's,Y,N,45807,2007,West,42983.15,Year,Y,Denied
EZYV6211,Asia,Bachelor's,N,N,1474,1996,West,102595.24,Year,Y,Certified
EZYV22198,Oceania,Master's,Y,N,871,2005,South,109502.26,Year,N,Certified
EZYV5924,Asia,Bachelor's,Y,Y,2147,2010,West,504.72,Year,Y,Certified
EZYV18737,Asia,Bachelor's,Y,N,4105,1874,Northeast,88664.38,Year,Y,Denied
EZYV23324,North America,Bachelor's,N,N,2413,1968,Island,64402.71,Year,Y,Certified
EZYV9377,Asia,Master's,Y,N,119016,1868,Northeast,9595.65,Year,Y,Certified
EZYV1186,Asia,Bachelor's,N,N,2944,1997,South,230984.28,Year,Y,Certified
EZYV4206,Asia,Bachelor's,Y,N,3140,2002,South,51666.43,Year,Y,Denied
EZYV11146,Asia,Bachelor's,Y,N,1868,1977,South,77269.15,Year,Y,Certified
EZYV13,Asia,Bachelor's,Y,N,123876,1963,Northeast,28663.05,Year,Y,Certified
EZYV13802,Asia,Bachelor's,N,N,4302,2009,South,125624.38,Year,Y,Certified
EZYV8498,Asia,Master's,N,N,619,1974,South,45860.26,Year,Y,Certified
EZYV11489,Europe,Doctorate,Y,N,5450,2008,West,4198.14,Year,Y,Certified
EZYV9888,Asia,Master's,N,N,2145,1993,Northeast,90905.74,Year,Y,Certified
EZYV24205,Asia,Bachelor's,N,N,754,1855,South,119713.28,Year,Y,Denied
EZYV22698,South America,Master's,Y,N,4611,1991,Northeast,58753.87,Year,Y,Certified
EZYV6143,Asia,High School,N,N,3108,1985,South,111375.19,Year,N,Denied
EZYV18998,Asia,Doctorate,Y,N,4015,1970,South,8593.05,Year,Y,Certified
EZYV3206,Asia,Bachelor's,N,N,19,1988,South,68072.95,Year,Y,Denied
EZYV7826,Asia,Bachelor's,Y,N,2519,1869,South,103190.41,Year,Y,Certified
EZYV3088,Asia,High School,Y,N,1924,2005,South,17240.68,Year,Y,Denied
EZYV11884,Europe,Bachelor's,N,N,1057,1911,West,33867.14,Year,Y,Certified
EZYV17324,Europe,Doctorate,N,N,564,2006,West,96301.46,Year,Y,Certified
EZYV2411,Asia,High School,N,Y,4164,1986,West,67165.09,Year,Y,Denied
EZYV18356,Asia,Doctorate,Y,N,704,1981,West,64717.6,Year,Y,Certified
EZYV8838,Asia,Master's,Y,N,1229,1990,South,72945.76,Year,Y,Certified
EZYV3232,Asia,Bachelor's,Y,N,254,1961,South,132646.71,Year,Y,Certified
EZYV23504,North America,Bachelor's,Y,N,5770,2011,West,72808.78,Year,Y,Denied
EZYV10617,Asia,Master's,Y,N,707,1978,Midwest,141029.03,Year,Y,Certified
EZYV5492,Asia,Master's,N,N,9402,1972,Northeast,143848.46,Year,N,Certified
EZYV16202,Asia,Bachelor's,N,N,235,2014,Northeast,130562.97,Year,Y,Denied
EZYV7855,Asia,Master's,Y,N,2823,1987,West,78469.09,Year,Y,Certified
EZYV749,South America,Bachelor's,Y,N,84,2004,South,157465.74,Year,Y,Certified
EZYV24732,North America,Doctorate,Y,N,2505,2011,South,122395.57,Year,N,Certified
EZYV5326,Asia,Doctorate,N,N,794,2006,Midwest,123952.35,Year,Y,Certified
EZYV19804,Asia,Master's,Y,N,2757,1988,Midwest,179907.41,Year,N,Certified
EZYV6049,Asia,High School,Y,N,1236,2010,South,63907.04,Year,Y,Denied
EZYV5398,Asia,Master's,Y,N,3545,1861,South,106808.71,Year,Y,Certified
EZYV4796,Asia,Bachelor's,Y,N,2650,1981,South,60349.24,Year,N,Certified
EZYV14805,Europe,Doctorate,N,N,417,1838,West,733.98,Year,Y,Certified
EZYV21744,Asia,Master's,Y,N,1239,2013,Midwest,25708.82,Year,Y,Certified
EZYV2129,Asia,Master's,Y,N,5213,2001,Northeast,64544.76,Year,Y,Certified
EZYV22510,Asia,Doctorate,Y,N,4164,2004,South,78432.07,Year,Y,Certified
EZYV9698,Oceania,Bachelor's,Y,N,183,1920,Northeast,141712.93,Year,Y,Certified
EZYV3419,North America,High School,N,N,1470,2008,Northeast,125.4,Hour,Y,Denied
EZYV15290,Asia,Bachelor's,Y,N,2323,2007,West,45352.22,Year,Y,Denied
EZYV13790,North America,Bachelor's,Y,N,5301,2013,Northeast,2791.15,Year,Y,Certified
EZYV24828,Asia,Bachelor's,Y,N,4810,2008,Northeast,12225.72,Year,Y,Certified
EZYV3518,Europe,Master's,Y,N,3392,1902,South,182630.28,Year,Y,Certified
EZYV103,Asia,Bachelor's,Y,N,224,2008,Midwest,80253.78,Year,Y,Certified
EZYV24166,Asia,High School,N,N,2054,2008,South,142390.45,Year,N,Certified
EZYV21679,Asia,Master's,Y,Y,64658,1973,West,66824.43,Year,Y,Certified
EZYV18806,Asia,Master's,N,N,1510,1991,South,110542.93,Year,Y,Certified
EZYV14005,Asia,Bachelor's,N,N,794,2004,South,121924.96,Year,Y,Denied
EZYV6384,Europe,Doctorate,N,N,4761,1898,Midwest,123856.7,Year,Y,Certified
EZYV10902,Asia,Bachelor's,N,Y,1795,1983,South,58994.27,Year,Y,Certified
EZYV22302,Asia,Doctorate,Y,N,1635,1996,South,116722.19,Year,Y,Certified
EZYV6371,Asia,Bachelor's,N,N,2322,2011,West,37858.43,Year,Y,Certified
EZYV1676,Asia,Bachelor's,Y,N,3598,1921,Northeast,99875.92,Year,Y,Certified
EZYV14375,Europe,Master's,Y,N,133,1908,Midwest,42285.94,Year,Y,Certified
EZYV11487,North America,Bachelor's,Y,N,104636,1995,Northeast,54337.0,Year,Y,Denied
EZYV5091,Asia,High School,N,N,2722,1995,Northeast,14.9093,Hour,Y,Denied
EZYV15663,Asia,High School,Y,N,1936,1948,West,76140.02,Year,Y,Denied
EZYV232,Asia,Master's,Y,N,1935,1989,Northeast,112881.33,Year,Y,Certified
EZYV19604,Asia,Master's,Y,N,873,1998,Midwest,14274.91,Year,Y,Certified
EZYV24448,Asia,Bachelor's,Y,N,471,1977,Northeast,57773.42,Year,Y,Certified
EZYV7616,Asia,Doctorate,Y,Y,700,1902,West,103029.79,Year,Y,Certified
EZYV17410,Asia,Bachelor's,Y,N,838,1992,Northeast,63596.73,Year,Y,Certified
EZYV24188,Europe,High School,N,Y,1656,1987,West,95074.95,Year,Y,Certified
EZYV5115,Asia,Bachelor's,Y,N,206389,1971,South,96786.1,Year,Y,Denied
EZYV1918,Asia,Master's,N,N,2063,1868,Midwest,122561.09,Year,Y,Certified
EZYV15952,North America,Bachelor's,N,Y,677,1983,South,116463.99,Year,Y,Certified
EZYV14866,Asia,Master's,Y,N,5071,1993,West,82083.56,Year,Y,Certified
EZYV8657,Asia,Master's,Y,N,2688,2007,Midwest,84754.78,Year,N,Certified
EZYV7513,Asia,Bachelor's,Y,N,1398,2007,Northeast,9113.92,Year,Y,Certified
EZYV13185,Asia,Master's,N,N,112,1995,Midwest,50563.16,Year,Y,Certified
EZYV17083,Europe,Master's,Y,N,3530,2009,Northeast,2187.88,Year,Y,Certified
EZYV18004,Asia,Master's,Y,N,2030,1991,Northeast,26317.22,Year,Y,Certified
EZYV1062,Asia,Master's,Y,N,1144,1983,Northeast,59171.31,Year,Y,Certified
EZYV10741,Asia,Bachelor's,N,N,1245,1998,West,70210.23,Year,Y,Denied
EZYV6907,North America,Doctorate,Y,Y,2052,1996,Midwest,70420.68,Year,Y,Certified
EZYV5138,Asia,Doctorate,Y,N,1274,2006,Northeast,99601.76,Year,Y,Certified
EZYV24909,Asia,Master's,Y,N,3976,2002,South,66740.65,Year,Y,Certified
EZYV9058,North America,Master's,Y,N,2284,2005,West,81502.59,Year,Y,Denied
EZYV22018,North America,Master's,N,N,23324,2003,South,75227.06,Year,Y,Certified
EZYV25114,Asia,Master's,Y,N,4447,1911,West,70006.4,Year,Y,Denied
EZYV12364,Asia,Master's,Y,N,2681,1920,West,115142.83,Year,Y,Certified
EZYV23976,Europe,Bachelor's,Y,N,5485,2009,Northeast,78756.94,Year,Y,Certified
EZYV12971,Asia,Master's,N,N,1802,2016,Northeast,84286.71,Year,N,Denied
EZYV23920,Asia,Bachelor's,N,N,63,1934,South,68621.97,Year,Y,Certified
EZYV6332,Asia,Master's,Y,N,992,1971,Midwest,112981.74,Year,Y,Certified
EZYV6100,Europe,High School,Y,N,1258,1970,West,12503.66,Year,Y,Denied
EZYV13532,North America,Master's,Y,N,861,1875,Midwest,88561.19,Year,N,Denied
EZYV24402,Asia,Bachelor's,N,N,291,2004,South,16948.25,Year,Y,Certified
EZYV3366,Europe,Doctorate,Y,N,409,2012,South,86596.17,Year,Y,Certified
EZYV10440,Asia,Master's,Y,N,2714,1980,West,48929.42,Year,Y,Certified
EZYV13524,Asia,Master's,N,N,5555,1986,West,101981.7,Year,Y,Denied
EZYV14241,Asia,Master's,Y,N,2402,1901,South,52372.19,Year,Y,Certified
EZYV4077,Asia,Bachelor's,N,N,1174,2002,Northeast,95819.25,Year,Y,Denied
EZYV9594,Asia,Master's,N,N,2215,2001,Midwest,95806.57,Year,Y,Certified
EZYV736,Africa,Master's,Y,N,1838,1990,Midwest,112102.98,Year,Y,Certified
EZYV24706,North America,High School,N,N,631,2005,South,60349.64,Year,Y,Denied
EZYV23646,South America,Bachelor's,Y,Y,1360,2004,West,116471.03,Year,Y,Certified
EZYV13624,Asia,Master's,Y,N,581,1984,South,126379.02,Year,N,Denied
EZYV8824,Asia,Doctorate,N,Y,1458,1998,West,36330.54,Year,Y,Certified
EZYV15592,Asia,High School,N,N,1342,1984,Midwest,124960.86,Year,Y,Denied
EZYV23394,Asia,Master's,N,N,500,2010,Northeast,121427.51,Year,Y,Certified
EZYV4365,Asia,Bachelor's,Y,N,17558,1997,Midwest,50200.5,Year,Y,Certified
EZYV12778,Asia,Bachelor's,N,Y,613,1941,West,34306.4,Year,Y,Certified
EZYV19060,Africa,Doctorate,Y,Y,14146,1804,West,11187.53,Year,Y,Denied
EZYV22286,Asia,Master's,Y,N,3899,2012,Northeast,62625.99,Year,N,Certified
EZYV5973,Asia,Bachelor's,N,N,1654,1977,Northeast,124082.68,Year,Y,Denied
EZYV7890,Asia,Master's,Y,N,236,1998,Northeast,104491.79,Year,Y,Certified
EZYV24275,Asia,Bachelor's,Y,N,376,1999,West,78352.3,Year,Y,Certified
EZYV4205,Europe,Doctorate,N,N,3392,1999,West,31648.06,Year,Y,Certified
EZYV3250,Asia,Bachelor's,Y,N,1709,1873,South,962.7197,Hour,Y,Certified
EZYV11770,Africa,Bachelor's,Y,N,8824,1855,West,474.9025,Hour,Y,Denied
EZYV10731,Asia,Master's,Y,N,1260,1994,South,79706.11,Year,Y,Certified
EZYV3526,Africa,Master's,Y,N,3142,2004,Northeast,15477.77,Year,Y,Certified
EZYV24590,Europe,Master's,N,Y,4815,1999,Northeast,26365.08,Year,Y,Certified
EZYV1943,North America,High School,Y,N,2950,1999,West,17916.46,Year,Y,Certified
EZYV24305,Asia,Bachelor's,Y,N,5427,1849,West,223673.34,Year,Y,Certified
EZYV14893,Asia,Master's,N,N,1860,2000,West,518.3827,Hour,Y,Denied
EZYV14411,Asia,Bachelor's,Y,N,4312,2007,West,30307.23,Year,Y,Certified
EZYV15933,North America,Master's,Y,N,4461,1938,Northeast,151375.9,Year,Y,Denied
EZYV16447,Asia,Master's,N,N,2094,2001,South,83580.27,Year,Y,Certified
EZYV11447,Asia,Master's,N,N,2635,1963,Northeast,126258.45,Year,Y,Denied
EZYV23810,Europe,Bachelor's,Y,N,2458,1969,West,91075.42,Year,Y,Certified
EZYV25260,Asia,Bachelor's,Y,N,1530,2007,South,218094.61,Year,Y,Certified
EZYV5505,Asia,Master's,Y,N,5991,2003,Midwest,52931.38,Year,Y,Certified
EZYV24012,Europe,Doctorate,Y,N,1455,2004,South,50288.46,Year,Y,Certified
EZYV20942,Asia,Master's,Y,N,368,1968,Northeast,121400.82,Year,Y,Certified
EZYV5944,Asia,Master's,N,N,4576,2001,Northeast,52750.56,Year,Y,Certified
EZYV22238,Asia,Master's,Y,N,849,1990,South,24968.6,Year,Y,Certified
EZYV477,North America,Doctorate,Y,N,467,1959,South,43697.94,Year,Y,Certified
EZYV661,Africa,Doctorate,Y,N,2563,1986,Northeast,52672.96,Year,Y,Certified
EZYV3622,Asia,Bachelor's,N,N,536,1928,West,63811.81,Year,Y,Denied
EZYV2023,Europe,Doctorate,N,N,4797,2010,West,54713.87,Year,Y,Certified
EZYV16177,Africa,Doctorate,Y,N,3524,1885,South,180939.8,Year,Y,Certified
EZYV12935,Europe,Master's,N,N,830,1979,Midwest,40971.57,Year,Y,Certified
EZYV3898,Asia,Bachelor's,Y,N,470,1824,Northeast,70729.85,Week,Y,Denied
EZYV5778,Asia,Bachelor's,Y,N,843,2003,West,148221.54,Year,Y,Certified
EZYV9769,Asia,Bachelor's,Y,N,3676,2004,Northeast,97816.29,Year,Y,Certified
EZYV15160,Asia,Bachelor's,Y,N,1409,2000,West,47177.01,Year,Y,Denied
EZYV9448,Asia,Master's,Y,N,1938,1985,South,262556.25,Year,Y,Certified
EZYV25359,Asia,Bachelor's,N,N,4423,2004,South,126778.92,Year,Y,Certified
EZYV18487,North America,High School,Y,N,1014,2005,West,90373.6,Year,Y,Certified
EZYV10302,Asia,Master's,Y,N,462,1845,Northeast,207367.24,Year,N,Denied
EZYV13904,Asia,Bachelor's,Y,N,1673,2001,Northeast,77435.87,Year,Y,Denied
EZYV6799,North America,Bachelor's,Y,N,2009,1969,Northeast,136851.74,Year,Y,Certified
EZYV9863,Asia,Bachelor's,Y,N,809,1991,Midwest,79532.62,Year,Y,Certified
EZYV14119,Asia,Master's,N,N,2920,1993,Midwest,108239.87,Year,Y,Certified
EZYV18532,South America,Master's,Y,N,320,2010,Midwest,879.4298,Hour,Y,Denied
EZYV17450,Asia,Master's,Y,N,2646,1965,Midwest,99154.55,Year,Y,Certified
EZYV17369,Asia,Bachelor's,Y,Y,2326,2011,West,78000.73,Year,Y,Certified
EZYV18323,Asia,Bachelor's,Y,N,3149,1996,South,36114.46,Year,Y,Certified
EZYV15816,Europe,Master's,N,N,3025,1979,Midwest,90563.82,Year,Y,Certified
EZYV14122,Asia,Bachelor's,Y,N,22799,2006,Northeast,131599.5,Year,Y,Certified
EZYV20156,South America,Bachelor's,Y,N,3357,1976,South,140767.43,Year,Y,Certified
EZYV21928,Asia,Doctorate,N,Y,1510,2005,West,21908.88,Year,Y,Certified
EZYV16384,Asia,Master's,Y,N,2920,1999,Midwest,59726.06,Year,Y,Certified
EZYV22568,Europe,Doctorate,Y,N,4596,1951,South,58706.21,Year,Y,Certified
EZYV3436,Asia,Bachelor's,Y,N,3184,1990,South,144055.13,Year,Y,Certified
EZYV1912,Asia,Master's,Y,N,473,1989,Northeast,88459.77,Year,Y,Certified
EZYV24893,Asia,Master's,Y,N,6089,1962,South,136765.18,Year,Y,Certified
EZYV1291,Asia,Bachelor's,N,Y,2355,1978,South,132718.69,Year,Y,Certified
EZYV5640,Asia,Master's,N,N,2601,1933,West,85283.88,Year,Y,Certified
EZYV1002,Asia,Master's,Y,N,995,1988,Northeast,173345.71,Year,N,Certified
EZYV9717,Asia,Bachelor's,N,N,317,1983,Midwest,13713.74,Year,Y,Certified
EZYV12870,Asia,High School,Y,N,2981,2006,Northeast,110582.48,Year,Y,Denied
EZYV4111,North America,Bachelor's,Y,N,4519,2001,West,53833.15,Year,Y,Denied
EZYV21089,Asia,Bachelor's,Y,N,3396,2012,South,44070.67,Year,Y,Certified
EZYV4556,South America,Bachelor's,N,N,3285,1997,West,2530.09,Year,Y,Denied
EZYV23009,Asia,Bachelor's,N,N,1285,1999,West,80544.5,Year,Y,Certified
EZYV24569,Asia,Bachelor's,N,Y,1374,1978,South,43614.66,Year,Y,Certified
EZYV2800,Asia,Master's,Y,Y,1236,1948,South,85624.24,Year,Y,Certified
EZYV20696,Asia,Master's,Y,N,2542,2006,Midwest,47894.36,Year,Y,Certified
EZYV1017,Asia,Bachelor's,Y,N,2795,2008,West,68950.79,Year,Y,Certified
EZYV17781,Asia,Master's,N,N,1625,2004,West,132770.9,Year,Y,Certified
EZYV14835,North America,Bachelor's,Y,N,2291,2001,Northeast,112752.97,Year,Y,Denied
EZYV21990,North America,Master's,N,N,1043,1838,Midwest,363.8169,Hour,Y,Denied
EZYV11839,Asia,Bachelor's,Y,N,1897,1965,West,115798.35,Year,Y,Denied
EZYV12691,Asia,Bachelor's,Y,N,1293,2005,Island,105451.04,Year,Y,Denied
EZYV4662,Asia,Master's,N,N,2424,1972,Northeast,51215.28,Year,N,Denied
EZYV16044,Asia,Master's,N,N,2103,1998,South,470.8494,Hour,Y,Certified
EZYV12131,Asia,Bachelor's,N,N,25436,2000,Northeast,195.0526,Hour,Y,Denied
EZYV17101,Asia,Bachelor's,Y,N,2998,1998,West,112896.31,Year,Y,Denied
EZYV20329,Europe,Doctorate,Y,N,1688,2004,West,159301.53,Year,Y,Certified
EZYV13017,Asia,Master's,Y,N,80,1992,Northeast,88980.92,Year,Y,Certified
EZYV8165,Asia,Bachelor's,N,Y,248,2007,South,226.0,Hour,Y,Certified
EZYV20941,North America,Bachelor's,N,N,608,2009,West,378.1946,Hour,Y,Denied
EZYV22124,Europe,Master's,N,N,962,1855,Midwest,76679.28,Year,Y,Certified
EZYV1008,Asia,Master's,N,N,2359,1996,Midwest,112264.84,Year,Y,Certified
EZYV20214,Asia,High School,N,N,5203,2001,South,792.1299,Hour,Y,Certified
EZYV437,Asia,High School,Y,Y,374,1911,West,27132.34,Year,Y,Denied
EZYV16324,Asia,Bachelor's,N,N,3719,1997,West,109359.52,Year,Y,Certified
EZYV18402,Asia,Bachelor's,Y,N,4537,1968,Northeast,224523.8,Year,Y,Denied
EZYV7107,Asia,Bachelor's,N,N,1049,2008,West,55895.49,Year,Y,Denied
EZYV16227,Asia,Bachelor's,Y,N,1673,2006,West,67018.14,Year,Y,Denied
EZYV23902,Asia,Bachelor's,N,N,4909,1979,West,3552.16,Year,Y,Denied
EZYV7065,Asia,Master's,Y,Y,1116,1997,South,115195.76,Year,Y,Certified
EZYV18464,Africa,Master's,Y,N,2746,2005,Midwest,140448.86,Year,Y,Certified
EZYV1161,Asia,Bachelor's,N,N,5190,2007,West,38556.23,Year,Y,Denied
EZYV18577,Europe,Bachelor's,N,N,4661,1952,South,29852.69,Year,Y,Denied
EZYV17965,South America,Bachelor's,N,N,2130,2014,Northeast,117.59,Hour,Y,Denied
EZYV15083,North America,High School,Y,N,3245,1953,Northeast,153157.61,Year,Y,Denied
EZYV5190,Asia,High School,Y,N,1036,1976,West,24871.24,Year,Y,Denied
EZYV18246,Asia,Master's,Y,Y,1679,1973,West,163690.44,Year,Y,Certified
EZYV10097,Asia,High School,N,N,2803,1929,Midwest,71538.02,Year,Y,Denied
EZYV4687,Asia,Bachelor's,N,N,1331,2015,Midwest,145688.5,Year,Y,Denied
EZYV22108,North America,Bachelor's,Y,N,1550,2000,West,81140.77,Year,N,Certified
EZYV11186,Asia,Bachelor's,N,N,1824,1939,West,88678.65,Year,Y,Denied
EZYV15563,Asia,Bachelor's,Y,N,4678,2001,Northeast,68330.23,Year,Y,Certified
EZYV5768,Asia,Bachelor's,Y,N,2601,2004,Northeast,14291.6,Year,Y,Certified
EZYV1174,North America,Master's,N,N,533,1998,West,660.6679,Hour,Y,Denied
EZYV11422,Asia,High School,Y,N,988,1963,South,120960.98,Year,Y,Denied
EZYV6399,Asia,Master's,Y,N,3120,2001,West,16891.35,Year,Y,Certified
EZYV8312,Asia,Master's,Y,N,3961,2007,West,5490.31,Year,Y,Certified
EZYV12440,North America,High School,N,N,593,2011,Northeast,903.3807,Hour,Y,Denied
EZYV12298,Asia,Master's,N,N,3377,2007,Northeast,68210.37,Year,N,Certified
EZYV10091,Asia,High School,Y,N,3580,2009,Northeast,25359.63,Year,Y,Denied
EZYV5375,North America,Bachelor's,N,N,2108,1984,Northeast,89099.17,Year,Y,Denied
EZYV12054,Asia,Bachelor's,Y,N,3549,2005,West,82920.34,Year,Y,Certified
EZYV2544,Asia,High School,Y,N,971,1920,Midwest,78350.26,Year,Y,Certified
EZYV1030,Asia,High School,N,N,1498,1869,South,84393.44,Year,Y,Certified
EZYV1641,Africa,Bachelor's,Y,Y,7833,2001,Midwest,106043.78,Year,Y,Certified
EZYV2632,Asia,Doctorate,N,N,3520,1889,Midwest,51596.56,Year,Y,Denied
EZYV1435,Asia,High School,Y,Y,330,1886,South,119692.85,Year,Y,Certified
EZYV8587,Asia,Bachelor's,Y,Y,1155,1998,South,34729.07,Year,Y,Certified
EZYV8345,Europe,Bachelor's,Y,N,2142,1871,West,20170.59,Year,Y,Certified
EZYV18196,Europe,Doctorate,Y,N,2371,1994,Northeast,116331.89,Year,Y,Denied
EZYV19237,Europe,Master's,Y,N,2329,1889,West,9822.94,Year,Y,Certified
EZYV21987,Asia,Master's,N,N,2197,2003,South,119963.88,Year,Y,Certified
EZYV6428,Asia,High School,Y,N,1589,2014,Midwest,120493.98,Year,Y,Denied
EZYV3357,Asia,Bachelor's,Y,N,4959,1947,South,73108.42,Week,Y,Certified
EZYV14380,Asia,Master's,Y,N,45044,2006,Midwest,89370.48,Year,Y,Certified
EZYV19349,Asia,Bachelor's,Y,N,3240,1998,Northeast,51609.55,Year,Y,Denied
EZYV22387,Asia,Master's,N,Y,2066,1843,South,169536.05,Year,Y,Denied
EZYV5042,Asia,Bachelor's,N,Y,1452,1922,West,7773.02,Year,Y,Denied
EZYV16019,Oceania,Master's,Y,N,1373,2003,Midwest,49705.63,Year,Y,Certified
EZYV17984,Asia,Bachelor's,N,N,-26,2004,South,84359.98,Year,Y,Denied
EZYV11523,Asia,Master's,N,N,3251,2007,Northeast,69089.42,Year,N,Denied
EZYV18662,Asia,High School,Y,N,3627,2005,West,48140.38,Year,Y,Certified
EZYV10019,Europe,Bachelor's,N,Y,176,1998,West,12317.29,Year,Y,Certified
EZYV2856,Europe,Doctorate,N,N,3009,2012,Northeast,81812.39,Year,Y,Certified
EZYV12518,North America,Master's,N,N,1040,2013,Midwest,59418.14,Year,Y,Certified
EZYV12128,Asia,Master's,Y,N,4502,1845,Northeast,154279.02,Year,Y,Certified
EZYV5743,Asia,High School,N,N,3771,1920,Midwest,109251.92,Year,Y,Denied
EZYV10297,Asia,High School,Y,N,1616,1987,Midwest,149907.39,Year,Y,Denied
EZYV20647,Asia,Doctorate,Y,N,1278,2005,South,110363.08,Year,Y,Certified
EZYV19812,Asia,Doctorate,Y,N,1987,1991,South,116526.85,Year,Y,Certified
EZYV17698,Europe,Bachelor's,N,N,2630,2002,West,106730.53,Year,Y,Certified
EZYV6420,North America,High School,Y,N,685,1883,West,93690.16,Year,Y,Certified
EZYV13402,Asia,Master's,N,N,2818,1970,South,364.3584,Hour,Y,Denied
EZYV23118,South America,Master's,Y,N,910,2006,Midwest,18296.42,Year,Y,Certified
EZYV9478,Asia,Doctorate,Y,N,232,1977,West,108866.67,Year,Y,Certified
EZYV3486,North America,Bachelor's,Y,N,1256,1970,West,39534.57,Week,Y,Denied
EZYV5093,Europe,High School,Y,N,3702,1997,South,83870.21,Year,Y,Denied
EZYV13649,North America,Bachelor's,Y,N,6211,1983,Northeast,64576.49,Year,Y,Certified
EZYV22085,North America,Bachelor's,Y,N,-14,1980,West,691.0609,Hour,Y,Denied
EZYV23494,Asia,Master's,N,N,1652,2010,Midwest,80470.58,Year,Y,Certified
EZYV3894,Asia,Master's,Y,N,11743,1990,Northeast,34151.33,Year,Y,Certified
EZYV13631,Europe,High School,Y,Y,949,1986,Northeast,147382.29,Year,Y,Denied
EZYV10490,Asia,High School,N,N,998,1890,Midwest,31217.75,Year,Y,Denied
EZYV988,Asia,Master's,Y,N,3329,1983,Northeast,144548.82,Year,Y,Certified
EZYV9766,Asia,Master's,N,N,893,1979,Midwest,278708.4,Year,Y,Certified
EZYV20291,Asia,Master's,N,N,252500,2004,Midwest,50696.79,Year,Y,Certified
EZYV9216,Asia,Master's,Y,N,4475,1996,Midwest,106848.01,Year,N,Certified
EZYV14480,Asia,High School,Y,N,2526,2002,South,110742.13,Year,Y,Denied
EZYV20042,Asia,Master's,Y,N,1983,1941,South,284205.22,Year,Y,Certified
EZYV12804,Asia,Bachelor's,N,N,3928,2014,Midwest,73179.26,Year,Y,Certified
EZYV965,North America,Master's,N,N,3323,2007,West,32421.05,Year,Y,Denied
EZYV5177,Asia,Bachelor's,N,N,486,1987,Northeast,78104.83,Year,Y,Certified
EZYV22365,Asia,Master's,N,N,1418,1981,Midwest,41833.39,Year,Y,Certified
EZYV25445,South America,Master's,Y,N,1081,1838,Northeast,156.607,Hour,Y,Certified
EZYV20823,North America,Master's,N,N,2098,1955,South,94538.24,Year,N,Certified
EZYV6930,Asia,Master's,N,N,3580,1994,West,68941.1,Year,Y,Certified
EZYV6806,North America,Bachelor's,Y,N,4876,2006,West,57116.9,Year,N,Certified
EZYV8234,South America,Bachelor's,Y,N,21797,2008,Northeast,77.2403,Hour,Y,Denied
EZYV7292,Europe,Bachelor's,Y,N,3952,2000,West,143572.62,Year,Y,Denied
EZYV18866,Asia,Master's,Y,N,86873,1994,West,80962.43,Year,Y,Denied
EZYV13808,North America,Doctorate,Y,N,599,1841,Northeast,83582.73,Year,Y,Denied
EZYV24660,Asia,Bachelor's,N,N,841,1983,West,192.5117,Hour,Y,Denied
EZYV17809,Asia,Bachelor's,N,N,3925,1838,Northeast,112376.07,Year,Y,Denied
EZYV2624,Asia,Master's,N,N,1373,2013,Midwest,96369.53,Year,Y,Denied
EZYV18584,Asia,Bachelor's,Y,N,4722,1986,West,166845.91,Year,Y,Certified
EZYV25267,Europe,Bachelor's,N,Y,1892,1986,South,3445.4,Year,Y,Certified
EZYV12214,Asia,Master's,Y,N,4255,1968,South,41023.77,Year,N,Denied
EZYV4691,Asia,High School,Y,N,3789,2008,Island,129695.24,Year,Y,Denied
EZYV18172,Europe,Doctorate,Y,N,4368,1997,Northeast,30866.77,Year,Y,Denied
EZYV18546,Asia,Bachelor's,N,N,1079,1860,West,30254.9,Year,N,Denied
EZYV11450,North America,Master's,Y,N,5735,2003,West,861.22,Year,N,Denied
EZYV12159,Asia,Bachelor's,N,N,2999,2010,Northeast,61481.73,Year,Y,Certified
EZYV9217,Africa,Bachelor's,N,N,893,1979,West,117406.94,Year,Y,Certified
EZYV5429,Asia,Master's,N,N,377,2004,Midwest,94746.85,Year,N,Certified
EZYV18954,Asia,High School,N,N,1905,2005,South,108236.71,Year,N,Certified
EZYV15646,Asia,Bachelor's,N,N,3311,2005,Midwest,123565.21,Year,Y,Certified
EZYV2704,Asia,High School,N,N,8622,1874,Midwest,77257.01,Year,Y,Denied
EZYV14207,Asia,Bachelor's,Y,N,3624,2013,Northeast,50508.62,Year,N,Certified
EZYV2948,Asia,High School,Y,N,1587,1995,Northeast,106941.76,Year,Y,Denied
EZYV22169,Asia,Master's,Y,N,1079,1994,South,55512.44,Week,Y,Certified
EZYV10308,Asia,Master's,N,Y,572,2013,South,198620.39,Year,Y,Certified
EZYV12869,Asia,Master's,N,Y,1308,1993,South,90203.77,Year,Y,Denied
EZYV19282,Asia,Bachelor's,N,Y,356,2011,West,67709.84,Year,Y,Certified
EZYV1603,North America,Bachelor's,Y,N,5725,1984,South,55680.67,Year,Y,Certified
EZYV19600,Europe,Bachelor's,N,N,2459,1983,Midwest,166149.05,Year,Y,Certified
EZYV14666,Europe,Bachelor's,Y,N,67441,1997,West,44342.91,Year,Y,Certified
EZYV21296,North America,Master's,N,N,4592,2005,South,19782.1,Year,N,Certified
EZYV2491,Asia,Master's,Y,N,5303,1946,West,149794.75,Year,Y,Certified
EZYV15846,Asia,Master's,N,N,1203,1954,Northeast,31868.44,Week,Y,Certified
EZYV17500,Europe,High School,Y,Y,82,1909,West,63472.81,Year,Y,Denied
EZYV10401,North America,Bachelor's,N,Y,4555,1995,West,53388.73,Year,Y,Denied
EZYV17935,Asia,High School,N,N,2104,1982,Midwest,834.0803,Hour,Y,Denied
EZYV4383,Asia,Doctorate,Y,N,5253,1988,South,12649.43,Year,Y,Certified
EZYV4089,Europe,Master's,N,Y,308,2000,South,113839.18,Year,Y,Certified
EZYV20117,Asia,High School,N,N,382,1992,South,46454.31,Year,Y,Certified
EZYV2049,Asia,Bachelor's,Y,N,3163,2004,South,95418.65,Year,Y,Certified
EZYV14995,Asia,Master's,Y,N,710,1993,Northeast,81665.79,Year,N,Certified
EZYV3862,Asia,Bachelor's,Y,N,492,1976,South,61300.75,Year,Y,Denied
EZYV4974,Asia,Master's,N,N,781,1868,Northeast,85701.17,Year,Y,Certified
EZYV22181,Europe,Master's,N,N,1819,1996,West,109442.84,Year,Y,Certified
EZYV5479,Asia,Bachelor's,Y,N,633,2003,Midwest,75427.84,Year,Y,Certified
EZYV22034,Europe,Bachelor's,N,Y,3464,1999,South,50468.0,Year,Y,Certified
EZYV21824,North America,Bachelor's,Y,N,357,1994,West,889.6182,Hour,Y,Denied
EZYV5018,Asia,Bachelor's,N,Y,334,1999,South,67175.1,Year,Y,Certified
EZYV4092,Europe,Doctorate,N,Y,2311,2007,Northeast,8213.82,Year,Y,Certified
EZYV11180,Asia,Bachelor's,Y,N,2556,1992,Island,51775.82,Year,Y,Certified
EZYV2404,Asia,High School,Y,Y,1411,2009,West,75107.37,Year,Y,Denied
EZYV13435,Asia,Master's,N,N,1002,2007,South,129862.7,Year,N,Certified
EZYV22702,Europe,Bachelor's,N,N,3219,1977,Northeast,226.1194,Hour,Y,Denied
EZYV2961,North America,Bachelor's,N,Y,2586,1975,West,59128.24,Year,Y,Denied
EZYV3820,Asia,Master's,Y,N,1091,1997,Midwest,90166.19,Year,Y,Certified
EZYV21626,Asia,Master's,Y,N,2300,1941,Midwest,157631.87,Year,N,Certified
EZYV23489,Asia,Master's,Y,N,101,1989,Midwest,47744.45,Year,Y,Certified
EZYV24650,Asia,Bachelor's,Y,N,1905,2013,South,35925.72,Year,Y,Certified
EZYV15549,Asia,High School,Y,N,3092,1984,South,87204.19,Year,Y,Denied
EZYV17715,Asia,Master's,N,N,1913,2005,Northeast,212457.11,Year,N,Certified
EZYV10400,Asia,Bachelor's,Y,N,1048,2009,Northeast,92089.7,Year,Y,Certified
EZYV4575,Asia,Master's,N,N,111,1985,Midwest,41126.98,Year,Y,Denied
EZYV20477,Asia,Bachelor's,N,N,405,1965,South,109743.64,Year,Y,Denied
EZYV6697,North America,Doctorate,Y,N,33187,1984,West,63251.61,Year,Y,Certified
EZYV21817,Asia,Master's,N,N,2193,1993,West,9387.0,Year,Y,Denied
EZYV16816,Europe,Master's,Y,N,329,2002,South,130415.0,Year,Y,Certified
EZYV15758,Asia,Bachelor's,Y,N,4458,1853,Midwest,44859.32,Year,Y,Certified
EZYV9854,South America,Master's,N,N,923,1964,Midwest,33452.15,Year,N,Certified
EZYV4348,Asia,High School,N,N,2740,2011,Midwest,80350.45,Year,Y,Denied
EZYV22235,Asia,Bachelor's,Y,N,3941,2009,Midwest,63380.39,Year,Y,Certified
EZYV15134,South America,Doctorate,N,N,585,1999,Northeast,20289.88,Year,Y,Certified
EZYV6908,Asia,Bachelor's,Y,N,2743,1954,South,109641.6,Year,Y,Certified
EZYV8530,North America,Bachelor's,Y,N,726,2006,West,70217.86,Year,Y,Certified
EZYV1899,Asia,Master's,Y,N,2009,2010,West,1508.72,Year,Y,Certified
EZYV22396,North America,Master's,Y,N,2914,1896,South,117402.45,Year,N,Denied
EZYV16463,South America,Bachelor's,N,N,14330,2008,Northeast,49479.31,Year,Y,Denied
EZYV24268,Europe,Doctorate,Y,Y,4192,1855,West,12932.2,Year,Y,Certified
EZYV11625,Asia,Bachelor's,Y,N,5766,2010,West,427.14,Year,Y,Certified
EZYV21523,Asia,Bachelor's,Y,N,3270,2010,West,49390.67,Week,Y,Certified
EZYV17207,Asia,Bachelor's,N,Y,188,2009,South,10420.6,Year,Y,Certified
EZYV4121,Asia,Doctorate,N,N,421062,1958,Northeast,98970.58,Year,Y,Denied
EZYV13053,North America,Bachelor's,Y,N,2544,1979,West,41933.57,Year,Y,Denied
EZYV8567,Asia,Bachelor's,Y,N,1624,2009,Northeast,83247.2,Year,Y,Certified
EZYV8443,Asia,Bachelor's,Y,N,1548,1998,Northeast,112612.86,Year,Y,Certified
EZYV16555,Asia,Bachelor's,Y,N,2067,2001,South,54763.16,Year,Y,Denied
EZYV7093,Europe,Bachelor's,Y,N,914,1986,West,45823.73,Year,Y,Certified
EZYV2675,Asia,Bachelor's,Y,N,865,2006,Northeast,139580.05,Year,Y,Certified
EZYV3642,Asia,Bachelor's,N,N,1961,1998,South,91831.89,Year,Y,Denied
EZYV22548,Asia,Bachelor's,N,N,2584,1973,West,86643.27,Year,Y,Certified
EZYV7546,Asia,Master's,N,N,5289,1981,Midwest,128925.29,Year,Y,Certified
EZYV166,Asia,Master's,Y,N,4190,2006,South,123437.12,Year,N,Certified
EZYV18547,Europe,Bachelor's,Y,N,3638,1885,Northeast,124716.6,Year,Y,Certified
EZYV7939,Asia,Bachelor's,Y,N,1753,1924,Northeast,49643.25,Year,Y,Denied
EZYV25103,Europe,Master's,Y,N,2477,2007,Midwest,64493.93,Year,Y,Certified
EZYV11031,Europe,Bachelor's,N,Y,2991,2001,South,87968.27,Year,Y,Certified
EZYV22280,Asia,Master's,Y,N,2196,1997,West,72204.46,Year,Y,Denied
EZYV7389,Asia,Bachelor's,Y,N,4094,2002,Midwest,114270.3,Year,Y,Certified
EZYV15459,Asia,Bachelor's,Y,N,287,1840,South,783.8797,Hour,Y,Denied
EZYV2496,South America,High School,N,N,248,1960,South,99254.94,Year,Y,Certified
EZYV2758,Europe,Master's,N,Y,1236,2008,West,17940.61,Year,Y,Certified
EZYV13443,Asia,Master's,N,Y,829,2010,West,82751.67,Year,Y,Denied
EZYV22960,Europe,Master's,Y,N,1656,2005,Northeast,109483.2,Year,Y,Certified
EZYV15598,South America,Doctorate,Y,N,84466,1869,Northeast,41360.0,Year,Y,Certified
EZYV18229,Asia,Bachelor's,Y,N,4833,1962,South,80062.37,Year,Y,Certified
EZYV23584,Asia,Bachelor's,N,N,402,2000,Midwest,119866.87,Year,Y,Certified
EZYV23398,Asia,Master's,Y,N,1167,2003,South,42241.49,Year,Y,Certified
EZYV8635,Asia,Bachelor's,Y,N,183,1860,Midwest,110838.69,Year,Y,Certified
EZYV8405,Africa,Master's,N,N,34136,1985,West,38035.33,Year,N,Certified
EZYV13977,North America,Master's,Y,N,1749,1855,Midwest,76004.85,Year,Y,Certified
EZYV24655,Asia,Bachelor's,Y,N,3428,1993,Northeast,50569.89,Year,Y,Denied
EZYV18429,Asia,Bachelor's,N,Y,1093,2007,West,62295.99,Year,Y,Denied
EZYV22490,North America,Master's,Y,N,4750,1902,West,79464.64,Year,Y,Denied
EZYV10251,North America,Master's,N,N,4192,2003,Northeast,26056.56,Year,Y,Certified
EZYV10080,Asia,Master's,Y,N,5136,1981,South,52874.2,Year,Y,Certified
EZYV24068,Europe,High School,N,N,1651,2002,West,261.3887,Hour,Y,Denied
EZYV21805,Asia,High School,Y,N,12,2004,South,53310.41,Year,Y,Denied
EZYV14729,Europe,Master's,N,N,2475,1981,West,46648.0,Year,Y,Certified
EZYV10321,Asia,Master's,Y,Y,3547,2001,West,96560.74,Year,Y,Denied
EZYV15743,Asia,Master's,Y,N,527,2010,Midwest,140753.74,Year,Y,Certified
EZYV15181,Europe,High School,Y,N,26298,1996,South,1925.98,Year,Y,Denied
EZYV2074,North America,Bachelor's,Y,N,2959,2000,Midwest,93839.52,Year,Y,Certified
EZYV23428,Asia,Master's,N,N,2415,2009,South,102809.26,Year,Y,Certified
EZYV8565,Asia,Master's,Y,N,28826,2002,Northeast,65071.4,Year,N,Certified
EZYV7866,Asia,Doctorate,N,N,1725,1960,Northeast,137704.46,Year,N,Certified
EZYV19225,North America,High School,N,N,3922,1983,South,55758.1,Year,N,Certified
EZYV8152,Asia,Master's,N,N,1032,1963,Northeast,134507.5,Year,N,Certified
EZYV21118,Asia,High School,N,N,4507,2003,Midwest,89494.92,Year,Y,Certified
EZYV7657,Africa,Master's,Y,N,14600,1875,West,20348.05,Year,Y,Certified
EZYV14562,Asia,Bachelor's,N,N,1020,2002,Midwest,56530.98,Year,Y,Certified
EZYV12777,Asia,Master's,Y,N,17386,2007,Northeast,34846.88,Year,Y,Certified
EZYV7477,Asia,Master's,Y,N,4033,2010,South,126622.47,Year,Y,Certified
EZYV2665,Asia,Doctorate,Y,N,5357,2004,Northeast,51828.96,Year,Y,Certified
EZYV9705,Asia,Bachelor's,Y,N,2613,1869,West,297.5603,Hour,Y,Certified
EZYV8190,Asia,Bachelor's,Y,N,131192,1962,South,62961.8,Year,Y,Certified
EZYV21301,Asia,Bachelor's,Y,N,1996,1992,Northeast,38726.78,Year,N,Denied
EZYV406,North America,High School,N,N,2290,2015,Northeast,293.3152,Hour,Y,Denied
EZYV5835,Asia,Doctorate,Y,N,1245,1971,South,123360.97,Year,Y,Certified
EZYV12724,Asia,Master's,Y,N,4771,1982,South,29517.03,Year,Y,Certified
EZYV9637,Asia,Doctorate,Y,N,1618,2010,Northeast,114.82,Hour,Y,Certified
EZYV16991,Asia,Bachelor's,N,N,43938,1919,Midwest,117815.59,Year,Y,Certified
EZYV13665,Asia,Bachelor's,Y,N,5535,2009,West,31382.0,Year,Y,Certified
EZYV25211,Asia,Master's,Y,N,1514,1974,West,16840.44,Year,Y,Denied
EZYV7561,Asia,High School,Y,Y,3865,1993,South,15453.27,Year,Y,Denied
EZYV16354,Asia,Master's,N,N,3649,1998,South,64740.62,Year,Y,Denied
EZYV14578,Asia,Bachelor's,Y,N,1861,1984,Northeast,24596.91,Year,Y,Denied
EZYV17664,Asia,Doctorate,N,Y,1850,1999,South,127273.02,Year,Y,Certified
EZYV23564,Asia,Master's,Y,N,1231,1855,Northeast,83734.88,Year,Y,Certified
EZYV11738,North America,Master's,Y,N,802,2006,Northeast,77889.34,Year,Y,Certified
EZYV1598,Europe,Bachelor's,Y,N,25618,1876,Northeast,70432.2,Year,Y,Certified
EZYV4370,Asia,High School,Y,N,1159,1999,Midwest,90347.6,Year,Y,Denied
EZYV23755,North America,Bachelor's,Y,N,3213,1994,West,113528.18,Year,Y,Certified
EZYV18495,Europe,Bachelor's,N,N,4015,2005,South,88282.86,Year,N,Certified
EZYV6986,Europe,Doctorate,N,N,496,2000,West,111075.97,Year,Y,Certified
EZYV20442,Asia,Master's,N,N,1244,1993,West,89003.48,Year,Y,Certified
EZYV23853,Asia,Bachelor's,N,N,5118,1993,South,121765.26,Year,Y,Certified
EZYV20693,Asia,Bachelor's,Y,N,5534,1861,West,35782.83,Year,Y,Certified
EZYV12813,Asia,Bachelor's,Y,N,2800,1955,Northeast,47427.99,Year,Y,Denied
EZYV7274,Europe,Bachelor's,N,N,30328,2001,South,54306.35,Year,Y,Certified
EZYV4608,Asia,High School,Y,Y,8963,2007,Midwest,97741.84,Year,Y,Denied
EZYV7552,Europe,Bachelor's,Y,N,1238,1977,West,13018.28,Year,Y,Denied
EZYV8090,Asia,High School,Y,N,1395,2011,West,719.9582,Hour,Y,Denied
EZYV22300,North America,Bachelor's,N,N,704,1980,South,31204.63,Year,Y,Certified
EZYV4538,Asia,Bachelor's,Y,N,2233,2008,Midwest,164127.41,Year,Y,Certified
EZYV8814,South America,Bachelor's,N,Y,629,1892,West,48539.74,Year,Y,Certified
EZYV1001,Asia,Master's,N,N,1307,1987,Northeast,665.1571,Hour,Y,Denied
EZYV17575,Asia,Master's,N,N,54,1947,South,109.0,Hour,Y,Denied
EZYV10042,Asia,Bachelor's,N,Y,1483,1917,West,72051.91,Year,Y,Denied
EZYV24161,Europe,Doctorate,Y,N,1846,1892,South,169486.76,Year,Y,Certified
EZYV21248,Asia,Bachelor's,Y,N,5799,2002,South,46539.06,Year,Y,Certified
EZYV11968,Asia,Bachelor's,Y,N,2374,1981,West,24810.84,Year,Y,Certified
EZYV2836,Asia,Master's,Y,N,996,2000,South,55029.82,Year,Y,Certified
EZYV10737,Asia,Bachelor's,N,Y,3023,1983,South,100919.11,Year,Y,Denied
EZYV18939,Asia,Bachelor's,N,N,3405,2002,West,68972.06,Year,N,Denied
EZYV10593,Asia,Bachelor's,N,N,1103,1998,West,33573.69,Year,Y,Denied
EZYV4766,Europe,Bachelor's,Y,Y,2651,1864,South,46109.36,Year,Y,Certified
EZYV1988,South America,Master's,N,N,953,2004,Midwest,89747.93,Year,Y,Certified
EZYV9650,Europe,Doctorate,Y,N,3481,2014,West,46551.27,Year,Y,Certified
EZYV3296,Asia,Master's,Y,N,985,2007,Northeast,68751.52,Year,Y,Certified
EZYV5773,Asia,Bachelor's,N,N,4213,1996,South,41554.82,Year,Y,Certified
EZYV12014,Asia,Bachelor's,Y,N,1501,2003,West,84757.56,Year,Y,Denied
EZYV17668,Asia,Bachelor's,N,N,3397,2007,West,134074.52,Year,Y,Certified
EZYV2546,Asia,Bachelor's,Y,N,895,1925,West,89232.98,Year,Y,Certified
EZYV15958,Asia,Bachelor's,N,N,2971,1888,South,100882.4,Year,N,Certified
EZYV4726,Asia,Master's,Y,N,1522,1983,Northeast,113935.99,Year,Y,Certified
EZYV10771,North America,Master's,N,N,2008,2011,Northeast,41882.14,Year,Y,Certified
EZYV13958,Asia,High School,Y,N,1151,2002,Northeast,18204.35,Year,Y,Denied
EZYV17349,Asia,Master's,Y,N,193,1911,Northeast,4709.37,Year,Y,Certified
EZYV20580,North America,Bachelor's,N,N,1923,2005,Northeast,21688.56,Year,Y,Denied
EZYV6104,Asia,Master's,Y,Y,3918,2013,South,61180.06,Year,Y,Certified
EZYV21920,Asia,Master's,N,N,12217,2008,Northeast,130493.92,Year,Y,Certified
EZYV7794,Europe,Bachelor's,N,N,2714,2001,Northeast,38627.38,Year,Y,Certified
EZYV4611,Asia,High School,Y,N,1073,1992,West,34666.36,Year,Y,Denied
EZYV5385,North America,Master's,N,N,4405,1993,Northeast,8.5186,Hour,Y,Denied
EZYV4327,Asia,Bachelor's,Y,N,1710,1911,Midwest,46531.67,Year,Y,Certified
EZYV16773,North America,Master's,N,N,5013,1941,South,121676.81,Year,Y,Denied
EZYV20050,Asia,Master's,Y,N,166,2006,South,85392.63,Year,Y,Certified
EZYV3712,Asia,Bachelor's,N,N,1853,1981,Midwest,70334.36,Year,Y,Denied
EZYV2014,Europe,Master's,Y,N,19672,2000,South,20155.93,Year,Y,Certified
EZYV23984,Asia,Master's,Y,N,1834,1957,Northeast,52436.52,Year,Y,Denied
EZYV14603,Asia,Master's,Y,N,2560,2001,Midwest,106088.47,Year,N,Certified
EZYV8044,Asia,Bachelor's,N,N,2297,1996,West,161675.79,Year,Y,Certified
EZYV10104,North America,Master's,Y,N,1098,1998,West,66810.32,Year,Y,Denied
EZYV17164,Asia,Doctorate,N,N,2469,1943,Midwest,153348.5,Year,Y,Certified
EZYV10193,Asia,Master's,Y,Y,1430,1994,South,18320.82,Year,N,Certified
EZYV2221,Europe,Master's,N,Y,5611,2006,Midwest,178684.36,Year,Y,Certified
EZYV17025,Asia,Master's,N,Y,2458,2008,West,84010.87,Year,Y,Certified
EZYV9074,North America,Master's,Y,N,5213,1901,West,8838.33,Year,Y,Certified
EZYV5699,Asia,High School,Y,N,2317,2011,West,102461.46,Year,Y,Denied
EZYV19037,Asia,Master's,N,N,681,2004,Northeast,19502.72,Year,Y,Certified
EZYV3189,North America,Bachelor's,Y,N,4465,2007,Northeast,59940.9,Year,Y,Certified
EZYV6463,Europe,Doctorate,N,N,1040,1968,Northeast,63826.35,Year,Y,Certified
EZYV8982,North America,Master's,Y,N,5171,1861,South,6796.52,Year,N,Certified
EZYV15343,South America,High School,N,Y,1585,1999,South,174153.73,Year,Y,Denied
EZYV15375,North America,Doctorate,N,N,3019,2012,Midwest,22950.92,Month,N,Certified
EZYV3786,Europe,Master's,N,N,1652,1947,Northeast,105382.74,Year,Y,Certified
EZYV20394,Asia,Bachelor's,N,N,1723,2013,South,130.83,Hour,Y,Certified
EZYV19343,Europe,High School,Y,Y,1432,1883,West,49521.33,Year,Y,Certified
EZYV15863,Asia,Bachelor's,Y,N,1151,1998,South,50131.88,Year,Y,Certified
EZYV1523,Asia,Doctorate,Y,N,802,2002,South,319.36,Year,Y,Certified
EZYV656,Asia,Master's,Y,N,3647,1949,South,24055.39,Year,Y,Certified
EZYV5894,Asia,Master's,N,N,2851,1903,West,236918.29,Year,N,Certified
EZYV22893,Asia,Bachelor's,Y,N,599,2009,South,25364.07,Year,Y,Denied
EZYV763,North America,Bachelor's,Y,N,1551,2012,Island,81707.96,Year,Y,Certified
EZYV8127,Asia,Bachelor's,Y,Y,11007,1975,South,11842.3,Year,Y,Certified
EZYV25201,Asia,Master's,Y,N,530,2002,West,159923.98,Year,N,Denied
EZYV1661,Asia,Bachelor's,N,N,1251,2004,Northeast,112795.28,Year,Y,Denied
EZYV18026,Asia,Master's,N,N,291,1977,South,56585.82,Year,Y,Denied
EZYV3146,Asia,Master's,Y,N,3441,2000,Midwest,79646.42,Year,Y,Certified
EZYV6470,Asia,Bachelor's,N,N,3645,1998,West,52082.45,Year,Y,Denied
EZYV7904,Asia,High School,N,Y,115,2001,Northeast,148367.96,Year,Y,Denied
EZYV18410,Asia,Master's,Y,N,3698,1998,Northeast,130008.01,Year,Y,Denied
EZYV5896,Asia,Master's,Y,N,3740,1856,Northeast,1481.4,Year,Y,Certified
EZYV6282,Asia,High School,N,N,1965,1800,West,80599.04,Year,Y,Denied
EZYV1205,North America,Master's,N,N,968,2013,Midwest,91757.51,Year,Y,Certified
EZYV16451,Asia,Master's,Y,N,4293,1984,West,114265.64,Year,N,Certified
EZYV6867,Europe,Doctorate,N,Y,4376,2000,South,21303.26,Year,Y,Certified
EZYV3516,Asia,Master's,Y,N,3021,1976,West,70404.29,Year,Y,Certified
EZYV7730,Asia,Bachelor's,Y,N,108115,2000,South,51468.55,Year,Y,Certified
EZYV2548,Asia,High School,Y,N,3490,2005,South,56520.43,Month,Y,Certified
EZYV22928,Asia,Bachelor's,Y,N,2491,2003,Northeast,13410.73,Year,Y,Certified
EZYV17031,Africa,Master's,N,N,2402,1896,Northeast,20087.57,Year,Y,Certified
EZYV1511,Asia,Master's,Y,N,4630,2008,Northeast,75492.61,Year,Y,Certified
EZYV18182,Europe,Doctorate,Y,N,2608,1981,Northeast,64224.7,Year,Y,Certified
EZYV4355,Asia,High School,N,N,4273,1851,Northeast,141198.73,Year,Y,Denied
EZYV12152,Asia,Master's,Y,N,490,1968,Northeast,63246.23,Year,Y,Certified
EZYV23740,Europe,Doctorate,Y,N,3114,1986,Northeast,19765.38,Year,Y,Certified
EZYV25177,Asia,Doctorate,Y,N,1844,2013,Midwest,122159.88,Year,Y,Certified
EZYV6090,Asia,Bachelor's,Y,N,2108,1998,Midwest,60579.46,Year,Y,Denied
EZYV25134,Asia,Bachelor's,Y,Y,16399,1994,Midwest,22061.86,Year,Y,Denied
EZYV790,Asia,Master's,N,N,2546,1977,Northeast,868.2749,Hour,N,Denied
EZYV21138,Europe,Doctorate,Y,N,1827,1996,South,25961.02,Year,Y,Certified
EZYV12637,Asia,Bachelor's,N,N,202,2004,South,108313.41,Year,Y,Certified
EZYV10521,Asia,Master's,N,Y,748,1989,Northeast,39582.55,Year,Y,Certified
EZYV12891,North America,Bachelor's,N,N,3518,1888,South,232673.86,Year,N,Certified
EZYV9989,Asia,High School,Y,N,1893,1995,Midwest,120298.28,Year,Y,Denied
EZYV12632,Asia,Bachelor's,Y,N,758,2000,South,153517.8,Year,N,Certified
EZYV839,Africa,Master's,Y,N,1885,1992,West,47639.56,Year,Y,Certified
EZYV9417,Asia,Master's,N,N,877,1871,Northeast,130160.33,Year,Y,Certified
EZYV2114,North America,Master's,Y,N,986,1978,South,79964.56,Year,N,Certified
EZYV25477,Asia,High School,Y,N,3274,2006,Northeast,279174.79,Year,Y,Certified
EZYV15731,Asia,High School,Y,N,47,2002,Midwest,60929.01,Year,Y,Denied
EZYV9605,Asia,Master's,N,N,1218,1999,West,40336.08,Year,Y,Certified
EZYV1558,Europe,Bachelor's,Y,N,938,2007,West,7716.74,Year,Y,Certified
EZYV1406,Asia,Master's,N,N,43838,1920,South,200150.04,Year,Y,Certified
EZYV19851,Asia,High School,Y,N,58550,1947,West,507.9233,Hour,Y,Certified
EZYV10210,Asia,Bachelor's,Y,N,466,1960,West,88553.08,Year,Y,Certified
EZYV16882,Europe,Bachelor's,Y,N,1467,1929,South,71303.86,Year,Y,Certified
EZYV16471,Asia,Bachelor's,Y,N,898,1971,Midwest,121745.24,Year,Y,Denied
EZYV13459,Europe,Master's,N,N,301,2008,South,128.8,Hour,Y,Denied
EZYV20737,Asia,Bachelor's,Y,Y,14578,1999,West,101953.74,Year,Y,Certified
EZYV25431,Asia,Bachelor's,N,N,3414,2000,West,81401.73,Year,Y,Certified
EZYV11930,South America,High School,Y,N,2437,2008,West,22030.65,Year,Y,Denied
EZYV21938,Asia,Bachelor's,Y,N,1926,1931,South,165.0605,Hour,Y,Denied
EZYV19117,Asia,Master's,N,N,2078,2009,Northeast,81081.05,Year,N,Certified
EZYV24577,Asia,High School,N,N,3631,1999,Midwest,97096.04,Year,Y,Certified
EZYV24044,Asia,Master's,N,N,572,1979,South,51374.69,Year,N,Certified
EZYV21097,Asia,Master's,N,N,3283,1979,West,102471.03,Year,Y,Denied
EZYV18671,Asia,Master's,Y,N,1050,2013,West,77253.4,Year,N,Certified
EZYV19021,Asia,Doctorate,Y,N,5422,2006,Northeast,34965.62,Year,Y,Certified
EZYV20065,Asia,High School,N,N,2821,1887,Northeast,102238.39,Year,Y,Denied
EZYV463,Asia,Bachelor's,Y,N,4258,2008,West,40926.81,Year,Y,Certified
EZYV1475,Asia,Master's,Y,N,706,1994,Midwest,58285.07,Year,Y,Certified
EZYV9662,North America,Bachelor's,Y,N,230,1910,South,95074.73,Week,Y,Denied
EZYV7558,Asia,Bachelor's,N,N,284,2014,Midwest,205296.78,Year,Y,Denied
EZYV18453,Asia,High School,Y,N,2347,2008,Midwest,67466.3,Year,Y,Certified
EZYV805,South America,Bachelor's,N,Y,2726,1995,Northeast,119943.88,Year,Y,Denied
EZYV18686,Asia,High School,N,N,1841,1996,Northeast,286.4415,Hour,Y,Denied
EZYV6854,Asia,Bachelor's,N,N,1527,2013,South,38764.07,Year,Y,Denied
EZYV7087,South America,Master's,N,N,4836,1841,South,147.22,Hour,Y,Denied
EZYV8686,Asia,Bachelor's,N,Y,458,1991,South,210625.56,Year,Y,Denied
EZYV17618,Asia,Master's,N,N,328,2007,Midwest,18268.44,Year,Y,Certified
EZYV17860,Asia,Master's,N,N,2379,2013,South,59389.85,Year,Y,Certified
EZYV8031,Oceania,Bachelor's,N,N,2402,2009,Northeast,71136.12,Year,Y,Certified
EZYV21493,Asia,Master's,Y,N,4150,1980,Northeast,13298.79,Year,Y,Certified
EZYV2692,Asia,Master's,Y,N,3684,1984,West,64986.01,Year,Y,Certified
EZYV22214,Asia,Bachelor's,Y,N,1231,1993,Northeast,224.0765,Hour,Y,Denied
EZYV22384,Asia,High School,Y,N,949,2011,West,26590.54,Year,Y,Denied
EZYV19561,Asia,Master's,Y,N,2256,2001,South,95458.87,Year,Y,Certified
EZYV12082,Asia,Bachelor's,N,N,2289,1919,South,8264.22,Month,Y,Denied
EZYV5693,North America,Bachelor's,Y,N,3035,1997,West,92156.56,Year,Y,Certified
EZYV8060,Asia,High School,Y,N,257,1984,Midwest,110840.78,Year,Y,Denied
EZYV9566,South America,Bachelor's,Y,N,1919,1963,West,128927.59,Year,Y,Certified
EZYV6277,Asia,Doctorate,N,Y,1086,2009,Northeast,130175.47,Year,Y,Certified
EZYV2964,Asia,High School,N,N,1038,2000,Midwest,83609.97,Year,Y,Denied
EZYV14971,Asia,Bachelor's,N,Y,582,1998,South,46925.23,Year,Y,Certified
EZYV11194,Asia,Bachelor's,Y,N,1732,1998,Northeast,68763.28,Year,Y,Certified
EZYV10962,Oceania,Master's,N,N,5459,1989,Northeast,107694.32,Year,Y,Certified
EZYV13516,North America,Bachelor's,N,N,5667,2013,South,41668.37,Year,N,Certified
EZYV9089,Asia,Doctorate,Y,N,3367,1993,Northeast,929.2098,Hour,Y,Certified
EZYV3623,Europe,Bachelor's,N,Y,2225,1949,West,122255.17,Year,Y,Certified
EZYV23144,South America,Bachelor's,Y,N,255,1997,West,72022.28,Year,Y,Certified
EZYV16905,North America,Master's,Y,Y,2975,1970,West,80812.5,Year,Y,Denied
EZYV9495,North America,Bachelor's,Y,Y,197,1976,Northeast,142696.27,Month,Y,Certified
EZYV14495,Asia,Master's,N,N,477,1851,Midwest,76972.75,Year,Y,Certified
EZYV2394,Europe,Bachelor's,Y,N,3311,1989,West,7187.5,Year,Y,Certified
EZYV11333,Europe,High School,Y,Y,1065,2007,South,103429.27,Year,Y,Denied
EZYV24177,Asia,Bachelor's,Y,N,2111,1963,Island,101093.77,Year,Y,Certified
EZYV10870,Asia,Master's,Y,N,4100,1996,West,47658.9,Year,Y,Certified
EZYV9576,Asia,High School,Y,N,230,1885,Midwest,77812.78,Year,Y,Denied
EZYV7595,North America,Master's,N,N,4024,2014,South,3145.83,Year,N,Certified
EZYV25038,Africa,Master's,Y,N,123482,1992,Northeast,92305.79,Year,Y,Certified
EZYV22297,North America,Master's,N,N,3714,1965,Northeast,71753.64,Year,N,Certified
EZYV17197,Asia,Master's,Y,N,5260,1997,Northeast,59735.35,Year,Y,Denied
EZYV21882,Asia,Bachelor's,N,N,2012,2010,Midwest,150114.55,Year,Y,Certified
EZYV9761,Asia,Master's,N,N,211,1996,South,144388.88,Year,Y,Certified
EZYV16854,Asia,Bachelor's,Y,N,4176,1946,Midwest,57546.54,Year,Y,Denied
EZYV3595,Asia,Master's,N,N,647,1998,Midwest,59044.8,Year,Y,Denied
EZYV19020,Europe,Master's,Y,N,477,1937,Northeast,82218.08,Year,Y,Certified
EZYV16143,North America,Master's,Y,N,3970,1995,Northeast,134727.08,Year,N,Certified
EZYV6449,Asia,High School,Y,N,2998,1922,Northeast,106705.86,Year,Y,Denied
EZYV24424,Asia,Master's,Y,N,831,1804,South,68640.62,Year,N,Denied
EZYV1908,North America,Bachelor's,N,N,4320,1986,Northeast,39164.11,Year,Y,Denied
EZYV3571,Asia,Bachelor's,N,N,759,1936,West,85562.6,Year,Y,Denied
EZYV23381,Asia,Bachelor's,N,N,1617,1997,South,51444.93,Year,Y,Certified
EZYV8511,Africa,High School,Y,N,3182,2006,Northeast,50090.44,Year,Y,Denied
EZYV4171,Asia,Bachelor's,N,N,2841,2007,South,126031.84,Year,Y,Denied
EZYV18251,Asia,Master's,N,N,2663,1907,South,326.0929,Hour,Y,Denied
EZYV3446,Asia,Master's,Y,N,188,1999,Midwest,82373.85,Year,Y,Certified
EZYV15980,North America,Master's,N,Y,3355,2001,West,53991.06,Year,Y,Denied
EZYV23711,North America,Doctorate,Y,N,727,1938,Northeast,5704.88,Year,Y,Certified
EZYV12920,Asia,Bachelor's,N,N,3889,2001,West,91014.8,Year,Y,Denied
EZYV7323,Asia,Master's,N,N,2103,2013,Midwest,105327.39,Year,Y,Certified
EZYV18968,Europe,Doctorate,Y,N,2623,2012,South,13887.91,Year,Y,Certified
EZYV22583,North America,Master's,Y,N,4233,2007,Northeast,14199.58,Year,Y,Certified
EZYV14205,North America,Doctorate,Y,N,5221,2008,South,18448.08,Year,Y,Certified
EZYV19036,Asia,Bachelor's,Y,N,4050,1833,Northeast,106638.44,Year,Y,Certified
EZYV19275,Asia,Bachelor's,Y,N,4098,1955,Northeast,141521.04,Year,Y,Certified
EZYV8707,Asia,Master's,Y,N,1102,1999,West,244758.73,Year,Y,Certified
EZYV21380,Asia,Bachelor's,Y,N,607,1843,Midwest,117592.17,Year,Y,Denied
EZYV6316,Europe,High School,Y,Y,2197,2012,West,3492.16,Year,Y,Denied
EZYV17059,North America,Master's,Y,N,343,1994,West,120604.41,Year,N,Denied
EZYV1395,Asia,Master's,Y,N,3936,1994,South,73354.98,Year,Y,Certified
EZYV16929,Asia,Master's,N,N,5575,2011,Northeast,63749.51,Year,Y,Certified
EZYV20345,Asia,High School,Y,N,3339,2013,South,793.1,Year,Y,Denied
EZYV829,Asia,Master's,Y,N,2566,1990,Northeast,82062.29,Year,Y,Certified
EZYV3992,Asia,Bachelor's,N,N,3099,2000,Northeast,142681.48,Year,Y,Denied
EZYV7167,Europe,Master's,N,N,5253,1985,West,90522.62,Year,Y,Certified
EZYV16930,Asia,Master's,Y,N,920,1951,West,28309.92,Year,Y,Certified
EZYV21069,Asia,High School,Y,N,1824,2009,South,104161.29,Year,Y,Certified
EZYV5459,Europe,Bachelor's,Y,N,3355,1999,Northeast,40092.86,Year,Y,Certified
EZYV8955,Asia,Master's,Y,N,2318,1989,Northeast,95510.3,Year,Y,Certified
EZYV20313,Asia,High School,Y,N,1679,2010,South,99400.94,Year,Y,Certified
EZYV13921,North America,Master's,N,N,2832,1978,Northeast,146435.45,Year,N,Certified
EZYV15463,Asia,Bachelor's,Y,Y,506,1997,South,113217.08,Year,Y,Certified
EZYV5673,Asia,Bachelor's,N,N,1356,2007,West,204046.37,Year,Y,Denied
EZYV18447,Europe,Doctorate,Y,Y,2354,1979,Northeast,62341.93,Year,Y,Certified
EZYV2531,Asia,Bachelor's,Y,N,574,1999,South,101541.53,Year,Y,Certified
EZYV9500,Asia,Bachelor's,N,N,3139,2013,South,37646.89,Year,Y,Denied
EZYV15684,Asia,Doctorate,N,N,3106,1954,Midwest,93860.01,Year,Y,Certified
EZYV17147,Asia,Bachelor's,N,N,1227,1979,Northeast,20426.33,Year,Y,Denied
EZYV3995,Asia,Master's,Y,N,2764,2012,South,30440.73,Year,N,Certified
EZYV17804,Asia,Master's,Y,Y,929,2013,South,169104.93,Year,Y,Certified
EZYV10728,Asia,Bachelor's,Y,N,423,1981,South,32481.43,Year,Y,Certified
EZYV20227,Asia,High School,N,N,3130,1946,Midwest,111066.9,Year,Y,Certified
EZYV13613,Asia,Master's,N,N,349,1946,South,21137.82,Year,N,Certified
EZYV24790,Asia,Bachelor's,Y,N,5168,2008,West,28398.54,Year,Y,Denied
EZYV21960,Asia,Bachelor's,N,N,918,1985,Midwest,36847.63,Year,Y,Certified
EZYV16712,Asia,Master's,Y,N,545,1998,West,7058.02,Year,Y,Denied
EZYV11539,North America,High School,N,N,1474,1893,Island,203.6589,Hour,Y,Denied
EZYV1515,North America,Bachelor's,Y,N,3914,1967,South,165262.08,Year,N,Certified
EZYV1528,Asia,High School,Y,N,1736,2005,Midwest,55486.22,Year,Y,Certified
EZYV9475,Asia,Bachelor's,Y,N,1372,1999,South,41663.2,Year,Y,Certified
EZYV2749,Asia,Bachelor's,N,N,3338,1911,Northeast,115774.96,Year,Y,Denied
EZYV15844,Asia,Master's,N,Y,2846,1978,South,9012.89,Year,Y,Certified
EZYV7461,Asia,Master's,N,N,603,1997,Midwest,59639.54,Year,Y,Certified
EZYV8609,Asia,Master's,Y,N,3114,1804,South,42301.85,Year,Y,Certified
EZYV4926,Europe,Bachelor's,Y,N,5241,1964,Northeast,116251.85,Week,Y,Denied
EZYV25167,Europe,Bachelor's,N,N,95,1987,South,49286.16,Year,Y,Certified
EZYV11814,Asia,High School,N,N,254,1996,West,235429.79,Year,Y,Denied
EZYV17047,Asia,Master's,Y,N,1490,1946,Northeast,172222.87,Year,Y,Denied
EZYV9467,Asia,Master's,Y,N,157,1982,Midwest,110623.61,Year,Y,Certified
EZYV21813,Asia,Bachelor's,Y,N,869,2004,Northeast,139459.14,Year,Y,Certified
EZYV11330,Europe,Doctorate,N,N,1760,2001,Northeast,55614.04,Year,Y,Certified
EZYV13448,Asia,Bachelor's,N,N,863,2008,West,28045.85,Year,Y,Certified
EZYV9404,Asia,Bachelor's,Y,N,3818,2001,Northeast,39938.65,Year,Y,Certified
EZYV25312,Asia,Bachelor's,Y,N,1418,2002,South,22284.07,Year,Y,Certified
EZYV15191,Asia,High School,Y,N,529,2012,South,976.1508,Hour,Y,Denied
EZYV12344,Asia,Bachelor's,Y,N,2268,2013,Island,150660.02,Year,Y,Denied
EZYV18404,North America,Bachelor's,Y,N,3418,1928,Midwest,104491.72,Year,Y,Certified
EZYV336,Asia,Master's,Y,N,1222,1975,Midwest,54424.62,Year,Y,Certified
EZYV14334,Asia,Master's,Y,N,2169,2006,South,82194.5,Year,Y,Certified
EZYV17436,Asia,Bachelor's,Y,N,1294,1985,South,236692.29,Year,Y,Certified
EZYV16250,Asia,Master's,Y,N,4403,1995,Midwest,21175.9,Year,Y,Certified
EZYV1408,Europe,Master's,Y,N,5495,2013,Northeast,5324.66,Year,Y,Certified
EZYV12930,Asia,Master's,Y,N,401,2012,Midwest,225877.49,Year,Y,Certified
EZYV25089,Asia,High School,Y,N,353,1996,Northeast,45657.78,Year,Y,Certified
EZYV4753,Asia,Master's,Y,Y,1128,1936,West,118998.91,Year,Y,Certified
EZYV377,Asia,Bachelor's,N,N,2594,1849,South,85495.84,Year,Y,Certified
EZYV22505,Africa,High School,N,N,2999,2005,Midwest,130477.23,Year,Y,Denied
EZYV16732,Europe,High School,Y,N,3039,1996,South,16084.28,Year,Y,Certified
EZYV4694,North America,High School,Y,N,2850,2009,Northeast,9439.06,Year,Y,Certified
EZYV15912,Asia,Bachelor's,Y,N,4815,1982,Midwest,115901.11,Year,Y,Denied
EZYV18965,Europe,Bachelor's,Y,N,53194,1997,Northeast,247.8871,Hour,Y,Denied
EZYV11481,Asia,High School,Y,N,1449,1960,West,78652.22,Year,Y,Denied
EZYV7299,Asia,Bachelor's,N,N,5640,1868,Northeast,79905.3,Year,Y,Denied
EZYV18624,Asia,Bachelor's,Y,N,3477,2012,Island,92922.51,Year,Y,Certified
EZYV17129,Asia,High School,N,N,2604,1941,Northeast,220.5704,Hour,Y,Denied
EZYV10736,Asia,Master's,Y,N,2385,1981,Northeast,40838.84,Year,Y,Certified
EZYV21992,North America,Doctorate,Y,N,4116,2002,South,106987.06,Year,N,Denied
EZYV5300,Asia,Master's,Y,N,325,2000,Northeast,36420.92,Year,Y,Certified
EZYV4403,Europe,High School,N,N,438,1862,Northeast,66500.05,Year,Y,Denied
EZYV17430,Asia,Bachelor's,Y,N,874,2007,Northeast,53142.76,Year,Y,Certified
EZYV2245,Asia,High School,Y,N,4092,1997,West,40663.98,Year,Y,Denied
EZYV12708,Asia,Master's,Y,N,3843,1998,Northeast,32479.58,Year,Y,Certified
EZYV6596,Europe,Doctorate,Y,N,2675,1966,Northeast,37890.59,Year,Y,Certified
EZYV5817,Asia,Bachelor's,N,N,240,1980,Midwest,123187.32,Year,N,Certified
EZYV9598,Asia,Bachelor's,Y,N,157,2010,Northeast,20507.21,Year,Y,Certified
EZYV14055,North America,Master's,N,N,2019,1957,West,413.3845,Hour,Y,Denied
EZYV9754,Asia,Bachelor's,N,N,5543,1858,South,258044.72,Year,Y,Denied
EZYV14905,Asia,Bachelor's,Y,N,4330,2011,South,124988.32,Year,Y,Denied
EZYV21532,Europe,Bachelor's,N,Y,1724,1992,West,110824.54,Year,Y,Certified
EZYV3860,Asia,High School,Y,N,2991,1899,West,35033.57,Year,Y,Denied
EZYV19623,North America,Master's,Y,N,1085,2005,Northeast,78339.77,Year,Y,Certified
EZYV22259,Asia,Master's,Y,N,981,1838,South,72075.31,Year,Y,Certified
EZYV23368,Asia,Doctorate,N,N,1118,1996,Midwest,53864.25,Year,Y,Certified
EZYV17895,Europe,Master's,Y,N,444,1998,Midwest,197708.33,Year,N,Certified
EZYV3335,Asia,Master's,Y,N,586,1992,Northeast,1926.32,Year,Y,Certified
EZYV3177,Europe,Master's,Y,N,18990,1941,West,23195.31,Year,Y,Certified
EZYV21734,Europe,Bachelor's,Y,Y,2495,2013,South,137949.38,Year,Y,Certified
EZYV11405,South America,Bachelor's,N,N,2512,2010,Midwest,86152.4,Year,Y,Certified
EZYV12219,Asia,High School,N,N,2673,1960,Northeast,109.06,Hour,Y,Denied
EZYV8065,Asia,High School,Y,Y,2185,1994,Northeast,96116.23,Year,Y,Denied
EZYV21310,Asia,Bachelor's,Y,N,765,2005,West,218826.0,Year,N,Denied
EZYV855,North America,Bachelor's,N,N,1480,1967,South,142827.07,Year,N,Certified
EZYV17859,Europe,Doctorate,N,N,3723,1881,West,121608.16,Year,Y,Certified
EZYV22484,Asia,Master's,N,N,1570,2007,Midwest,109438.1,Year,Y,Certified
EZYV9721,Asia,Master's,Y,N,2919,1972,West,21591.37,Year,Y,Certified
EZYV20221,Asia,Bachelor's,Y,N,1948,2007,Midwest,22224.96,Year,Y,Certified
EZYV9412,Asia,Master's,Y,N,2436,2005,Northeast,155754.9,Year,N,Certified
EZYV10620,Asia,High School,Y,N,237,2003,Midwest,100232.05,Year,Y,Denied
EZYV23177,Asia,Master's,Y,N,453142,1988,Northeast,65043.67,Year,Y,Certified
EZYV24823,Asia,Bachelor's,N,N,2421,1971,West,79221.03,Year,Y,Denied
EZYV24204,Europe,Bachelor's,Y,N,4275,1975,Northeast,145342.5,Year,Y,Certified
EZYV1789,Asia,Master's,Y,N,347,2001,South,80534.26,Year,Y,Certified
EZYV5656,Asia,High School,Y,N,5508,1867,West,21396.78,Year,Y,Denied
EZYV63,Asia,High School,N,N,5110,2004,West,103.2216,Hour,Y,Denied
EZYV8038,Asia,Bachelor's,Y,N,1994,1891,Northeast,42335.11,Month,Y,Certified
EZYV8058,Asia,Master's,N,N,622,1986,South,119184.98,Year,N,Certified
EZYV3991,Asia,Bachelor's,Y,N,4910,2012,West,68197.79,Year,Y,Denied
EZYV10665,North America,Bachelor's,Y,N,207,1998,South,184662.28,Year,Y,Certified
EZYV22318,Asia,Doctorate,Y,Y,379,1845,West,11884.85,Year,Y,Certified
EZYV24478,Asia,Master's,N,N,33013,2003,South,107511.67,Year,Y,Certified
EZYV7434,Asia,Master's,N,N,3296,2003,Northeast,146760.98,Year,Y,Certified
EZYV20623,Asia,Bachelor's,N,N,1592,1999,Midwest,103153.92,Year,Y,Denied
EZYV4745,Asia,Bachelor's,N,N,2948,2007,South,394.9713,Hour,Y,Denied
EZYV6093,Asia,High School,Y,N,562,1991,West,15728.3,Year,Y,Denied
EZYV2358,Europe,Doctorate,Y,N,1280,1994,West,27591.15,Year,Y,Certified
EZYV3532,Asia,High School,N,N,4222,1851,Midwest,123775.68,Year,Y,Denied
EZYV340,Asia,High School,Y,N,4550,1968,Midwest,104457.29,Year,Y,Certified
EZYV4313,Asia,Bachelor's,N,N,174,1956,West,133323.08,Year,Y,Denied
EZYV22446,Asia,Bachelor's,Y,N,631,2012,West,92642.43,Year,Y,Certified
EZYV15514,North America,High School,Y,N,1037,1994,Island,56348.85,Year,Y,Denied
EZYV13141,Asia,Master's,Y,N,1082,1951,Midwest,66559.73,Year,Y,Certified
EZYV13439,Europe,High School,Y,N,5339,1991,West,79939.22,Year,Y,Denied
EZYV12858,Asia,Master's,Y,N,745,1999,Midwest,248492.44,Year,Y,Certified
EZYV18741,Asia,Bachelor's,Y,N,2501,2013,West,111131.66,Year,Y,Denied
EZYV21154,Asia,Master's,N,N,746,1985,South,162632.99,Year,Y,Certified
EZYV4752,Asia,Master's,Y,N,87861,1998,Northeast,76915.71,Year,Y,Certified
EZYV19842,North America,Doctorate,N,Y,1096,1855,South,50316.73,Year,Y,Certified
EZYV17010,Asia,Master's,N,Y,603,1995,South,160022.61,Year,Y,Certified
EZYV13625,Asia,High School,Y,N,778,2010,West,37809.94,Year,Y,Denied
EZYV12838,Asia,Master's,N,N,2261,2008,Northeast,55389.64,Year,Y,Certified
EZYV24348,Asia,Bachelor's,Y,N,5466,1952,West,19210.26,Year,Y,Certified
EZYV6488,Asia,Bachelor's,Y,N,1885,1986,Northeast,89993.85,Year,Y,Certified
EZYV24096,Asia,Master's,Y,Y,2777,2013,Midwest,48832.49,Year,Y,Denied
EZYV20463,Asia,Master's,N,N,2948,1999,Northeast,40479.72,Year,Y,Certified
EZYV646,Asia,Doctorate,Y,N,3993,2004,Midwest,51840.34,Year,Y,Certified
EZYV19451,Asia,Bachelor's,Y,N,4724,2000,South,73536.11,Year,Y,Certified
EZYV3111,Asia,Master's,N,N,1468,1995,Northeast,12382.96,Year,Y,Denied
EZYV4252,Asia,Bachelor's,Y,N,3739,2007,Northeast,73841.92,Year,N,Certified
EZYV357,South America,Doctorate,N,N,819,1994,Island,33645.87,Year,Y,Denied
EZYV20281,Asia,Master's,Y,Y,1491,1947,South,66906.33,Year,Y,Denied
EZYV19599,Asia,Bachelor's,Y,N,2042,2008,Northeast,41900.3,Year,Y,Certified
EZYV20268,Europe,Master's,Y,N,1282,1997,West,85289.62,Year,Y,Certified
EZYV24536,South America,Master's,N,N,1484,2012,West,41375.84,Year,Y,Denied
EZYV23261,North America,Bachelor's,N,N,2073,1953,West,397.6617,Hour,Y,Denied
EZYV17976,Asia,Master's,N,N,3122,1982,Northeast,946.0069,Hour,Y,Denied
EZYV14500,Europe,Bachelor's,Y,N,2939,1868,Northeast,53439.31,Week,Y,Certified
EZYV6584,Asia,Master's,Y,N,4081,2009,Northeast,3805.16,Year,Y,Certified
EZYV8564,Asia,Bachelor's,Y,N,790,1940,South,161389.28,Year,Y,Denied
EZYV6894,Asia,Bachelor's,Y,N,2390,2013,West,85257.85,Year,N,Certified
EZYV17726,Asia,Bachelor's,Y,Y,2781,1985,Island,1985.3,Year,Y,Denied
EZYV11919,Asia,Bachelor's,Y,N,1688,2001,South,78950.46,Year,Y,Denied
EZYV9262,Asia,Master's,Y,N,6039,2013,Midwest,137807.55,Year,N,Certified
EZYV16738,Asia,Master's,N,N,2007,1987,Northeast,77714.45,Year,N,Certified
EZYV12216,Asia,Master's,Y,N,26125,2012,Midwest,315497.6,Year,Y,Certified
EZYV22388,Asia,Master's,Y,N,3364,1997,Northeast,1073.47,Year,Y,Certified
EZYV1053,Africa,High School,Y,N,5838,1910,Midwest,114592.85,Year,Y,Certified
EZYV3901,Asia,Master's,Y,N,635,1912,South,29945.33,Year,Y,Certified
EZYV12568,Asia,Bachelor's,Y,N,3027,1834,Northeast,50017.19,Year,Y,Denied
EZYV18776,Asia,Master's,Y,Y,421,2004,South,34809.45,Year,Y,Certified
EZYV5926,Asia,Master's,N,N,1122,2004,West,81307.97,Year,Y,Certified
EZYV9694,North America,Master's,N,N,19686,1873,Midwest,75144.36,Year,N,Certified
EZYV6489,North America,Master's,Y,N,248,1994,Northeast,233.9425,Hour,Y,Denied
EZYV13567,North America,Master's,Y,N,4052,2005,Northeast,31055.63,Year,N,Certified
EZYV10631,Europe,Bachelor's,Y,N,566,1946,South,76488.99,Year,N,Certified
EZYV24667,Asia,Master's,Y,N,2561,1990,Northeast,113138.5,Year,N,Denied
EZYV13997,Asia,Bachelor's,N,Y,1442,1976,South,113487.85,Year,Y,Certified
EZYV2619,Asia,Master's,N,N,4950,2013,Northeast,124.1585,Hour,Y,Denied
EZYV1541,Asia,Bachelor's,Y,N,2508,2006,South,4728.7,Year,Y,Certified
EZYV15394,Asia,High School,Y,N,2417,2007,Midwest,217684.56,Year,Y,Denied
EZYV18037,Asia,Bachelor's,Y,N,1840,2010,South,173423.09,Year,Y,Certified
EZYV20570,Asia,Bachelor's,N,N,3542,2003,South,140168.47,Year,Y,Certified
EZYV24286,Asia,Bachelor's,N,Y,19041,2013,Northeast,105666.43,Year,Y,Denied
EZYV23500,Europe,Doctorate,N,N,1293,1994,West,37182.04,Year,Y,Certified
EZYV24552,North America,High School,Y,N,2850,1975,South,265969.8,Year,N,Certified
EZYV19810,Asia,Bachelor's,N,N,2253,1978,South,69455.05,Year,Y,Certified
EZYV20988,North America,High School,Y,N,3379,1809,Midwest,144686.78,Year,Y,Certified
EZYV24482,Asia,Master's,Y,N,2990,2000,Midwest,235875.97,Year,Y,Certified
EZYV1852,Europe,Master's,Y,N,2850,1999,South,52006.35,Year,Y,Certified
EZYV25466,North America,High School,N,N,2577,1995,South,481.2238,Hour,Y,Certified
EZYV7372,Asia,Master's,N,N,2536,1923,Midwest,113688.07,Year,Y,Certified
EZYV12856,Asia,Doctorate,N,Y,1845,2001,South,107789.52,Year,Y,Certified
EZYV15998,North America,High School,Y,N,5046,1987,Northeast,33955.38,Year,Y,Certified
EZYV3824,Asia,Master's,N,Y,1868,1999,South,98459.28,Year,Y,Denied
EZYV3102,Asia,Bachelor's,N,N,2678,1882,West,847.0106,Hour,Y,Denied
EZYV9326,North America,Doctorate,Y,N,3519,2009,West,50756.15,Year,Y,Certified
EZYV1813,Asia,Bachelor's,Y,N,239,2001,West,45139.63,Year,Y,Certified
EZYV8713,Asia,High School,Y,N,2102,2000,South,84555.72,Year,Y,Denied
EZYV11634,Asia,Master's,N,N,370,2010,Northeast,82942.72,Year,Y,Denied
EZYV3454,Africa,Doctorate,Y,N,4983,1994,Northeast,53012.73,Year,Y,Certified
EZYV24557,Asia,Bachelor's,Y,N,1029,2013,Northeast,364.7849,Hour,Y,Certified
EZYV16592,Asia,Bachelor's,Y,N,1700,1988,Midwest,96259.04,Year,Y,Denied
EZYV7114,Asia,Master's,N,N,1009,1868,South,52162.0,Year,N,Certified
EZYV14551,Asia,Bachelor's,Y,N,40315,1864,Midwest,68993.69,Year,Y,Certified
EZYV538,Asia,High School,Y,N,3348,1994,Northeast,99671.66,Year,Y,Denied
EZYV22771,North America,Doctorate,Y,N,672,1968,West,45434.37,Year,Y,Denied
EZYV10807,Asia,Doctorate,N,Y,640,1989,South,139230.07,Year,Y,Certified
EZYV10744,Asia,Master's,Y,N,1189,2011,Midwest,144073.85,Year,N,Certified
EZYV8823,Europe,Bachelor's,N,N,1775,1985,West,102079.64,Year,Y,Certified
EZYV10919,Asia,Master's,N,N,1140,1981,West,153854.63,Year,Y,Certified
EZYV7681,Africa,High School,N,N,2691,2005,South,99416.31,Year,Y,Denied
EZYV8718,North America,Bachelor's,N,N,364436,1869,West,3741.95,Year,Y,Certified
EZYV7933,Asia,Bachelor's,Y,N,1106,2001,Northeast,84008.0,Year,Y,Certified
EZYV15899,Africa,High School,N,N,673,2001,Midwest,80705.58,Year,Y,Certified
EZYV4189,North America,Bachelor's,N,N,636,2001,West,75697.34,Year,Y,Denied
EZYV15365,Europe,Master's,N,N,1014,1997,South,12283.68,Year,Y,Certified
EZYV5935,Asia,Master's,N,N,159,1938,Northeast,9736.73,Year,Y,Certified
EZYV14518,Asia,Master's,N,N,794,1993,West,48615.74,Year,Y,Certified
EZYV3633,Africa,Doctorate,N,Y,3226,2001,Northeast,94574.44,Year,Y,Denied
EZYV4353,Asia,Doctorate,Y,N,1002,1970,Northeast,26887.6,Year,Y,Certified
EZYV3936,Europe,High School,Y,N,697,2003,South,48383.19,Year,Y,Denied
EZYV15247,Asia,Master's,Y,N,2032,2010,Northeast,66291.23,Year,Y,Certified
EZYV2714,Asia,High School,Y,N,77,1998,Northeast,111372.31,Year,Y,Denied
EZYV22602,Asia,Master's,Y,N,547,1999,Northeast,18037.45,Year,Y,Denied
EZYV15122,Asia,Bachelor's,Y,N,131543,1948,Northeast,80358.97,Year,Y,Certified
EZYV20537,Asia,Master's,N,Y,1109,1992,South,65616.87,Year,Y,Denied
EZYV25309,North America,Master's,N,N,82953,1977,Northeast,42.7705,Hour,Y,Denied
EZYV20657,Asia,Master's,Y,N,3064,1971,West,68411.54,Year,Y,Denied
EZYV7459,North America,High School,N,Y,632,1882,Island,50485.1,Year,Y,Certified
EZYV23644,Europe,Doctorate,N,N,306,2005,Northeast,56708.63,Year,Y,Denied
EZYV11147,Asia,Master's,Y,N,163,2000,Northeast,54620.95,Year,Y,Certified
EZYV1727,Asia,High School,N,N,3519,2006,South,217043.29,Year,N,Certified
EZYV21365,Asia,Bachelor's,Y,N,5652,1885,Northeast,4903.7,Year,Y,Denied
EZYV2806,Asia,High School,Y,N,77,1998,West,71051.74,Year,Y,Denied
EZYV10018,Asia,Bachelor's,N,N,1858,1964,Midwest,3339.5,Year,Y,Certified
EZYV8068,Europe,Master's,N,N,1525,1995,Northeast,111827.11,Year,Y,Certified
EZYV11304,Asia,Master's,N,N,3365,1995,Northeast,89880.37,Year,N,Denied
EZYV598,Asia,Master's,Y,N,2266,2000,Midwest,164341.96,Year,Y,Certified
EZYV23444,Asia,Bachelor's,Y,N,654,1990,Midwest,68802.84,Year,Y,Certified
EZYV17657,Asia,Master's,Y,N,120,1990,West,40541.2,Year,Y,Certified
EZYV9440,Africa,Master's,Y,N,4465,1998,West,104280.91,Year,Y,Certified
EZYV15538,Asia,Master's,Y,N,9891,1981,South,77845.3,Year,N,Certified
EZYV8791,North America,Master's,N,N,1372,1940,Northeast,128568.92,Year,N,Certified
EZYV8045,Asia,High School,Y,N,950,1974,Northeast,594.6598,Hour,Y,Denied
EZYV7672,Asia,Doctorate,N,N,516,2014,West,142048.99,Year,Y,Certified
EZYV13682,Europe,Doctorate,Y,N,72,1984,South,3715.06,Year,Y,Certified
EZYV19443,Asia,Bachelor's,Y,N,3238,2011,South,40727.51,Year,Y,Certified
EZYV10616,Asia,Master's,Y,N,4364,2014,Northeast,74899.15,Year,N,Certified
EZYV1930,Asia,Master's,N,N,534,2005,Northeast,44892.39,Year,Y,Denied
EZYV7430,North America,Doctorate,Y,N,82173,1956,South,114417.93,Year,Y,Certified
EZYV7369,Asia,Master's,Y,N,479,2004,West,31168.41,Year,Y,Certified
EZYV18075,Europe,Bachelor's,Y,N,4601,2009,West,3455.15,Year,Y,Certified
EZYV12126,Asia,Master's,N,N,3553,2000,West,76216.62,Year,Y,Denied
EZYV7147,Asia,Bachelor's,Y,N,1892,1957,West,238078.87,Year,Y,Certified
EZYV20785,Asia,Bachelor's,N,N,2191,2010,Northeast,40104.07,Year,Y,Denied
EZYV23199,Asia,Bachelor's,N,Y,9888,1999,West,155493.42,Year,Y,Denied
EZYV2989,Europe,Bachelor's,N,N,1337,2014,West,52097.71,Year,Y,Certified
EZYV12058,Asia,Master's,N,N,9850,1838,Midwest,181560.63,Year,Y,Certified
EZYV3694,Asia,Bachelor's,Y,N,44,1855,South,12830.98,Year,Y,Certified
EZYV4412,Europe,Bachelor's,N,N,633,2009,Northeast,813.4241,Hour,Y,Certified
EZYV19234,Asia,Bachelor's,Y,N,3369,1980,Northeast,222.3061,Hour,Y,Denied
EZYV1655,Asia,Master's,N,N,2757,1987,West,144472.03,Year,N,Denied
EZYV18564,Africa,Bachelor's,Y,N,4491,2006,South,81958.33,Year,N,Certified
EZYV14162,Asia,Doctorate,Y,N,2043,2007,West,62272.47,Year,Y,Certified
EZYV25268,Asia,Master's,Y,N,851,2004,South,100732.02,Year,Y,Certified
EZYV24146,Asia,Master's,Y,N,1481,2007,West,67559.9,Year,Y,Denied
EZYV14824,Asia,Master's,N,N,3874,2010,Northeast,87996.91,Year,N,Certified
EZYV18461,Asia,Master's,N,N,542,2001,Midwest,67187.75,Year,N,Certified
EZYV24485,Europe,Bachelor's,Y,N,70128,2005,Northeast,60057.29,Year,Y,Certified
EZYV730,Africa,Bachelor's,Y,N,1259,2001,Northeast,25989.85,Year,Y,Certified
EZYV1584,Asia,Bachelor's,N,N,714,2000,Midwest,63970.96,Year,N,Certified
EZYV13621,Asia,Master's,N,Y,92482,1988,South,107829.23,Year,Y,Denied
EZYV6733,Europe,Master's,N,N,789,1993,Northeast,17498.11,Year,Y,Certified
EZYV5607,Asia,Master's,Y,N,1953,1975,Northeast,110279.97,Year,Y,Certified
EZYV18053,South America,Master's,N,N,2139,1848,West,15247.48,Year,Y,Denied
EZYV21950,Asia,Master's,N,N,1116,2002,Island,106313.08,Year,Y,Certified
EZYV13780,Asia,High School,N,Y,3374,2003,South,30619.19,Year,Y,Denied
EZYV857,Europe,Doctorate,N,Y,1881,1972,South,104593.37,Year,Y,Certified
EZYV18527,Asia,Bachelor's,Y,N,3901,2001,South,124318.91,Year,Y,Certified
EZYV11817,Asia,Master's,Y,N,1293,2005,Midwest,50169.54,Year,Y,Certified
EZYV1272,Asia,Bachelor's,Y,N,7106,1989,West,180284.35,Year,Y,Certified
EZYV13608,Asia,Bachelor's,Y,N,38959,1998,South,64001.04,Year,Y,Certified
EZYV20475,Europe,Bachelor's,Y,N,267,2013,West,6333.72,Year,Y,Certified
EZYV15067,Asia,Bachelor's,N,N,2204,1996,South,48067.19,Year,Y,Denied
EZYV20320,Asia,Master's,Y,N,6215,2011,Northeast,247084.9,Year,N,Certified
EZYV22526,Asia,Master's,Y,N,1099,2009,South,85112.36,Year,Y,Certified
EZYV12415,Asia,Master's,Y,N,1523,2012,Midwest,193137.64,Year,Y,Certified
EZYV18632,Asia,Master's,N,N,85,2006,South,217895.66,Year,Y,Denied
EZYV19539,Asia,Master's,N,N,1778,1987,Midwest,85987.83,Year,Y,Certified
EZYV14538,Europe,Bachelor's,N,Y,1689,1880,South,44428.4,Year,Y,Certified
EZYV24225,North America,Doctorate,Y,N,129020,2005,Northeast,12660.02,Year,Y,Certified
EZYV3761,Asia,Bachelor's,Y,N,3910,1998,Northeast,68806.06,Year,Y,Certified
EZYV18048,Asia,Master's,Y,N,32274,1989,South,67129.67,Year,Y,Certified
EZYV1110,Asia,Bachelor's,Y,N,739,2009,South,44724.92,Year,Y,Certified
EZYV21834,Asia,Bachelor's,Y,N,418,1990,South,116493.45,Year,Y,Certified
EZYV24830,Asia,Master's,N,N,2231,1997,West,66016.84,Year,Y,Certified
EZYV14072,Asia,Bachelor's,N,N,2105,1999,Northeast,692.1482,Hour,Y,Denied
EZYV13871,Europe,Doctorate,Y,N,4502,1998,South,12581.83,Year,Y,Certified
EZYV10552,South America,Bachelor's,Y,N,3973,2009,South,47.4395,Hour,Y,Denied
EZYV13664,North America,Master's,Y,N,2333,2007,South,91252.37,Year,N,Certified
EZYV14484,Asia,Bachelor's,Y,N,200,1988,West,75267.1,Year,Y,Certified
EZYV6828,Asia,Master's,Y,N,129897,1963,Northeast,15656.52,Year,N,Certified
EZYV10211,Asia,Doctorate,N,Y,1272,1887,West,129647.46,Year,Y,Certified
EZYV21770,North America,Master's,N,N,1629,1882,Northeast,132251.08,Year,N,Certified
EZYV2385,Asia,High School,N,N,3863,2007,West,74.2851,Hour,Y,Denied
EZYV7294,Asia,Master's,Y,N,1647,2007,West,100353.56,Year,Y,Certified
EZYV12224,Asia,Master's,Y,Y,1414,1994,West,91544.85,Year,Y,Certified
EZYV6530,Asia,Master's,Y,N,2071,1991,South,97268.82,Year,Y,Certified
EZYV106,North America,Doctorate,Y,N,2317,1995,Island,41613.52,Year,Y,Certified
EZYV6016,Asia,Bachelor's,Y,N,962,2013,South,23504.99,Year,Y,Denied
EZYV20624,Asia,Doctorate,N,N,3835,2004,Northeast,93967.44,Year,Y,Certified
EZYV14552,Asia,Master's,N,N,1589,1968,South,149762.36,Year,N,Certified
EZYV20965,North America,Master's,Y,N,390,2004,West,52227.34,Year,Y,Denied
EZYV23012,Asia,Master's,Y,N,1358,2012,Midwest,54348.08,Year,Y,Certified
EZYV13077,Asia,Master's,N,N,519,2007,South,123374.86,Year,N,Certified
EZYV18586,Asia,Master's,Y,N,3020,1998,South,40288.25,Year,Y,Certified
EZYV12591,Africa,Master's,Y,N,1577,1856,Northeast,147609.83,Year,Y,Certified
EZYV1718,North America,Bachelor's,N,N,1073,1949,Northeast,157207.74,Year,N,Denied
EZYV16035,Asia,Master's,Y,N,1953,1998,West,901.1,Year,Y,Certified
EZYV3952,Asia,Bachelor's,Y,N,1293,1998,Northeast,85453.5,Year,Y,Denied
EZYV16887,Asia,Master's,Y,N,1089,2007,South,80579.22,Year,Y,Certified
EZYV19740,Asia,Master's,N,N,4892,1975,West,79154.58,Year,Y,Denied
EZYV12264,Asia,Master's,N,N,1368,2012,Midwest,40510.79,Year,Y,Certified
EZYV18693,Asia,Bachelor's,N,N,859,2001,West,123631.14,Year,Y,Denied
EZYV24289,Asia,Bachelor's,Y,N,255,1973,West,96599.7,Year,Y,Certified
EZYV18395,Asia,Bachelor's,Y,N,733,2005,South,95684.51,Year,Y,Denied
EZYV7753,Asia,High School,Y,N,3284,2008,Midwest,110009.8,Year,Y,Denied
EZYV15292,Europe,Doctorate,Y,Y,1976,1853,West,80995.69,Year,Y,Certified
EZYV9938,Asia,Bachelor's,Y,N,1353,1992,South,206657.73,Year,N,Denied
EZYV14377,Asia,Master's,N,Y,2087,1928,South,146361.16,Year,Y,Denied
EZYV12873,Asia,Bachelor's,Y,N,4826,2012,West,119603.43,Year,N,Certified
EZYV12037,North America,High School,N,N,3958,2006,Midwest,198806.87,Year,Y,Denied
EZYV13725,Europe,Doctorate,Y,N,941,1985,West,38494.38,Year,Y,Certified
EZYV13980,North America,Bachelor's,Y,N,3528,2004,West,42253.92,Year,Y,Certified
EZYV316,Asia,High School,Y,N,2170,1998,Midwest,115801.09,Year,Y,Certified
EZYV22135,North America,Bachelor's,Y,N,5134,2000,West,40349.71,Year,Y,Denied
EZYV10114,Asia,High School,Y,N,2929,1933,South,645.2913,Hour,Y,Denied
EZYV9234,Asia,Bachelor's,N,N,2685,1929,West,61555.67,Year,N,Denied
EZYV5991,Asia,Bachelor's,Y,N,4566,2007,Midwest,144447.57,Year,Y,Certified
EZYV8015,Asia,Master's,Y,N,92,1923,Midwest,69809.7,Year,Y,Certified
EZYV24555,Asia,Bachelor's,N,N,2751,1992,South,125.79,Hour,Y,Certified
EZYV16070,Asia,Master's,Y,N,2780,1979,South,71322.6,Year,Y,Certified
EZYV24645,Europe,Bachelor's,Y,Y,59,1995,Northeast,63831.83,Year,Y,Certified
EZYV13545,North America,High School,Y,N,3191,2003,Northeast,5.0899,Hour,Y,Denied
EZYV12149,Asia,Bachelor's,Y,N,5201,1992,Northeast,86953.71,Year,Y,Certified
EZYV418,Asia,Master's,N,N,2549,1993,South,108989.75,Year,N,Certified
EZYV24264,Asia,Master's,Y,N,2885,2004,Midwest,137450.86,Year,Y,Certified
EZYV9169,Asia,Bachelor's,Y,N,2000,1983,Northeast,121333.61,Year,Y,Certified
EZYV2368,Europe,Bachelor's,N,N,3645,1970,Northeast,69341.97,Year,Y,Certified
EZYV9750,Asia,Master's,Y,N,1981,2005,South,84586.32,Year,N,Certified
EZYV15547,Asia,Master's,Y,N,961,2011,Midwest,166924.14,Year,Y,Certified
EZYV8786,Asia,Master's,N,N,19712,1995,West,41785.82,Year,Y,Certified
EZYV24549,Asia,Master's,Y,N,959,1940,Northeast,90116.52,Year,Y,Certified
EZYV8071,Asia,Master's,Y,N,803,2011,Midwest,149355.78,Year,Y,Certified
EZYV5702,Europe,Master's,N,N,2703,2006,Midwest,87947.06,Year,Y,Certified
EZYV25125,Asia,Bachelor's,N,Y,10913,2008,Northeast,98965.69,Year,Y,Certified
EZYV13160,Europe,Bachelor's,Y,N,3538,1860,West,68102.53,Year,Y,Certified
EZYV5948,Asia,Bachelor's,N,N,4509,1912,West,131315.37,Year,Y,Certified
EZYV24591,South America,Doctorate,N,N,3202,1999,Northeast,14555.64,Year,Y,Certified
EZYV403,Asia,Master's,N,N,1983,2002,South,33049.76,Year,Y,Certified
EZYV12711,Asia,High School,N,N,67753,1987,Northeast,913.2244,Hour,Y,Denied
EZYV12150,Asia,Master's,N,N,5056,2011,South,32762.03,Year,Y,Certified
EZYV191,Asia,Bachelor's,Y,N,961,2007,West,123688.79,Year,Y,Certified
EZYV3819,Asia,Master's,N,N,1889,2001,South,143473.65,Year,N,Denied
EZYV20853,Asia,Doctorate,Y,N,1741,2010,Northeast,106131.2,Year,Y,Denied
EZYV3322,Asia,Bachelor's,N,N,625,1958,Northeast,59624.93,Year,Y,Denied
EZYV4244,Asia,Master's,Y,N,10301,1998,Midwest,52766.14,Year,Y,Certified
EZYV11864,Asia,High School,Y,N,5113,1975,West,93146.1,Year,Y,Denied
EZYV22247,Asia,Bachelor's,Y,N,3823,1963,South,132008.98,Year,Y,Certified
EZYV20193,Asia,Bachelor's,N,N,412,2009,Northeast,87887.68,Year,Y,Denied
EZYV23880,Asia,Master's,N,Y,618,1982,South,93194.46,Year,Y,Certified
EZYV22562,Asia,Bachelor's,Y,N,1685,2007,South,109502.91,Year,Y,Denied
EZYV23182,Europe,Bachelor's,N,N,991,1983,West,114268.5,Year,Y,Denied
EZYV9866,Asia,Bachelor's,N,N,2060,1996,South,258477.93,Year,Y,Certified
EZYV7962,Asia,Master's,Y,Y,4750,2010,Northeast,55005.65,Year,N,Certified
EZYV7322,Asia,Master's,N,Y,326338,1875,South,28113.94,Year,Y,Certified
EZYV20550,Asia,Master's,Y,N,1908,2000,West,31726.51,Year,Y,Denied
EZYV6740,Europe,Master's,N,N,21585,1833,West,26867.11,Year,Y,Certified
EZYV19988,Asia,Bachelor's,N,N,4554,2001,Northeast,77009.82,Year,Y,Denied
EZYV15712,Asia,Bachelor's,N,N,186,2000,Northeast,72526.3,Year,Y,Denied
EZYV18155,Europe,Master's,Y,N,196,1973,Northeast,46290.18,Year,Y,Certified
EZYV1489,Asia,Master's,Y,N,1536,1994,Northeast,92564.34,Year,Y,Certified
EZYV9126,North America,Bachelor's,N,N,1449,1914,Northeast,73813.64,Year,Y,Certified
EZYV22133,North America,Master's,Y,N,3870,1997,Northeast,30867.55,Year,Y,Certified
EZYV6686,North America,Master's,Y,N,4119,1946,Northeast,6757.17,Year,Y,Certified
EZYV25070,Asia,Master's,N,N,814,2009,Midwest,112876.34,Year,Y,Certified
EZYV12318,North America,High School,N,N,1461,1999,Northeast,60056.05,Year,Y,Denied
EZYV22209,Asia,High School,Y,N,127,2003,Midwest,66641.85,Year,Y,Certified
EZYV13034,North America,Doctorate,Y,N,2522,2002,Midwest,23.0599,Hour,Y,Certified
EZYV24944,North America,High School,N,N,2084,1987,Northeast,463.3973,Hour,Y,Denied
EZYV16760,South America,Doctorate,Y,Y,242,1998,West,63051.5,Year,Y,Certified
EZYV4784,Asia,Bachelor's,N,N,2852,2004,South,127096.87,Year,N,Certified
EZYV11780,Asia,Master's,N,N,995,1988,Northeast,63750.28,Year,Y,Denied
EZYV3658,Asia,Bachelor's,Y,N,2421,1993,West,75323.17,Year,Y,Certified
EZYV18346,Asia,Doctorate,N,N,2536,1978,South,62342.02,Year,Y,Denied
EZYV5302,Asia,Bachelor's,Y,N,100790,1818,South,186343.57,Year,Y,Certified
EZYV23054,North America,Bachelor's,N,N,2327,1994,South,143997.56,Year,N,Certified
EZYV3921,Asia,High School,N,N,2999,1950,South,92048.0,Year,Y,Denied
EZYV4502,Asia,High School,Y,N,2058,1977,South,36456.21,Year,Y,Denied
EZYV11168,Asia,Bachelor's,Y,N,3269,1999,Midwest,131162.72,Year,Y,Certified
EZYV15085,Asia,Master's,Y,N,1508,2005,Northeast,104747.35,Year,N,Certified
EZYV18783,Asia,High School,N,N,4996,1991,Northeast,33529.13,Year,Y,Denied
EZYV23649,Asia,Master's,N,N,731,2012,South,270599.15,Year,N,Denied
EZYV11249,Asia,Bachelor's,N,N,4929,1988,South,73837.3,Year,Y,Denied
EZYV12955,Asia,Master's,N,N,3331,2002,Northeast,116.56,Hour,Y,Denied
EZYV10423,Asia,Master's,Y,N,4018,1995,Northeast,96244.01,Year,Y,Certified
EZYV1993,Asia,Master's,N,N,2672,1984,South,103199.47,Year,Y,Certified
EZYV21566,Asia,Master's,Y,N,1508,1997,Midwest,3190.5,Year,Y,Certified
EZYV9896,Asia,Bachelor's,N,N,2660,1982,Midwest,207377.51,Year,Y,Certified
EZYV19792,North America,Master's,N,N,3689,1872,South,43634.41,Year,Y,Certified
EZYV23488,Europe,Doctorate,N,Y,15050,1969,Northeast,78308.2,Year,Y,Denied
EZYV8036,Asia,Master's,Y,Y,1261,1951,South,204453.27,Year,Y,Certified
EZYV18338,North America,High School,N,N,1386,1838,Midwest,123482.25,Year,Y,Certified
EZYV18391,North America,Bachelor's,N,Y,1538,1995,West,95351.65,Year,Y,Denied
EZYV25111,North America,Master's,N,N,2196,1986,Northeast,72378.63,Year,Y,Certified
EZYV19703,Asia,High School,N,N,2541,1982,Northeast,447.3009,Hour,Y,Denied
EZYV20375,Asia,Master's,Y,N,2551,1986,Midwest,131234.61,Year,Y,Certified
EZYV9601,Asia,Bachelor's,Y,N,3257,2001,West,122959.98,Year,N,Denied
EZYV17013,Asia,Master's,Y,N,218,1993,West,56893.53,Year,Y,Certified
EZYV19416,Europe,Doctorate,N,Y,1976,1995,South,41308.47,Year,Y,Certified
EZYV23105,North America,Master's,Y,N,5271,2011,South,16277.45,Year,Y,Certified
EZYV23966,Asia,Master's,N,N,1762,1909,West,5163.09,Year,Y,Certified
EZYV5630,Africa,Master's,Y,N,5678,1998,West,52047.0,Year,Y,Certified
EZYV5303,Asia,High School,Y,N,500,1855,West,95966.48,Year,Y,Denied
EZYV2640,North America,Doctorate,Y,N,1313,2007,South,106584.63,Year,Y,Certified
EZYV3156,Asia,Bachelor's,N,N,4576,1847,West,119540.57,Year,Y,Denied
EZYV9174,Asia,Master's,N,N,834,2006,South,130429.18,Year,N,Certified
EZYV20275,Asia,Bachelor's,Y,N,2369,1984,Northeast,186.7734,Hour,Y,Denied
EZYV9616,Asia,Master's,N,N,4831,1847,Northeast,136405.21,Year,N,Certified
EZYV16457,Asia,High School,Y,N,2611,2011,South,109328.33,Year,N,Certified
EZYV24135,Asia,Master's,N,N,4595,1989,West,126761.15,Year,Y,Denied
EZYV4015,Africa,Bachelor's,N,N,5183,1942,West,87781.83,Year,Y,Denied
EZYV5084,North America,Master's,Y,N,2707,1993,Midwest,5272.36,Year,Y,Certified
EZYV5482,Asia,Master's,Y,N,2864,1964,Northeast,187382.73,Year,N,Certified
EZYV18911,Asia,Doctorate,N,N,4935,1996,Northeast,63553.28,Year,Y,Certified
EZYV19608,Asia,Bachelor's,Y,Y,25920,1997,West,59947.24,Year,Y,Certified
EZYV12648,Asia,Bachelor's,Y,N,2640,1993,Northeast,90616.19,Year,Y,Certified
EZYV21246,Asia,Master's,Y,N,2646,1999,South,45782.27,Year,N,Denied
EZYV2195,Asia,Master's,Y,N,145007,2012,West,93415.62,Year,Y,Certified
EZYV3409,Asia,Bachelor's,Y,N,3876,1976,West,37042.55,Year,Y,Certified
EZYV16947,Europe,Doctorate,N,N,2081,2001,Northeast,25143.5,Year,Y,Certified
EZYV17440,Asia,Bachelor's,Y,N,550,2013,West,118541.58,Year,Y,Certified
EZYV4144,Asia,Master's,Y,N,1702,1881,South,79382.05,Year,Y,Certified
EZYV14750,North America,Master's,Y,N,1574,2013,Midwest,25088.57,Year,Y,Certified
EZYV23145,Asia,Master's,Y,N,4971,1978,West,72195.41,Year,Y,Denied
EZYV17192,Asia,Bachelor's,N,N,1002,1981,West,299.9484,Hour,Y,Denied
EZYV19731,Asia,Master's,N,N,3946,2008,South,98935.96,Year,Y,Denied
EZYV6483,Asia,Master's,Y,N,2559,2001,Island,81172.14,Year,Y,Certified
EZYV18471,Asia,High School,N,N,3360,1988,Northeast,94930.52,Year,Y,Certified
EZYV22863,Asia,Master's,Y,N,1431,1931,South,101889.59,Year,Y,Certified
EZYV22588,Asia,High School,Y,N,2438,2002,South,71908.41,Year,Y,Denied
EZYV19991,North America,Master's,N,N,3649,1902,Midwest,30267.06,Year,N,Certified
EZYV25304,Asia,Master's,N,N,5380,1998,West,37037.67,Year,Y,Denied
EZYV19841,Asia,Bachelor's,N,N,1629,1975,Northeast,105457.26,Year,N,Denied
EZYV5851,North America,High School,N,N,634,2010,West,91401.21,Year,Y,Certified
EZYV11514,Europe,Bachelor's,Y,Y,2066,2004,West,9668.72,Year,Y,Certified
EZYV18177,North America,Master's,N,N,4360,1985,Northeast,128890.94,Year,Y,Certified
EZYV8465,North America,High School,Y,N,2570,1997,West,108544.37,Year,Y,Certified
EZYV16058,Asia,Master's,Y,N,1844,1999,Northeast,56297.44,Year,Y,Certified
EZYV24609,Asia,Master's,Y,N,487,1997,South,16646.5,Year,Y,Certified
EZYV24829,Asia,High School,Y,N,2238,2011,Northeast,86701.7,Year,Y,Certified
EZYV18554,South America,Bachelor's,Y,N,30003,1990,West,43324.25,Year,Y,Denied
EZYV16425,Asia,Master's,Y,N,1906,1960,Midwest,56730.07,Year,Y,Certified
EZYV4789,Europe,Bachelor's,Y,N,574,1959,Midwest,62275.35,Year,Y,Certified
EZYV17881,Asia,High School,N,N,3590,2004,Midwest,86874.56,Year,Y,Certified
EZYV7050,South America,Master's,Y,N,2466,1993,West,155538.81,Year,N,Certified
EZYV6251,Asia,Bachelor's,N,N,137,1985,South,301.2781,Hour,Y,Denied
EZYV9555,Asia,Bachelor's,N,N,16275,2001,Northeast,55235.74,Year,Y,Denied
EZYV23133,North America,Master's,N,N,3959,2004,Northeast,964.6623,Hour,Y,Denied
EZYV3463,Europe,Master's,Y,N,902,1988,Midwest,91463.49,Year,Y,Certified
EZYV14311,Asia,High School,Y,N,4640,1998,Midwest,199062.52,Year,Y,Denied
EZYV2204,Africa,Bachelor's,Y,N,3780,1991,Northeast,117276.12,Year,Y,Certified
EZYV1332,Asia,High School,N,Y,2750,2010,Northeast,111599.43,Year,Y,Denied
EZYV2127,Asia,Master's,Y,N,1223,2007,South,148949.81,Year,N,Certified
EZYV16987,North America,Master's,Y,N,1066,1968,South,164919.47,Year,Y,Certified
EZYV15176,Asia,Bachelor's,Y,N,11041,2008,West,29671.51,Year,Y,Certified
EZYV18496,Europe,Doctorate,N,N,1650,1997,Northeast,62931.72,Year,Y,Certified
EZYV4344,Asia,Master's,Y,N,3582,1928,Northeast,15607.72,Year,Y,Certified
EZYV6077,Asia,Bachelor's,Y,N,279,2007,South,42061.41,Year,Y,Denied
EZYV9689,Asia,Bachelor's,Y,Y,1829,1992,Northeast,89538.56,Year,Y,Certified
EZYV14479,Asia,High School,Y,N,1044,1983,Midwest,104917.45,Year,Y,Denied
EZYV15477,Africa,Master's,Y,N,3491,1963,Island,38870.3,Year,Y,Certified
EZYV10187,Asia,Master's,Y,N,5984,2003,Midwest,85871.89,Year,Y,Certified
EZYV17194,Asia,High School,N,N,3357,1981,Midwest,22316.09,Year,Y,Certified
EZYV13282,Asia,Doctorate,N,N,1618,1977,West,852.0211,Hour,Y,Certified
EZYV15726,North America,Bachelor's,Y,N,15867,1986,West,54870.08,Year,N,Certified
EZYV3793,North America,Master's,Y,N,922,1995,Northeast,69244.14,Week,Y,Certified
EZYV10413,Africa,Master's,N,N,27,2007,Northeast,75527.17,Year,Y,Certified
EZYV7412,Asia,Bachelor's,N,N,27,1991,West,140896.1,Year,Y,Denied
EZYV20913,South America,High School,Y,N,4086,2007,Midwest,23948.53,Year,Y,Denied
EZYV5921,Asia,Master's,N,Y,31,1980,South,229494.55,Year,Y,Certified
EZYV6823,North America,Bachelor's,Y,N,4059,1991,West,107534.16,Year,Y,Certified
EZYV18247,North America,Master's,Y,N,290,1965,Northeast,97716.09,Year,N,Certified
EZYV151,Asia,Bachelor's,N,N,50351,1975,West,529.1105,Hour,Y,Denied
EZYV9362,North America,High School,Y,N,2082,1994,West,805.131,Hour,Y,Denied
EZYV24006,Asia,Master's,Y,N,981,1992,South,56268.75,Year,Y,Certified
EZYV5454,Asia,High School,Y,N,4310,1990,West,247.0206,Hour,Y,Denied
EZYV19475,Asia,Master's,Y,N,414,2004,South,18546.12,Year,Y,Certified
EZYV4836,Asia,Master's,Y,N,1762,2006,West,141501.86,Year,Y,Certified
EZYV22936,Asia,High School,Y,N,213,2003,Midwest,79155.97,Year,Y,Certified
EZYV4581,Africa,Master's,Y,N,2123,1967,South,78850.48,Year,Y,Certified
EZYV7290,Asia,Master's,N,N,4371,1838,South,149404.18,Year,N,Certified
EZYV16472,North America,Master's,Y,N,3710,2005,Northeast,26221.66,Year,Y,Certified
EZYV22499,Asia,Bachelor's,Y,N,3777,1946,West,11863.43,Year,Y,Certified
EZYV20035,Asia,Master's,Y,N,2726,2008,South,21206.99,Year,Y,Certified
EZYV18163,Asia,Master's,N,N,11791,2006,West,63031.67,Year,Y,Certified
EZYV8002,Asia,Master's,Y,N,3247,1977,West,102602.64,Year,N,Certified
EZYV8180,Asia,Master's,Y,N,2476,1987,Midwest,62872.83,Year,Y,Certified
EZYV12784,Europe,Master's,N,N,963,1911,West,116220.31,Year,N,Certified
EZYV2267,Asia,Master's,N,N,23890,1845,South,155492.23,Year,N,Certified
EZYV15580,Asia,Bachelor's,N,N,20971,2000,South,892.6323,Hour,Y,Denied
EZYV7824,Oceania,Master's,N,N,4565,2006,Midwest,90630.17,Year,Y,Certified
EZYV25275,Asia,High School,N,N,852,1988,Northeast,76906.13,Year,N,Denied
EZYV24024,Asia,High School,N,N,1234,2000,West,136278.77,Year,Y,Denied
EZYV9738,Asia,Bachelor's,Y,N,2693,2000,West,60932.97,Year,Y,Certified
EZYV12113,Asia,Master's,N,N,2551,2000,South,11282.96,Year,N,Certified
EZYV10899,Asia,Master's,N,N,1582,1938,South,186664.97,Year,Y,Denied
EZYV20464,Europe,Bachelor's,Y,Y,2325,1958,Northeast,22628.14,Year,Y,Certified
EZYV3494,Asia,Master's,Y,N,4430,1996,West,151531.6,Year,N,Certified
EZYV15556,North America,Bachelor's,Y,N,1024,1937,West,94347.51,Year,N,Certified
EZYV8650,Asia,Bachelor's,Y,N,2834,1999,Northeast,23613.52,Year,Y,Certified
EZYV15075,Asia,Master's,N,N,2638,1961,West,41493.5,Year,Y,Certified
EZYV18574,North America,Master's,Y,N,1633,2011,West,207.1684,Hour,Y,Certified
EZYV8315,Asia,Bachelor's,Y,N,2569,2000,Northeast,36227.21,Year,Y,Certified
EZYV10341,South America,High School,N,N,1018,1978,Northeast,209040.38,Year,Y,Denied
EZYV10425,Asia,Master's,Y,Y,5025,2000,West,100526.9,Year,Y,Certified
EZYV509,Asia,Bachelor's,Y,N,1446,2007,South,19311.82,Year,Y,Certified
EZYV6545,Asia,Master's,Y,N,1752,2004,Northeast,57400.53,Year,Y,Certified
EZYV4351,Asia,High School,Y,N,519,1912,West,111593.38,Year,Y,Denied
EZYV20643,North America,High School,Y,Y,1950,1866,Northeast,141730.93,Year,Y,Certified
EZYV24376,Asia,Master's,N,N,676,1847,Midwest,105.63,Hour,Y,Certified
EZYV20284,Asia,Doctorate,Y,N,3819,2005,Northeast,64661.22,Year,N,Certified
EZYV19310,Asia,Master's,Y,N,129,2009,Midwest,42799.8,Year,Y,Certified
EZYV22841,Asia,High School,Y,N,3847,1986,West,111836.4,Year,Y,Certified
EZYV20850,North America,High School,Y,N,1429,2004,West,102042.56,Year,Y,Denied
EZYV15855,Asia,Master's,N,N,222,2001,West,52712.41,Year,Y,Denied
EZYV11855,Asia,Master's,N,N,1155,1977,Midwest,141287.5,Year,Y,Certified
EZYV1033,Asia,Bachelor's,Y,N,920,1978,South,78213.37,Year,Y,Certified
EZYV7053,South America,Master's,Y,N,3937,1877,Northeast,92949.73,Year,Y,Certified
EZYV14786,Africa,Doctorate,Y,N,308,2013,Northeast,22909.05,Year,Y,Certified
EZYV10868,South America,Bachelor's,N,N,18,2010,South,125539.15,Year,Y,Denied
EZYV23676,Asia,High School,N,N,77,2012,Northeast,54187.53,Year,Y,Certified
EZYV2485,Asia,Bachelor's,Y,N,3518,2002,West,42739.8,Year,Y,Certified
EZYV21935,Asia,Master's,Y,N,1292,1887,Northeast,105692.81,Year,Y,Certified
EZYV3039,Asia,Bachelor's,N,N,1717,1954,Northeast,47402.06,Year,Y,Denied
EZYV23849,Europe,High School,Y,N,3840,1897,West,56029.15,Year,Y,Certified
EZYV5112,Asia,Bachelor's,Y,N,3993,1981,South,97509.48,Year,Y,Certified
EZYV12877,Asia,Doctorate,N,N,2035,2013,West,40476.7,Year,Y,Certified
EZYV16948,Europe,High School,Y,N,73987,2010,South,109326.21,Year,Y,Certified
EZYV19473,Europe,Master's,N,N,2453,1994,Northeast,81316.53,Year,Y,Certified
EZYV21383,Asia,Bachelor's,Y,N,1603,2006,Northeast,101962.39,Year,Y,Certified
EZYV24838,Europe,Bachelor's,N,N,2629,2009,West,29485.57,Year,Y,Certified
EZYV9121,Asia,Bachelor's,Y,N,576,1927,South,98784.81,Year,Y,Denied
EZYV21794,Asia,Bachelor's,Y,N,2565,1999,Midwest,165469.53,Year,Y,Certified
EZYV21668,Asia,Bachelor's,Y,N,3713,2000,West,11883.82,Year,Y,Certified
EZYV3966,Oceania,Bachelor's,N,N,323,1998,West,111862.85,Year,Y,Denied
EZYV8168,Asia,Master's,N,N,3437,1885,Midwest,94904.75,Year,Y,Certified
EZYV19470,Asia,High School,Y,N,288,1992,South,20979.22,Year,Y,Denied
EZYV14112,Asia,High School,Y,N,2170,1998,Midwest,145066.04,Year,Y,Denied
EZYV12843,North America,Master's,Y,N,5561,2013,Northeast,44709.7,Year,Y,Certified
EZYV1046,Europe,Doctorate,Y,N,48289,1998,West,38517.04,Year,Y,Certified
EZYV8027,Europe,Bachelor's,N,N,1248,1946,West,38231.02,Year,Y,Certified
EZYV22649,Europe,Doctorate,N,N,1645,1970,West,73370.72,Year,Y,Certified
EZYV13507,North America,Master's,Y,N,2674,2008,Northeast,106729.34,Year,Y,Denied
EZYV1543,Asia,Master's,Y,N,4109,2000,West,56501.75,Year,Y,Certified
EZYV6562,Asia,Master's,Y,N,3030,1975,South,123654.65,Year,Y,Certified
EZYV22959,Asia,Master's,N,N,4412,2016,Midwest,125088.46,Year,Y,Denied
EZYV20543,Asia,Master's,Y,N,5033,1889,South,67195.56,Year,N,Certified
EZYV16807,Asia,Bachelor's,Y,N,3597,2014,West,25850.38,Year,Y,Denied
EZYV17734,Asia,Bachelor's,N,N,2210,2001,Northeast,977.4751,Hour,Y,Certified
EZYV2501,Asia,Master's,N,N,1552,2001,Northeast,46609.18,Year,Y,Denied
EZYV23803,Asia,Master's,Y,N,1892,2000,West,21367.96,Year,Y,Denied
EZYV4717,North America,Bachelor's,N,N,4659,2005,West,78661.63,Year,N,Denied
EZYV9251,Asia,Master's,Y,N,2391,1998,South,294.9257,Hour,Y,Certified
EZYV8126,Europe,Bachelor's,Y,N,1360,2011,West,131842.91,Year,Y,Certified
EZYV1402,North America,Bachelor's,Y,N,623,2007,South,105072.4,Year,Y,Certified
EZYV2763,Asia,Bachelor's,Y,N,1278,1924,West,76553.04,Week,Y,Certified
EZYV21691,Asia,Bachelor's,Y,N,2064,1996,Northeast,74902.63,Year,Y,Denied
EZYV12876,Asia,Master's,Y,N,4438,2013,South,129547.83,Year,N,Certified
EZYV15922,Asia,Bachelor's,Y,N,3560,2013,Midwest,221735.9,Year,Y,Denied
EZYV23015,Europe,Master's,Y,N,244,2009,Northeast,76957.83,Year,Y,Certified
EZYV5058,North America,High School,N,N,1577,1868,Midwest,148993.82,Year,Y,Certified
EZYV21575,South America,High School,N,N,2873,2005,Northeast,73370.6,Year,Y,Denied
EZYV558,Asia,Bachelor's,N,Y,3696,1998,West,21853.74,Year,Y,Denied
EZYV12052,Asia,Bachelor's,N,N,581,2009,South,39616.51,Year,N,Certified
EZYV4250,Asia,Master's,Y,N,5278,1984,Northeast,12840.17,Year,Y,Certified
EZYV8380,Europe,High School,Y,N,1775,1978,Northeast,83932.24,Year,Y,Denied
EZYV5916,Asia,Master's,Y,N,6422,2001,South,56688.0,Year,Y,Certified
EZYV23301,Asia,Bachelor's,N,N,3429,1979,South,89820.94,Year,Y,Certified
EZYV1350,Asia,Master's,Y,N,1297,2007,Northeast,82828.95,Year,Y,Certified
EZYV4197,Asia,Bachelor's,N,N,12004,1986,West,28289.99,Year,Y,Denied
EZYV19632,Europe,Master's,Y,N,1867,1994,South,24843.47,Year,Y,Certified
EZYV11388,Europe,High School,Y,N,3255,1869,West,49322.27,Year,Y,Denied
EZYV5134,Asia,Master's,Y,N,1090,1998,South,56543.15,Year,Y,Certified
EZYV7784,Asia,Master's,Y,N,2941,2008,West,147001.81,Year,Y,Certified
EZYV14492,North America,Master's,Y,N,5741,1871,South,85732.17,Year,N,Certified
EZYV16611,North America,Master's,N,N,526,1977,Midwest,125850.71,Year,N,Certified
EZYV23843,Asia,Bachelor's,Y,N,3779,1858,South,65710.5,Year,Y,Certified
EZYV53,Asia,Bachelor's,N,N,1647,1998,Midwest,115014.05,Year,Y,Certified
EZYV25310,Asia,High School,Y,N,1059,1965,Northeast,80864.11,Year,Y,Certified
EZYV14682,Asia,High School,Y,N,235,1971,Northeast,303.4445,Hour,Y,Denied
EZYV14935,Asia,Bachelor's,Y,N,15680,1985,South,69944.96,Year,N,Certified
EZYV23988,Asia,Master's,Y,N,5683,2005,Midwest,104478.71,Year,N,Denied
EZYV1193,Asia,Bachelor's,Y,N,27,2007,West,98190.11,Year,Y,Certified
EZYV17681,Asia,Bachelor's,Y,N,1146,2005,South,65890.04,Year,Y,Certified
EZYV16309,Europe,High School,Y,Y,1772,1977,South,23207.02,Year,Y,Certified
EZYV9832,Europe,High School,Y,N,1290,1817,Midwest,49630.59,Year,Y,Denied
EZYV10179,Asia,High School,N,N,4449,2003,West,610.655,Hour,Y,Denied
EZYV12668,Europe,Bachelor's,Y,N,1374,2011,South,87607.53,Year,Y,Denied
EZYV12068,North America,Master's,N,N,1561,1975,Midwest,157462.42,Year,Y,Certified
EZYV18986,Asia,Master's,N,N,480,2011,Midwest,43761.57,Year,Y,Denied
EZYV3221,Asia,Master's,N,N,3403,2004,Northeast,9277.64,Year,N,Denied
EZYV4951,Asia,Master's,Y,N,3279,2007,Northeast,150062.69,Year,Y,Certified
EZYV25044,Asia,Master's,N,Y,1761,1993,Midwest,72557.8,Year,Y,Certified
EZYV22920,Asia,Master's,Y,N,835,2007,Northeast,50485.91,Year,Y,Certified
EZYV4826,Asia,Bachelor's,N,N,1640,1919,Northeast,3414.64,Year,Y,Denied
EZYV12493,Asia,Master's,N,N,1032,1993,South,67619.9,Year,Y,Denied
EZYV1589,Asia,Master's,Y,N,479,2002,Northeast,106437.4,Year,Y,Certified
EZYV22143,Asia,Master's,N,N,142,1959,Midwest,115196.6,Year,Y,Denied
EZYV8169,Asia,Master's,N,N,2036,2005,West,83329.46,Year,N,Certified
EZYV8905,Asia,Master's,Y,N,2397,1950,South,92531.99,Year,N,Certified
EZYV24760,Europe,Bachelor's,Y,N,955,2001,Northeast,136814.79,Year,Y,Denied
EZYV13833,Asia,Bachelor's,Y,N,899,1987,Midwest,97645.27,Year,N,Certified
EZYV21827,Asia,Master's,N,N,2154,1986,Northeast,95933.15,Year,Y,Denied
EZYV3014,Asia,High School,N,N,511,2015,Midwest,35941.1,Year,Y,Denied
EZYV10417,Asia,Bachelor's,Y,N,656,1960,South,110638.6,Year,Y,Certified
EZYV6636,Asia,Master's,Y,N,2069,2001,Midwest,152391.7,Year,N,Certified
EZYV2639,North America,Master's,Y,N,2943,1992,West,11852.24,Year,Y,Certified
EZYV3702,North America,Bachelor's,N,Y,1197,2001,Midwest,49385.62,Year,Y,Denied
EZYV11709,Europe,Master's,N,Y,4446,2013,Northeast,90042.96,Year,Y,Certified
EZYV7791,Asia,Master's,Y,N,1052,1998,Midwest,43354.49,Year,N,Certified
EZYV22257,Africa,Master's,N,N,682,1974,Midwest,72266.34,Year,Y,Denied
EZYV444,North America,Bachelor's,N,N,3018,1920,Northeast,104.23,Hour,Y,Denied
EZYV24215,Asia,Bachelor's,Y,N,80749,2011,Island,102084.12,Year,N,Denied
EZYV3027,Asia,Master's,N,N,77234,1986,Midwest,99562.49,Year,N,Denied
EZYV18938,Asia,Master's,Y,Y,1743,2013,Northeast,105660.43,Year,Y,Certified
EZYV10369,Asia,Bachelor's,N,N,4450,2004,West,64968.42,Year,Y,Denied
EZYV10827,Asia,Master's,N,N,2297,1817,South,182.58,Hour,Y,Certified
EZYV8277,Asia,High School,Y,N,1464,2010,Midwest,113174.66,Year,Y,Denied
EZYV18618,Asia,High School,N,N,2149,2000,West,112.16,Hour,Y,Certified
EZYV6693,Asia,High School,N,N,710,1994,Northeast,123928.02,Year,Y,Denied
EZYV7316,Europe,Doctorate,N,N,3029,2008,Midwest,109467.09,Year,Y,Certified
EZYV2271,Asia,Bachelor's,Y,Y,1252,1999,West,39296.5,Year,Y,Certified
EZYV20368,North America,High School,Y,Y,139,1901,West,157311.27,Year,Y,Certified
EZYV6886,North America,Bachelor's,Y,N,2510,1988,South,85113.85,Year,Y,Certified
EZYV6013,Asia,Master's,Y,N,4412,2006,West,28769.52,Year,Y,Certified
EZYV10831,Asia,Bachelor's,N,Y,19023,2000,West,73834.29,Year,Y,Denied
EZYV11863,Asia,Master's,Y,N,2055,1993,Midwest,16170.82,Year,Y,Certified
EZYV19581,Europe,Bachelor's,Y,Y,3816,2006,South,59849.95,Year,Y,Denied
EZYV18852,Asia,High School,N,N,3914,2010,Midwest,54308.85,Year,Y,Denied
EZYV24861,Europe,Doctorate,Y,N,373,1952,West,67313.25,Year,Y,Certified
EZYV12941,North America,Master's,N,N,2221,1968,South,710.9797,Hour,Y,Denied
EZYV1325,Africa,Master's,Y,N,104,1900,West,30112.22,Year,Y,Certified
EZYV11362,Asia,Bachelor's,Y,N,739,1810,Midwest,204806.0,Year,Y,Certified
EZYV22088,Asia,Master's,N,N,1778,1970,South,721.5271,Hour,Y,Denied
EZYV21225,Asia,Bachelor's,Y,N,1906,2008,West,96837.38,Year,Y,Certified
EZYV25095,Asia,High School,N,N,1747,1959,West,75599.03,Year,Y,Denied
EZYV8133,Asia,Bachelor's,N,N,660,1947,Northeast,141.7329,Hour,Y,Denied
EZYV5253,Asia,Bachelor's,Y,N,1563,2008,Northeast,124267.16,Year,Y,Denied
EZYV58,Asia,Bachelor's,Y,N,2825,1996,Northeast,14174.04,Year,Y,Certified
EZYV16808,Asia,Bachelor's,Y,N,1138,1911,South,35267.07,Year,Y,Certified
EZYV11389,Asia,Master's,N,Y,1680,1991,West,102710.73,Year,Y,Certified
EZYV7655,Europe,Doctorate,N,N,941,1926,Northeast,71020.5,Year,Y,Certified
EZYV6876,Asia,High School,Y,Y,1447,1967,West,88558.53,Year,Y,Denied
EZYV24924,Asia,Bachelor's,Y,N,351,2005,West,73931.82,Year,Y,Denied
EZYV946,Europe,Bachelor's,Y,N,190,2007,South,132092.7,Year,Y,Certified
EZYV3984,North America,Bachelor's,N,N,1238,2012,Northeast,941.8589,Hour,Y,Denied
EZYV21088,Asia,Master's,Y,N,395,1998,Northeast,187357.98,Year,Y,Denied
EZYV16217,South America,Bachelor's,Y,Y,87088,2009,South,103860.05,Year,Y,Certified
EZYV17971,Asia,Master's,Y,N,503,2012,Northeast,98546.0,Year,N,Certified
EZYV8753,Asia,Bachelor's,Y,N,2463,1999,West,126861.43,Year,Y,Denied
EZYV16840,Asia,Bachelor's,Y,N,1296,2000,Midwest,10130.76,Year,Y,Denied
EZYV1155,Asia,Master's,Y,N,3896,1972,Northeast,105576.91,Year,Y,Certified
EZYV10585,Asia,Bachelor's,N,N,1476,1946,South,118252.04,Year,Y,Denied
EZYV329,Asia,Master's,N,N,2234,1920,West,238691.32,Year,N,Denied
EZYV16626,Asia,High School,N,N,2349,2000,South,48371.23,Year,Y,Certified
EZYV8222,Asia,Doctorate,Y,N,6120,1944,Northeast,110822.33,Year,Y,Certified
EZYV18567,Asia,High School,N,N,1826,1979,Northeast,99220.86,Year,Y,Certified
EZYV7119,Asia,Bachelor's,N,N,1614,2007,West,140202.04,Year,Y,Certified
EZYV20295,Europe,Bachelor's,Y,N,346,2009,West,108569.41,Year,Y,Certified
EZYV5380,North America,Bachelor's,Y,N,15159,1977,South,60267.29,Year,Y,Certified
EZYV2910,Asia,High School,N,N,19,1925,Northeast,67632.37,Year,Y,Denied
EZYV18205,Europe,Master's,Y,N,2242,1920,West,107402.42,Year,Y,Certified
EZYV18401,Europe,Bachelor's,N,Y,2082,2007,West,74386.89,Year,Y,Certified
EZYV20522,Asia,Bachelor's,Y,Y,2318,1928,South,129283.7,Year,Y,Denied
EZYV17023,Asia,Master's,Y,Y,2664,2012,West,170733.15,Year,N,Denied
EZYV20155,Asia,Master's,N,N,4389,2004,Midwest,124244.19,Year,Y,Certified
EZYV17175,Asia,High School,Y,Y,1797,2008,West,17582.08,Year,Y,Certified
EZYV3955,Asia,Master's,N,N,4032,1838,Northeast,144257.35,Year,N,Denied
EZYV25207,Asia,Bachelor's,Y,N,2506,1989,South,27682.67,Year,Y,Certified
EZYV17635,Asia,Master's,Y,N,2565,1956,Northeast,42539.3,Year,N,Denied
EZYV14082,Europe,Bachelor's,N,N,645,1997,West,17673.91,Year,Y,Certified
EZYV17067,Asia,Bachelor's,Y,N,2398,2003,Midwest,183633.13,Year,Y,Certified
EZYV17439,Asia,Master's,Y,N,1776,1999,Midwest,87959.39,Year,Y,Certified
EZYV20979,Asia,Master's,Y,N,1921,2008,Midwest,54009.02,Year,Y,Certified
EZYV182,Europe,Bachelor's,Y,N,1566,1931,South,126498.81,Year,Y,Certified
EZYV4626,Asia,Master's,Y,N,402,1948,Northeast,59263.34,Year,N,Certified
EZYV10213,South America,High School,Y,N,150963,1979,West,17824.17,Year,Y,Denied
EZYV5009,Asia,Bachelor's,Y,N,1020,2008,South,70919.85,Year,Y,Denied
EZYV22138,Asia,Doctorate,Y,N,4736,2000,West,115719.89,Year,Y,Certified
EZYV17351,Asia,Master's,Y,N,482,1996,South,122283.58,Year,N,Denied
EZYV10540,Asia,Bachelor's,N,N,652,2005,Midwest,95868.76,Year,N,Certified
EZYV19920,Asia,Bachelor's,Y,N,1518,1981,Northeast,108115.85,Year,Y,Certified
EZYV10245,Asia,Bachelor's,N,N,2631,2006,Northeast,588.3444,Hour,Y,Certified
EZYV14133,North America,Master's,Y,N,4548,1896,Midwest,88678.14,Year,Y,Certified
EZYV7277,Asia,High School,Y,N,1058,1894,South,88745.16,Year,N,Denied
EZYV21974,Asia,Master's,N,N,4911,2005,South,88041.02,Year,N,Certified
EZYV10778,Oceania,Bachelor's,N,N,1031,2012,South,539.8384,Hour,Y,Denied
EZYV7508,Asia,Bachelor's,Y,N,2417,1986,West,18551.0,Year,Y,Denied
EZYV13890,Asia,High School,N,N,2996,1996,West,20278.4,Year,Y,Denied
EZYV23119,Europe,Doctorate,Y,N,1924,1890,West,114845.63,Year,Y,Certified
EZYV22527,Asia,Master's,Y,N,4355,1982,Northeast,36672.44,Year,Y,Certified
EZYV4541,Asia,Master's,N,N,4397,2008,West,91471.66,Year,Y,Denied
EZYV15505,Asia,Bachelor's,Y,N,2195,1996,Northeast,123505.66,Year,Y,Certified
EZYV9108,Asia,Master's,Y,N,2006,2007,South,79740.31,Year,Y,Certified
EZYV15423,Asia,Bachelor's,N,N,2129,1994,Northeast,90102.51,Year,Y,Denied
EZYV4532,South America,Bachelor's,Y,N,2044,2001,South,239465.3,Year,Y,Certified
EZYV20051,Europe,Master's,Y,N,3716,2005,West,42514.7,Year,Y,Certified
EZYV17021,Asia,Bachelor's,Y,Y,53634,2004,West,97407.11,Year,Y,Certified
EZYV16244,Europe,Master's,Y,Y,817,1926,Northeast,100176.23,Year,Y,Denied
EZYV20177,Asia,High School,Y,N,2727,2008,South,56850.48,Year,Y,Denied
EZYV10685,South America,Bachelor's,Y,N,2735,2007,South,178.84,Year,Y,Certified
EZYV19886,Asia,Master's,N,N,4264,1957,South,131216.36,Year,N,Certified
EZYV20651,Asia,Master's,N,N,4292,1911,Midwest,135660.26,Year,Y,Denied
EZYV19790,Asia,Bachelor's,N,N,5732,2007,Midwest,160441.03,Year,Y,Certified
EZYV10507,Europe,Master's,N,N,8100,1994,Northeast,33676.37,Year,Y,Denied
EZYV23763,Asia,Master's,N,Y,3361,2005,South,64521.71,Year,Y,Denied
EZYV4384,Africa,Master's,N,N,2361,2006,West,128215.82,Year,Y,Denied
EZYV8872,Asia,Bachelor's,Y,N,4973,1850,Northeast,112533.32,Year,Y,Denied
EZYV2493,Asia,Master's,N,N,1829,1838,South,97.6734,Hour,Y,Certified
EZYV5317,Asia,Bachelor's,N,N,258,1998,South,83907.43,Year,Y,Certified
EZYV13556,Africa,Master's,N,Y,2779,1992,West,125172.89,Year,Y,Denied
EZYV6284,Europe,Bachelor's,N,N,2323,1917,Midwest,2118.48,Year,Y,Certified
EZYV2703,Asia,Doctorate,Y,N,3160,1979,Northeast,64255.14,Year,Y,Certified
EZYV795,Europe,Master's,Y,N,531,1953,South,20314.14,Year,Y,Certified
EZYV24928,North America,Master's,N,N,1072,1992,Northeast,455.1789,Hour,Y,Denied
EZYV7445,Asia,Bachelor's,Y,N,3961,2009,South,50246.63,Year,Y,Denied
EZYV22749,Europe,Bachelor's,Y,N,2046,2001,West,59523.7,Year,Y,Certified
EZYV9301,Asia,Master's,N,N,3051,2003,Midwest,96689.08,Year,Y,Certified
EZYV18236,Asia,Master's,N,N,1393,2006,Northeast,130690.67,Year,Y,Denied
EZYV19923,Europe,Master's,Y,N,4347,1994,Northeast,32618.89,Year,Y,Certified
EZYV15104,Asia,Bachelor's,N,N,1073,2006,Northeast,50428.01,Year,Y,Certified
EZYV10658,Asia,Master's,N,N,1629,1992,West,152933.88,Year,N,Certified
EZYV6711,Asia,Bachelor's,N,Y,1297,2005,South,49831.85,Year,Y,Certified
EZYV7844,Asia,Master's,Y,N,4066,1928,West,23039.95,Year,Y,Certified
EZYV22422,North America,Master's,N,N,3714,2012,South,52806.82,Year,Y,Certified
EZYV21767,Asia,Bachelor's,Y,N,1735,2005,South,104981.68,Year,Y,Certified
EZYV9214,North America,Bachelor's,N,N,2836,1855,West,102728.4,Year,Y,Denied
EZYV5942,Asia,Bachelor's,N,N,785,1989,Northeast,58057.0,Year,Y,Certified
EZYV4291,Europe,Bachelor's,Y,N,283,1979,South,39783.68,Year,Y,Certified
EZYV11996,Asia,Master's,Y,N,281,2005,South,30060.73,Year,N,Denied
EZYV10303,Asia,Master's,N,N,1956,1985,Midwest,115089.02,Year,N,Certified
EZYV19426,North America,Bachelor's,Y,N,2051,2004,Northeast,5.1868,Hour,Y,Denied
EZYV14937,Asia,Bachelor's,Y,N,1263,2005,West,97113.42,Year,Y,Certified
EZYV5182,Asia,Bachelor's,Y,N,5566,2000,South,118483.03,Year,Y,Certified
EZYV21572,Asia,Bachelor's,N,N,784,1966,South,187499.99,Year,Y,Certified
EZYV13277,Europe,Master's,Y,N,1440,2006,South,25210.07,Year,Y,Certified
EZYV16970,Asia,Doctorate,N,N,174,2004,Northeast,104236.51,Year,Y,Certified
EZYV3136,Asia,Bachelor's,Y,N,713,1867,West,157933.61,Year,Y,Certified
EZYV11012,Asia,Master's,N,N,235,2007,South,377.4307,Hour,Y,Denied
EZYV18838,Asia,Bachelor's,Y,N,3258,1999,West,15459.54,Year,Y,Denied
EZYV14239,North America,Bachelor's,N,N,2079,1963,South,56.6515,Hour,Y,Denied
EZYV23600,Europe,Bachelor's,Y,N,8389,1976,West,45305.78,Year,Y,Certified
EZYV1505,Europe,Master's,N,N,1227,1997,Midwest,31321.18,Year,Y,Certified
EZYV19653,North America,Master's,N,N,822,1987,Island,202188.16,Year,Y,Certified
EZYV20628,Asia,Master's,Y,N,5771,2010,South,76604.31,Year,Y,Certified
EZYV1231,Europe,Bachelor's,Y,Y,2499,1997,Northeast,54275.55,Year,Y,Certified
EZYV8716,Asia,Bachelor's,N,N,2797,1985,West,43278.8,Year,Y,Certified
EZYV8077,Asia,Master's,Y,N,1637,2005,Midwest,154170.99,Year,Y,Certified
EZYV3162,Asia,Doctorate,N,N,4134,2013,South,20050.08,Year,Y,Denied
EZYV24164,Asia,Master's,N,N,1965,1998,West,99932.29,Year,Y,Certified
EZYV2132,Europe,Doctorate,Y,N,16,1998,West,15996.73,Year,Y,Certified
EZYV13900,Asia,High School,N,N,67649,2009,Northeast,391.3599,Hour,Y,Denied
EZYV15577,Europe,Master's,Y,N,315,1972,West,46275.39,Year,Y,Certified
EZYV4055,Asia,Bachelor's,N,N,2245,2010,Midwest,181808.46,Year,Y,Denied
EZYV4426,North America,Bachelor's,Y,N,529,1994,West,287.8058,Hour,Y,Denied
EZYV10175,Asia,Master's,Y,N,3450,1987,South,95341.89,Year,N,Certified
EZYV20668,Asia,Master's,Y,N,75880,1984,South,56569.6,Year,Y,Certified
EZYV12384,Asia,High School,Y,N,3102,1981,West,90142.33,Year,Y,Denied
EZYV5523,Asia,Master's,N,Y,431,1915,South,124312.58,Year,Y,Certified
EZYV22596,Asia,Master's,Y,N,352,1999,South,37757.72,Year,Y,Certified
EZYV6157,Asia,Master's,N,N,3583,2013,West,12922.47,Year,Y,Certified
EZYV12609,Asia,Bachelor's,N,N,3448,1997,West,88644.41,Year,Y,Denied
EZYV2178,Asia,Doctorate,N,N,5709,2005,South,57874.13,Year,Y,Certified
EZYV22991,Europe,Master's,N,N,2938,1997,Northeast,53396.47,Year,Y,Denied
EZYV21811,Asia,Bachelor's,Y,N,3896,1979,Northeast,32578.15,Year,Y,Certified
EZYV428,Asia,Doctorate,Y,N,1121,2008,West,230750.48,Year,N,Certified
EZYV4127,Asia,Master's,Y,N,814,2004,Midwest,71287.86,Year,Y,Certified
EZYV1935,Asia,Master's,Y,N,650,2008,Northeast,410.1235,Hour,Y,Certified
EZYV24330,Asia,Bachelor's,Y,N,12907,1980,Midwest,149286.75,Week,Y,Denied
EZYV18997,North America,Master's,Y,N,2795,2006,Northeast,11751.03,Year,Y,Certified
EZYV1127,Asia,Bachelor's,Y,Y,3951,1927,Northeast,89736.45,Year,Y,Certified
EZYV14394,Europe,Bachelor's,Y,Y,2876,2001,South,38385.5,Year,Y,Certified
EZYV19915,Asia,Master's,Y,Y,1365,1998,South,19049.0,Year,Y,Certified
EZYV10923,Asia,Bachelor's,Y,N,896,1994,Northeast,66628.36,Year,Y,Certified
EZYV6495,Europe,Master's,N,N,1257,1976,Northeast,58438.95,Year,Y,Certified
EZYV18906,Asia,High School,N,N,3161,2007,Northeast,113378.11,Year,Y,Certified
EZYV15596,Asia,Bachelor's,N,Y,716,1976,West,75650.04,Week,Y,Certified
EZYV18736,Asia,Doctorate,Y,Y,118,1920,West,64988.74,Year,Y,Certified
EZYV7409,Asia,Master's,Y,N,2741,1997,South,89075.75,Year,Y,Certified
EZYV20667,Asia,Bachelor's,N,N,236,1868,West,601.6377,Hour,Y,Denied
EZYV6504,Asia,Master's,N,N,2398,1908,Midwest,73577.64,Year,Y,Certified
EZYV2645,Asia,Master's,Y,N,6755,1853,South,30147.57,Year,Y,Certified
EZYV7133,Asia,Bachelor's,N,N,324,1998,South,84376.2,Year,Y,Certified
EZYV23000,Asia,Bachelor's,Y,N,2309,2008,West,144429.73,Year,Y,Denied
EZYV8214,South America,Master's,Y,N,119,2012,Northeast,867.5177,Hour,Y,Certified
EZYV8086,Asia,Bachelor's,Y,Y,3490,1975,South,65680.52,Year,Y,Certified
EZYV11409,Asia,Doctorate,Y,Y,179,1872,Northeast,24598.08,Year,Y,Certified
EZYV4190,Asia,High School,Y,N,1516,2002,South,17673.16,Year,Y,Denied
EZYV16366,North America,Doctorate,Y,N,5119,1993,West,39339.88,Year,Y,Certified
EZYV14256,Asia,Bachelor's,Y,N,75,1832,South,61071.24,Year,N,Denied
EZYV10813,Asia,Master's,N,N,2277,2014,Northeast,62245.87,Year,Y,Certified
EZYV1117,Europe,Master's,N,N,619,2000,South,92773.58,Year,Y,Certified
EZYV7039,Asia,Bachelor's,Y,N,2211,1998,Northeast,150580.28,Year,N,Certified
EZYV19552,Asia,High School,Y,N,783,2013,Northeast,94072.28,Year,Y,Certified
EZYV21890,Asia,Master's,Y,N,82211,2006,South,106516.1,Year,Y,Certified
EZYV20358,North America,Bachelor's,Y,Y,2070,1997,Northeast,80718.21,Year,Y,Denied
EZYV3776,Africa,Doctorate,Y,Y,3061,1998,South,36779.89,Year,Y,Certified
EZYV24060,Asia,Bachelor's,Y,N,2301,1885,South,15294.91,Year,Y,Certified
EZYV18398,Asia,Bachelor's,Y,N,1964,2006,West,847.3708,Hour,Y,Denied
EZYV19926,Europe,Doctorate,Y,N,2160,2010,West,53750.13,Year,Y,Certified
EZYV7177,Asia,Bachelor's,N,N,1264,1952,South,523.6527,Hour,Y,Denied
EZYV372,Asia,Master's,N,N,3062,2001,Northeast,198752.64,Year,N,Denied
EZYV3291,Asia,Master's,N,N,5117,1994,West,92963.56,Year,Y,Denied
EZYV18072,Asia,Doctorate,Y,Y,88,2015,South,47916.58,Year,Y,Denied
EZYV19389,Asia,Master's,Y,N,25219,2014,South,14996.0,Year,Y,Certified
EZYV1728,Asia,Bachelor's,N,N,573,2015,West,94507.94,Year,Y,Denied
EZYV22642,Asia,Master's,Y,N,2173,1927,Northeast,46633.96,Year,Y,Denied
EZYV17394,Europe,Doctorate,Y,N,3971,1965,West,35780.41,Year,Y,Denied
EZYV12709,South America,Doctorate,N,N,874,1895,South,42578.59,Year,Y,Certified
EZYV11908,Asia,Bachelor's,N,Y,2530,1986,Northeast,39656.48,Year,Y,Certified
EZYV21135,North America,Bachelor's,N,N,1038,2006,Midwest,9189.48,Year,Y,Denied
EZYV20968,North America,Master's,N,N,86026,1999,West,87112.34,Year,N,Denied
EZYV24355,Asia,Bachelor's,N,Y,755,2013,South,49901.52,Year,Y,Certified
EZYV2636,Asia,Bachelor's,N,N,4083,2006,West,18819.3,Year,Y,Denied
EZYV5304,Asia,Master's,Y,N,4318,1940,South,35041.4,Year,Y,Certified
EZYV16159,North America,Master's,Y,N,1282,2011,West,132265.58,Year,Y,Certified
EZYV5611,North America,Master's,Y,N,127234,2003,Northeast,73425.31,Year,Y,Certified
EZYV4112,Europe,Doctorate,Y,N,1525,1947,West,3877.86,Year,Y,Certified
EZYV17209,Asia,Bachelor's,Y,N,798,1940,West,22173.65,Year,Y,Denied
EZYV12707,Asia,Master's,N,N,17757,1994,West,101826.78,Year,Y,Denied
EZYV1390,Asia,Bachelor's,N,N,2856,2002,South,22196.86,Year,Y,Certified
EZYV2677,North America,Master's,N,N,1979,1985,West,85786.34,Year,Y,Denied
EZYV293,Asia,Bachelor's,N,N,661,2006,Midwest,84899.65,Year,Y,Certified
EZYV9477,Asia,Master's,N,N,1582,1888,Midwest,84505.09,Year,Y,Certified
EZYV1845,Asia,Bachelor's,N,N,1336,1925,South,390.1588,Hour,Y,Certified
EZYV22884,Europe,Master's,N,N,3354,1898,West,65130.21,Year,Y,Certified
EZYV989,North America,Bachelor's,Y,N,6070,1997,Northeast,50956.99,Year,Y,Certified
EZYV13714,Asia,Bachelor's,Y,N,1116,2009,Northeast,65558.72,Year,Y,Denied
EZYV13254,Europe,Bachelor's,Y,N,2834,1986,West,8018.85,Year,Y,Certified
EZYV1606,Asia,Bachelor's,N,N,4786,1938,Island,111918.61,Year,Y,Denied
EZYV21441,Africa,Doctorate,Y,Y,2825,2001,Northeast,101741.03,Year,Y,Certified
EZYV2343,Asia,Master's,N,N,4460,2005,Midwest,44713.34,Year,Y,Certified
EZYV25010,Asia,Bachelor's,Y,N,576,2006,Northeast,121369.96,Year,Y,Certified
EZYV20299,Europe,Bachelor's,N,Y,2652,1994,West,72514.64,Year,Y,Certified
EZYV4107,Asia,Bachelor's,Y,N,1954,1980,South,47547.65,Year,Y,Denied
EZYV22972,Asia,High School,N,N,183,1997,Northeast,40691.97,Year,Y,Denied
EZYV17017,North America,Bachelor's,N,N,1948,2008,West,117952.57,Year,Y,Certified
EZYV7618,Asia,Bachelor's,N,N,1628,1987,Midwest,163256.4,Year,Y,Certified
EZYV15718,North America,Master's,Y,N,4347,2005,Northeast,56834.4,Year,Y,Certified
EZYV16772,Asia,Bachelor's,Y,N,4905,1998,South,69416.47,Year,Y,Certified
EZYV13762,Asia,Master's,Y,N,67,2006,West,120672.37,Year,Y,Certified
EZYV19815,Asia,Bachelor's,Y,N,506,2009,Northeast,75156.15,Year,Y,Denied
EZYV22741,Asia,Bachelor's,N,N,3516,1885,South,82678.94,Year,Y,Certified
EZYV6194,North America,Bachelor's,Y,N,138,1989,Northeast,60487.54,Year,Y,Denied
EZYV14252,Africa,Master's,Y,N,2746,1977,West,39582.97,Year,Y,Certified
EZYV831,North America,High School,N,N,373,1962,South,101824.5,Year,Y,Certified
EZYV12584,Europe,Doctorate,Y,N,614,1866,West,10536.04,Year,Y,Certified
EZYV9758,North America,Bachelor's,Y,N,2925,1975,West,44364.98,Year,N,Certified
EZYV13228,Asia,Master's,Y,N,10841,2009,West,116740.74,Year,N,Denied
EZYV9788,Asia,High School,Y,N,4196,2000,Northeast,16718.54,Year,Y,Denied
EZYV14329,Asia,Master's,Y,N,1839,1998,South,65592.5,Year,Y,Certified
EZYV14760,Asia,Master's,Y,N,2538,1952,Northeast,43602.19,Year,Y,Certified
EZYV4170,North America,Master's,N,N,3796,1962,Island,92235.04,Year,N,Denied
EZYV4989,Asia,Master's,Y,N,1738,2006,South,60591.27,Year,Y,Certified
EZYV18123,Asia,Bachelor's,Y,N,5770,1999,South,30881.58,Year,Y,Certified
EZYV6534,Europe,High School,N,N,2816,2001,South,72107.49,Year,Y,Denied
EZYV11558,North America,Bachelor's,N,N,1599,1993,Northeast,93.7639,Hour,Y,Certified
EZYV23733,Asia,Master's,Y,N,4766,2001,West,126225.3,Year,Y,Certified
EZYV23924,Asia,Master's,Y,N,2849,2009,South,125106.92,Year,N,Certified
EZYV3877,North America,Bachelor's,Y,Y,1666,2005,West,88757.17,Year,Y,Certified
EZYV18309,Asia,Master's,N,Y,3594,2011,West,110885.22,Year,Y,Denied
EZYV9290,North America,Master's,Y,N,995,2000,South,23053.79,Year,Y,Certified
EZYV11204,Asia,Master's,N,N,2835,2003,South,109765.53,Year,N,Certified
EZYV854,Asia,Master's,Y,N,1086,1971,South,97504.07,Year,N,Certified
EZYV13217,Europe,Doctorate,N,N,2498,2005,West,535.6644,Hour,Y,Denied
EZYV23241,Asia,Doctorate,Y,N,2621,1935,South,55900.49,Week,Y,Denied
EZYV17927,Asia,Master's,Y,N,994,2006,Northeast,89782.61,Year,N,Certified
EZYV21288,Asia,Bachelor's,N,N,183,2008,South,20015.02,Year,Y,Certified
EZYV10087,Asia,Bachelor's,Y,N,136,1997,West,28741.34,Year,Y,Denied
EZYV3773,Africa,High School,Y,N,1000,2008,Northeast,66194.39,Year,Y,Denied
EZYV3855,Europe,Bachelor's,N,N,888,2000,West,66923.13,Year,Y,Certified
EZYV8033,Asia,Bachelor's,N,Y,1763,1855,South,102640.5,Year,Y,Certified
EZYV17117,North America,Bachelor's,Y,N,62359,2001,West,93092.32,Year,Y,Denied
EZYV17763,Europe,Master's,Y,N,2067,2007,West,107232.05,Year,Y,Certified
EZYV22902,Africa,Master's,N,N,3011,2008,Northeast,35509.64,Year,Y,Certified
EZYV16127,Europe,High School,N,N,1875,2012,Island,23961.61,Year,Y,Denied
EZYV8782,Asia,Master's,Y,N,2550,2005,South,110952.94,Year,Y,Certified
EZYV14892,Asia,Bachelor's,Y,N,1521,1992,Northeast,86771.51,Year,N,Denied
EZYV21780,Asia,Bachelor's,N,N,2520,1999,South,48962.69,Year,Y,Certified
EZYV12377,Asia,Master's,Y,N,5778,1925,Northeast,97860.95,Year,Y,Certified
EZYV21596,Asia,Master's,Y,N,2549,1911,West,74414.81,Year,Y,Certified
EZYV23569,Europe,Bachelor's,Y,N,1733,1886,West,6584.97,Year,Y,Certified
EZYV14508,Asia,Bachelor's,N,N,2139,1906,Northeast,113302.23,Year,Y,Denied
EZYV19262,Asia,Bachelor's,N,N,2417,2000,Midwest,211270.73,Year,Y,Certified
EZYV11403,Asia,Bachelor's,Y,N,3051,2001,West,63904.2,Year,Y,Certified
EZYV6597,Africa,Master's,N,N,4649,2004,Northeast,125357.27,Year,Y,Certified
EZYV23051,Asia,Master's,N,N,247,1985,Northeast,85265.45,Year,Y,Denied
EZYV391,South America,High School,N,N,1864,1911,Island,137985.25,Year,Y,Denied
EZYV2936,North America,Master's,N,N,3010,2004,Northeast,111253.9,Year,Y,Denied
EZYV2128,North America,Master's,N,N,3151,1849,Midwest,44800.34,Year,Y,Certified
EZYV16092,Asia,Bachelor's,Y,N,44,1994,West,66472.41,Year,Y,Certified
EZYV218,North America,Bachelor's,Y,N,26891,1917,Northeast,52114.54,Year,Y,Denied
EZYV4178,Asia,High School,Y,Y,2589,1976,Northeast,53783.2,Year,Y,Denied
EZYV3228,Asia,Master's,N,N,3364,1993,South,63845.2,Year,N,Denied
EZYV408,Asia,Master's,N,N,1313,1889,Midwest,157199.78,Year,Y,Certified
EZYV7242,Asia,Doctorate,Y,N,3455,2012,Midwest,90925.92,Year,Y,Certified
EZYV8923,Asia,Bachelor's,Y,N,1024,1869,Northeast,54999.96,Year,Y,Denied
EZYV3798,Asia,Master's,Y,Y,855,1995,South,150176.25,Year,Y,Certified
EZYV16872,Asia,Master's,Y,N,21629,2009,Northeast,101672.19,Year,N,Certified
EZYV5066,Asia,High School,N,N,1982,2008,Northeast,12501.49,Year,Y,Denied
EZYV6247,Asia,High School,Y,N,91,1975,West,280205.27,Year,Y,Denied
EZYV21667,Asia,High School,Y,N,193,1939,Northeast,158225.12,Year,Y,Denied
EZYV13951,Asia,Bachelor's,N,N,1290,1801,Northeast,201507.74,Year,Y,Denied
EZYV7149,North America,Master's,Y,N,2151,2012,Northeast,102680.8,Year,Y,Certified
EZYV19597,Asia,Bachelor's,Y,N,2304,1885,Northeast,12953.23,Year,Y,Certified
EZYV13091,Asia,Master's,Y,N,529,2008,West,64245.75,Year,Y,Certified
EZYV19849,Asia,Bachelor's,Y,N,878,2002,South,72473.47,Year,Y,Denied
EZYV3044,North America,Doctorate,Y,N,802,2000,West,109585.81,Year,Y,Certified
EZYV11426,Asia,Master's,N,N,1447,1999,West,212950.63,Year,N,Certified
EZYV8771,Asia,Bachelor's,N,N,2402,1987,Northeast,100723.41,Year,Y,Denied
EZYV14721,Asia,Doctorate,Y,N,797,1909,Midwest,69071.14,Year,Y,Certified
EZYV4432,North America,Master's,Y,N,890,1978,West,101561.38,Year,Y,Denied
EZYV16945,Europe,Bachelor's,Y,N,4369,2004,South,25954.46,Year,Y,Certified
EZYV21414,Asia,Master's,N,N,214,2001,Northeast,750.5135,Hour,Y,Denied
EZYV20191,Asia,Master's,Y,N,2746,1977,Midwest,49818.71,Year,Y,Certified
EZYV1229,North America,High School,Y,N,1039,2011,Midwest,25815.98,Year,Y,Certified
EZYV3839,Asia,High School,Y,N,1728,1968,South,38232.45,Year,Y,Denied
EZYV2943,Europe,Bachelor's,Y,N,5563,1926,South,68312.2,Year,Y,Certified
EZYV2275,Oceania,Master's,N,N,1433,1997,West,66375.47,Year,Y,Denied
EZYV21231,Europe,Master's,Y,N,22533,1853,West,57062.5,Year,Y,Denied
EZYV23855,North America,Bachelor's,N,N,3423,1990,Midwest,110430.02,Year,Y,Denied
EZYV17839,Asia,Master's,Y,N,3891,2000,Midwest,151194.24,Year,Y,Certified
EZYV2381,Asia,Master's,Y,N,1820,1970,Midwest,100686.2,Year,Y,Certified
EZYV16417,Asia,Bachelor's,Y,N,4173,1949,Midwest,183551.05,Year,Y,Certified
EZYV18974,Asia,Bachelor's,N,N,1084,1996,Northeast,425.1077,Hour,Y,Denied
EZYV8738,Asia,Bachelor's,N,N,2043,1960,Midwest,141297.52,Year,Y,Certified
EZYV24775,South America,Bachelor's,Y,N,30916,1944,Northeast,20672.45,Year,Y,Certified
EZYV24186,South America,Bachelor's,Y,N,4304,1968,Midwest,74869.47,Year,Y,Certified
EZYV15229,Asia,Master's,Y,N,14544,1985,South,53314.5,Month,Y,Certified
EZYV8280,Asia,Bachelor's,Y,N,1875,1981,West,153315.16,Year,Y,Denied
EZYV15421,Asia,High School,Y,N,3878,1982,Northeast,39426.71,Year,Y,Denied
EZYV4552,Asia,Bachelor's,N,N,1097,2006,West,42684.51,Year,Y,Denied
EZYV13450,Asia,Bachelor's,Y,N,5070,1997,Midwest,55475.32,Year,Y,Certified
EZYV7706,Asia,High School,Y,N,284,1995,West,94046.05,Year,Y,Denied
EZYV170,Asia,Master's,N,N,373,1992,West,71825.63,Week,Y,Denied
EZYV14037,Asia,Master's,Y,N,4730,2006,West,54683.03,Year,Y,Certified
EZYV22033,Asia,High School,Y,N,2890,2001,Northeast,20510.35,Year,Y,Denied
EZYV415,Europe,Doctorate,N,N,4651,1938,South,12367.86,Year,Y,Certified
EZYV20656,North America,Bachelor's,Y,N,553,1939,Northeast,76011.14,Year,Y,Denied
EZYV16303,North America,Bachelor's,N,N,1616,2000,West,118401.25,Year,Y,Certified
EZYV6054,Europe,Doctorate,N,N,1124,1907,West,24667.76,Year,Y,Certified
EZYV19544,Europe,Master's,N,N,121515,2002,South,162638.0,Year,Y,Certified
EZYV17128,Asia,Master's,Y,N,4535,2008,South,263.1046,Hour,Y,Denied
EZYV557,Asia,Master's,Y,N,1538,1962,West,314.6393,Hour,Y,Certified
EZYV22845,Asia,Master's,Y,N,253,2011,Northeast,92464.03,Year,N,Certified
EZYV4719,Asia,Doctorate,Y,N,1512,1984,Northeast,34952.44,Year,Y,Certified
EZYV16794,Asia,Bachelor's,Y,N,3950,1885,South,19230.56,Year,Y,Certified
EZYV7345,Asia,High School,Y,N,4688,1965,Northeast,80917.1,Year,Y,Denied
EZYV23001,Asia,Master's,N,N,2599,2010,Northeast,83494.12,Year,N,Certified
EZYV22137,North America,Master's,Y,N,1464,1980,Northeast,146267.43,Year,Y,Certified
EZYV11763,North America,Doctorate,Y,N,3077,2007,South,10292.62,Year,Y,Certified
EZYV11933,Asia,Master's,N,N,2144,1998,Northeast,43555.18,Year,Y,Denied
EZYV13190,Asia,Master's,Y,N,1087,2013,Midwest,70910.04,Year,N,Certified
EZYV859,Asia,Bachelor's,Y,N,2685,2011,Northeast,104044.4,Year,Y,Certified
EZYV18824,Asia,Bachelor's,Y,N,5459,2010,South,196117.47,Year,Y,Denied
EZYV11533,Asia,Master's,N,N,1381,1998,Midwest,75021.96,Year,Y,Certified
EZYV6881,Asia,Master's,N,N,417,1996,South,232792.93,Year,N,Certified
EZYV20440,North America,Bachelor's,N,N,2232,2013,West,66953.59,Year,Y,Certified
EZYV8571,North America,High School,Y,N,5734,1963,South,21159.49,Year,Y,Certified
EZYV22721,Asia,Master's,N,N,4370,1960,West,117397.66,Year,N,Certified
EZYV13260,Europe,Master's,N,Y,1764,1962,South,100775.71,Year,Y,Certified
EZYV8293,Asia,High School,N,N,4070,1904,Northeast,39203.99,Year,Y,Denied
EZYV9221,Asia,Bachelor's,Y,N,3344,2007,Northeast,11039.64,Year,Y,Certified
EZYV18227,Asia,Master's,Y,N,2788,1910,Northeast,44995.55,Year,Y,Certified
EZYV18788,Asia,Master's,Y,N,767,1968,Midwest,45414.33,Year,Y,Certified
EZYV9344,North America,Master's,N,N,196,1999,Northeast,78957.67,Year,Y,Denied
EZYV20190,North America,Bachelor's,Y,N,1567,1974,South,4874.12,Year,Y,Denied
EZYV18358,North America,High School,Y,N,2405,2000,Northeast,97330.77,Year,Y,Certified
EZYV3371,Asia,Master's,N,N,2609,1995,South,99821.06,Year,Y,Denied
EZYV5723,South America,Bachelor's,Y,N,2968,1921,West,90911.47,Month,Y,Certified
EZYV24803,Europe,Bachelor's,Y,N,388,2001,West,93291.21,Year,Y,Certified
EZYV5951,Asia,Bachelor's,N,N,851,1979,Northeast,92941.44,Year,Y,Denied
EZYV863,North America,Doctorate,N,N,3345,1992,West,40804.63,Year,Y,Denied
EZYV14193,Asia,Master's,Y,N,478,2004,West,66938.54,Year,Y,Certified
EZYV19042,Asia,Bachelor's,Y,N,2959,2003,South,165773.27,Year,Y,Denied
EZYV5191,Asia,Bachelor's,N,N,2068,1899,Midwest,121335.07,Year,Y,Certified
EZYV6196,Europe,Doctorate,Y,N,3806,1999,West,238109.72,Year,Y,Certified
EZYV21156,Asia,Master's,N,N,1834,2011,Northeast,108038.2,Year,Y,Certified
EZYV12573,Asia,Bachelor's,Y,N,4850,1989,West,119505.2,Year,Y,Denied
EZYV25365,South America,Bachelor's,Y,N,1269,2000,South,5769.54,Year,Y,Certified
EZYV7684,South America,Bachelor's,Y,N,124,2001,Northeast,95739.15,Year,Y,Denied
EZYV7913,Asia,Bachelor's,N,N,413,2000,South,148197.3,Year,Y,Certified
EZYV9152,Asia,Bachelor's,N,Y,2457,1973,South,138044.56,Year,Y,Denied
EZYV23794,Asia,Bachelor's,Y,N,4146,1991,Northeast,18571.43,Year,Y,Denied
EZYV2369,South America,Bachelor's,Y,N,1418,1868,South,68560.91,Year,Y,Certified
EZYV18149,Asia,High School,N,Y,597,2005,Northeast,94229.0,Year,Y,Certified
EZYV13937,Asia,Bachelor's,Y,N,2612,1951,Northeast,28540.95,Year,Y,Certified
EZYV2367,Asia,Bachelor's,N,N,2432,2001,West,292106.59,Year,N,Denied
EZYV17216,Asia,Master's,Y,N,3127,2001,West,90856.33,Year,Y,Denied
EZYV13655,Asia,Master's,N,N,232,1868,South,139224.24,Year,N,Certified
EZYV21605,Asia,Master's,Y,N,1440,2002,Midwest,7169.8,Year,Y,Certified
EZYV19566,Asia,High School,N,N,1770,1999,Northeast,79066.07,Year,Y,Denied
EZYV2209,Asia,Bachelor's,Y,Y,967,1998,South,84314.08,Year,Y,Certified
EZYV22200,Asia,Bachelor's,N,Y,1586,1946,West,114042.71,Year,Y,Denied
EZYV3621,Asia,Bachelor's,Y,N,1139,1886,Northeast,8667.23,Year,Y,Certified
EZYV7609,Asia,Bachelor's,Y,Y,102677,2004,West,110923.6,Year,Y,Denied
EZYV13248,Asia,Bachelor's,Y,N,971,1978,Northeast,43756.51,Year,Y,Certified
EZYV24284,North America,Master's,Y,N,751,1996,West,195855.82,Year,N,Certified
EZYV5677,Asia,High School,Y,N,688,2007,South,34142.98,Year,Y,Denied
EZYV4003,Asia,High School,N,Y,549,2005,West,92490.04,Year,Y,Denied
EZYV19151,Africa,High School,Y,N,3978,1975,West,80054.07,Year,Y,Certified
EZYV24410,Europe,High School,Y,N,5503,1971,Northeast,33289.1,Year,Y,Certified
EZYV13517,Asia,Bachelor's,Y,N,4811,2004,West,39491.77,Year,Y,Denied
EZYV11410,North America,Bachelor's,N,N,171,2004,South,158041.96,Year,Y,Denied
EZYV10816,Europe,Doctorate,Y,N,2687,1998,Northeast,27874.08,Year,Y,Certified
EZYV25037,Europe,Bachelor's,Y,N,1045,2009,Northeast,236625.64,Year,Y,Certified
EZYV18116,Asia,Master's,N,N,2022,2001,Northeast,119087.02,Year,N,Certified
EZYV17363,Asia,Doctorate,Y,N,4205,1968,South,49813.4,Year,Y,Certified
EZYV7104,Asia,Bachelor's,Y,N,4761,1986,Northeast,86205.73,Year,Y,Denied
EZYV25122,Asia,Bachelor's,Y,N,648,1999,West,109277.91,Year,Y,Certified
EZYV5574,Asia,Bachelor's,Y,N,3297,1990,Midwest,244813.07,Year,Y,Certified
EZYV3721,North America,Bachelor's,N,N,1490,2012,Midwest,146216.07,Year,Y,Denied
EZYV6924,Europe,Bachelor's,N,N,2204,1912,South,142.82,Hour,Y,Certified
EZYV17716,Africa,Master's,Y,N,5533,1999,Northeast,133828.65,Year,Y,Certified
EZYV16638,Asia,Bachelor's,N,N,2566,1849,Northeast,124581.3,Year,Y,Denied
EZYV16039,North America,Bachelor's,N,N,2854,1898,Midwest,5670.13,Year,Y,Denied
EZYV19690,Asia,Bachelor's,N,N,6644,1948,Northeast,16198.5,Week,Y,Certified
EZYV2650,Asia,Bachelor's,Y,N,2900,1969,Northeast,59514.37,Year,Y,Certified
EZYV23816,Asia,Master's,N,Y,1411,1884,West,160868.34,Year,Y,Certified
EZYV4651,Europe,Bachelor's,Y,Y,954,2008,Northeast,70300.43,Year,Y,Denied
EZYV19160,Asia,Bachelor's,N,N,256,1889,Midwest,36423.36,Year,Y,Certified
EZYV18480,Europe,Master's,Y,N,3440,2007,Northeast,50518.46,Year,Y,Denied
EZYV348,Asia,Bachelor's,N,N,2384,2007,West,96146.09,Year,N,Denied
EZYV8370,Asia,Master's,N,N,3368,1979,Northeast,85201.79,Year,Y,Certified
EZYV5060,North America,Bachelor's,N,N,2286,2007,Northeast,370.3349,Hour,Y,Denied
EZYV9130,Africa,Bachelor's,Y,N,1075,1986,West,63079.56,Year,N,Certified
EZYV6936,Asia,High School,Y,N,3579,2006,Northeast,26119.6,Year,Y,Denied
EZYV01,Asia,High School,N,N,14513,2007,West,592.2029,Hour,Y,Denied
EZYV2418,Asia,Bachelor's,N,N,839,1975,Northeast,47190.8,Year,Y,Denied
EZYV15642,Asia,Bachelor's,Y,N,2729,2000,Northeast,93385.56,Year,Y,Denied
EZYV12309,Asia,Master's,N,N,132142,1992,West,153972.54,Year,Y,Denied
EZYV14362,Asia,High School,Y,N,4382,1973,West,25604.99,Year,N,Denied
EZYV10136,Europe,Bachelor's,N,Y,1967,1986,West,59992.58,Year,Y,Denied
EZYV12810,Europe,Bachelor's,Y,Y,2209,1965,South,73006.58,Year,Y,Denied
EZYV2774,Asia,Bachelor's,Y,N,3287,1980,South,137545.78,Year,Y,Certified
EZYV5155,Asia,Master's,N,N,5584,1817,Northeast,54290.36,Year,Y,Certified
EZYV2564,Asia,Bachelor's,Y,N,1460,1998,South,28055.46,Year,Y,Certified
EZYV1479,Asia,Master's,Y,N,3843,2008,West,122465.21,Year,Y,Certified
EZYV22016,Asia,Doctorate,Y,N,1392,1939,South,271.0953,Hour,Y,Denied
EZYV20185,Europe,Doctorate,N,N,4705,2000,West,54961.27,Year,Y,Certified
EZYV23269,Asia,Master's,N,Y,1206,1994,West,44923.06,Year,Y,Denied
EZYV12721,Asia,High School,Y,N,1077,1987,Midwest,176079.48,Year,Y,Denied
EZYV13066,Asia,Master's,Y,N,1238,1999,Northeast,109923.43,Year,Y,Certified
EZYV16500,Europe,Doctorate,N,N,5252,1995,Northeast,16412.72,Year,Y,Denied
EZYV9150,Asia,Master's,Y,N,767,1996,South,59444.94,Year,Y,Certified
EZYV17577,Asia,Bachelor's,Y,N,3820,2004,Northeast,984.8595,Hour,Y,Certified
EZYV19483,Asia,Bachelor's,Y,N,2168,1971,Northeast,10283.24,Year,Y,Certified
EZYV12230,North America,Bachelor's,Y,N,2166,2008,West,81963.97,Week,Y,Denied
EZYV1690,Asia,Bachelor's,Y,N,1153,2005,Northeast,119288.07,Year,Y,Certified
EZYV14089,Europe,High School,N,N,3026,1838,Northeast,38627.67,Year,Y,Denied
EZYV23220,Asia,Bachelor's,Y,N,884,2007,West,46515.24,Year,Y,Certified
EZYV16095,Asia,Master's,Y,N,3374,1999,West,130443.9,Year,Y,Certified
EZYV24108,Asia,Master's,Y,N,1157,2011,Midwest,58732.31,Year,Y,Certified
EZYV22276,Asia,Doctorate,Y,N,4296,2005,South,16832.21,Year,Y,Certified
EZYV10818,Europe,Bachelor's,Y,Y,1787,2012,South,114076.97,Year,Y,Certified
EZYV18269,North America,High School,Y,N,51,1994,West,37249.38,Year,Y,Certified
EZYV25121,Asia,Master's,Y,N,3073,2011,South,46932.41,Year,Y,Certified
EZYV9794,Europe,Doctorate,N,N,1344,1870,West,30295.34,Year,Y,Certified
EZYV20652,Africa,High School,N,N,307,2000,Midwest,131300.98,Month,Y,Certified
EZYV1672,North America,High School,N,N,2386,1973,Northeast,730.4062,Hour,Y,Denied
EZYV13597,Asia,Master's,Y,N,542,1970,South,66209.1,Year,Y,Certified
EZYV10684,Asia,Master's,Y,N,381,1998,Midwest,28327.92,Year,N,Certified
EZYV22140,Asia,Master's,Y,N,270,1956,Northeast,93569.19,Year,N,Certified
EZYV5844,Asia,Bachelor's,N,N,1163,2011,Midwest,40485.31,Year,Y,Certified
EZYV16685,North America,Bachelor's,Y,N,1063,1987,Northeast,30912.39,Year,Y,Denied
EZYV10867,Asia,High School,N,N,2253,1988,Northeast,971.1404,Hour,Y,Denied
EZYV15331,South America,Bachelor's,Y,N,3533,1999,Midwest,130137.7,Year,Y,Denied
EZYV17456,Asia,Master's,N,N,3212,1869,Northeast,93125.7,Year,Y,Denied
EZYV2466,Asia,Bachelor's,N,Y,32625,2004,Midwest,83893.82,Year,Y,Certified
EZYV8372,Asia,Bachelor's,Y,N,1914,2012,Midwest,115078.63,Year,Y,Certified
EZYV19789,Europe,Master's,N,Y,1146,2004,Northeast,112163.39,Year,Y,Certified
EZYV23629,Asia,Master's,Y,N,332,1971,South,166514.25,Year,Y,Certified
EZYV5825,Asia,Bachelor's,N,N,506,1998,Midwest,30944.79,Year,Y,Denied
EZYV5082,Europe,Master's,Y,N,3955,1985,West,119305.23,Year,Y,Certified
EZYV21561,Asia,Doctorate,N,N,1868,2003,Northeast,94374.11,Year,Y,Certified
EZYV22123,Oceania,Doctorate,Y,N,1788,1999,Northeast,78893.01,Year,Y,Certified
EZYV25013,Asia,Master's,N,N,4427,1985,Northeast,98730.44,Year,N,Certified
EZYV6748,Europe,Master's,N,Y,1488,1994,West,49723.83,Year,Y,Certified
EZYV19027,North America,Bachelor's,Y,N,1977,2012,Northeast,11201.71,Year,Y,Denied
EZYV21131,Europe,Bachelor's,Y,N,1213,2002,South,143203.58,Year,N,Denied
EZYV16570,Asia,Master's,Y,N,5236,1978,Northeast,4427.97,Year,Y,Denied
EZYV11792,North America,Bachelor's,Y,N,3051,1989,West,150210.82,Year,Y,Certified
EZYV14793,Europe,Doctorate,N,N,465,1989,Northeast,9107.57,Year,Y,Certified
EZYV18923,Asia,Master's,Y,N,2597,1870,West,39399.67,Year,N,Certified
EZYV363,South America,Bachelor's,Y,N,1837,1898,South,227.1764,Hour,Y,Certified
EZYV4172,Asia,Bachelor's,N,N,2167,2004,South,82120.56,Year,Y,Denied
EZYV631,Asia,Master's,Y,Y,8780,1846,South,81640.69,Year,Y,Certified
EZYV47,Asia,Bachelor's,Y,N,2623,2008,South,61567.75,Year,Y,Certified
EZYV23195,North America,Bachelor's,Y,N,737,2003,South,23676.16,Year,Y,Certified
EZYV1485,Asia,Master's,Y,N,35,2008,South,46332.43,Year,Y,Certified
EZYV559,Asia,Master's,N,N,4990,1976,Northeast,117998.47,Year,N,Denied
EZYV9401,Europe,Master's,Y,N,1285,1968,West,39913.98,Year,Y,Certified
EZYV12617,Asia,Master's,N,N,2609,1989,Northeast,3078.37,Month,Y,Denied
EZYV8639,Asia,Master's,Y,N,4400,1999,Northeast,41788.13,Year,Y,Certified
EZYV20064,Asia,Bachelor's,N,Y,1496,2002,South,102763.29,Year,Y,Certified
EZYV19850,Asia,Master's,Y,N,3492,1989,Northeast,45130.05,Year,Y,Certified
EZYV20083,Oceania,High School,N,N,116,2007,South,70474.78,Year,Y,Denied
EZYV7985,Asia,High School,Y,N,4072,2006,Northeast,44812.49,Year,Y,Denied
EZYV16508,Asia,Bachelor's,N,Y,31,1952,Northeast,27032.25,Year,Y,Certified
EZYV1240,Asia,High School,N,N,4671,1991,Midwest,41191.38,Year,Y,Certified
EZYV17932,Asia,Master's,N,N,96,2007,Northeast,141461.62,Year,Y,Certified
EZYV12475,Asia,Bachelor's,Y,N,3928,2007,West,53751.99,Year,Y,Certified
EZYV3560,Asia,Doctorate,N,Y,1659,1936,West,138930.32,Year,Y,Denied
EZYV9976,Asia,Master's,N,N,45188,2013,South,20679.31,Year,Y,Certified
EZYV17616,Asia,High School,N,N,1469,2006,West,68269.08,Year,Y,Denied
EZYV16578,Asia,Master's,N,N,2965,2000,Midwest,13279.84,Year,Y,Certified
EZYV1834,North America,High School,N,N,19524,1975,West,135400.79,Year,Y,Denied
EZYV3432,Asia,Master's,N,N,1060,2013,West,113238.49,Year,Y,Denied
EZYV22171,North America,Master's,N,N,2856,1997,South,73649.81,Year,N,Denied
EZYV20096,South America,Master's,Y,N,5310,2005,West,155380.04,Year,Y,Denied
EZYV19500,North America,Master's,N,N,910,1935,Northeast,102.77,Hour,Y,Certified
EZYV19691,North America,Master's,Y,N,2505,1997,Northeast,53053.81,Year,Y,Certified
EZYV24499,Europe,Bachelor's,Y,N,5170,1979,Northeast,89875.48,Year,Y,Certified
EZYV11818,Asia,Bachelor's,N,N,815,2001,West,87930.41,Year,Y,Certified
EZYV11087,Asia,High School,Y,N,3768,1984,Midwest,120609.28,Year,Y,Denied
EZYV670,Asia,Bachelor's,Y,N,992,1992,West,218554.78,Year,Y,Certified
EZYV21197,Europe,Bachelor's,N,N,3610,1993,South,17877.73,Year,Y,Certified
EZYV17531,South America,Master's,Y,N,3330,1991,Northeast,455.4029,Hour,Y,Denied
EZYV3707,Asia,Bachelor's,N,N,1260,2010,Midwest,27572.16,Year,Y,Denied
EZYV4607,Asia,Master's,N,N,808,1988,Midwest,156855.87,Year,Y,Denied
EZYV22977,North America,Doctorate,N,N,3426,2003,Northeast,109513.82,Year,Y,Certified
EZYV21610,Asia,Master's,Y,N,1457,2012,South,31696.89,Year,Y,Certified
EZYV13307,Asia,Bachelor's,N,N,2928,2002,West,10267.71,Year,Y,Certified
EZYV10360,Asia,Bachelor's,Y,N,1835,2002,Midwest,109258.43,Year,Y,Denied
EZYV6548,Europe,Master's,N,Y,538,2000,Northeast,159956.15,Year,Y,Certified
EZYV12997,Asia,Bachelor's,N,N,414,2015,West,896.7473,Hour,Y,Denied
EZYV18473,Asia,Master's,Y,N,3250,1838,Midwest,75727.81,Year,Y,Certified
EZYV12653,Asia,Master's,Y,N,1557,2012,West,16183.73,Year,Y,Certified
EZYV8335,Asia,Bachelor's,Y,N,447,2006,Midwest,25514.26,Year,Y,Certified
EZYV4441,Asia,Master's,N,Y,2948,1873,South,52812.07,Year,Y,Denied
EZYV12038,Asia,Bachelor's,Y,Y,35169,1960,South,76045.89,Year,Y,Certified
EZYV12835,Asia,Bachelor's,N,N,767,2010,Northeast,76401.44,Year,Y,Certified
EZYV14465,North America,Doctorate,N,N,1856,1984,South,36802.82,Year,Y,Certified
EZYV11371,Europe,Bachelor's,N,N,3350,2008,Northeast,127065.45,Year,Y,Certified
EZYV7834,Asia,Bachelor's,N,N,257,1980,West,79091.09,Year,Y,Certified
EZYV2295,Asia,Master's,Y,N,2895,2006,South,31247.22,Year,Y,Certified
EZYV11600,Europe,Doctorate,N,N,850,1994,Midwest,93337.49,Year,Y,Certified
EZYV12029,North America,Bachelor's,Y,N,720,2009,Island,86624.62,Year,Y,Certified
EZYV10957,Asia,Bachelor's,Y,N,2732,2001,West,466.4959,Hour,Y,Denied
EZYV17650,North America,Master's,N,N,1655,1978,South,46837.19,Year,N,Certified
EZYV11113,Asia,Bachelor's,Y,N,1498,2005,South,28118.85,Year,Y,Denied
EZYV4349,Asia,Master's,N,N,2926,1997,West,182.0907,Hour,Y,Denied
EZYV13021,Asia,Master's,Y,N,16363,1984,Island,15284.02,Year,Y,Certified
EZYV19378,Africa,Master's,N,N,3600,1916,West,108519.1,Year,Y,Certified
EZYV7937,Asia,Master's,N,N,3088,2001,West,27135.86,Year,N,Certified
EZYV18724,Asia,Bachelor's,Y,N,1088,2005,Northeast,56120.83,Year,Y,Certified
EZYV15647,North America,Bachelor's,N,N,551,1989,West,297.7775,Hour,Y,Denied
EZYV18821,Asia,Bachelor's,N,N,2762,2005,South,77.3892,Hour,Y,Denied
EZYV7909,Asia,High School,N,N,499,1901,South,139.11,Hour,Y,Denied
EZYV8660,Asia,High School,Y,N,1643,2002,West,37975.94,Year,Y,Denied
EZYV10066,Europe,Doctorate,N,N,350,2000,West,85460.96,Year,Y,Certified
EZYV23802,North America,Master's,N,N,1517,1988,South,111648.96,Year,Y,Denied
EZYV25308,Asia,Master's,Y,N,2673,2006,Midwest,40562.75,Year,Y,Certified
EZYV6869,North America,Master's,Y,N,833,1950,Midwest,70573.43,Year,N,Certified
EZYV19095,Europe,Master's,Y,N,5321,2001,West,105748.85,Year,Y,Certified
EZYV7420,Asia,Master's,N,N,2752,2003,Northeast,83243.65,Year,Y,Certified
EZYV1605,Asia,Bachelor's,N,N,696,1991,South,794.3333,Hour,Y,Certified
EZYV19987,North America,Doctorate,Y,N,321,1985,South,128651.42,Year,Y,Certified
EZYV19417,North America,Bachelor's,N,N,3557,1869,South,114927.32,Week,N,Certified
EZYV16136,North America,Bachelor's,Y,N,3307,1999,West,34480.6,Year,Y,Denied
EZYV6774,Asia,Bachelor's,N,N,194,2009,West,86628.06,Year,Y,Certified
EZYV6853,Asia,Master's,N,N,3539,1984,South,93340.54,Year,N,Certified
EZYV1079,Asia,Bachelor's,N,Y,2237,1948,West,114442.35,Year,Y,Denied
EZYV16796,North America,Master's,Y,N,5029,1989,South,53666.07,Year,Y,Certified
EZYV22834,Asia,High School,Y,N,851,1974,Northeast,59155.72,Year,Y,Denied
EZYV13023,North America,Doctorate,Y,N,3199,1993,Northeast,15569.23,Year,Y,Certified
EZYV17219,Africa,High School,N,N,628,1992,Northeast,540.1617,Hour,Y,Denied
EZYV18373,Europe,Doctorate,N,N,2276,2012,West,77641.13,Year,Y,Certified
EZYV20697,Asia,Master's,N,N,2273,2006,South,906.9333,Hour,Y,Denied
EZYV10289,Europe,Bachelor's,Y,N,6057,1997,West,27884.87,Year,Y,Certified
EZYV6007,South America,High School,Y,N,845,1898,Northeast,95.8502,Hour,Y,Certified
EZYV20683,Europe,Doctorate,N,N,1121,2005,South,26201.0,Year,Y,Certified
EZYV1344,Asia,Master's,Y,N,1974,2004,Midwest,231949.27,Year,Y,Certified
EZYV6963,Europe,Master's,N,N,564,1994,West,85910.33,Year,Y,Denied
EZYV19511,Asia,Bachelor's,N,N,407,2007,Northeast,133843.64,Year,Y,Denied
EZYV78,Asia,Bachelor's,Y,N,1274,1999,South,107781.48,Year,Y,Certified
EZYV13028,Europe,Bachelor's,N,Y,1908,2001,West,2103.96,Year,Y,Certified
EZYV24904,Asia,Bachelor's,Y,N,2419,2007,South,2443.42,Year,Y,Certified
EZYV1931,North America,Master's,Y,N,79245,1867,Island,70580.85,Year,Y,Certified
EZYV21844,Asia,Master's,Y,N,4086,1984,Northeast,73757.91,Year,Y,Certified
EZYV23257,Asia,Master's,Y,N,1504,1954,Midwest,74592.71,Year,Y,Certified
EZYV23589,Asia,Bachelor's,Y,N,3941,2010,Northeast,107975.7,Year,Y,Denied
EZYV24055,Asia,Master's,Y,Y,2311,1994,West,29500.18,Year,Y,Certified
EZYV9960,Asia,Bachelor's,Y,Y,3013,1991,South,92360.99,Year,Y,Certified
EZYV12368,Asia,Master's,Y,N,232,1999,South,39157.95,Year,Y,Certified
EZYV16460,Asia,Master's,Y,N,3860,2009,Midwest,169476.56,Year,Y,Certified
EZYV20441,North America,Master's,N,N,1382,1998,Midwest,132034.19,Year,Y,Certified
EZYV13206,Asia,Master's,N,N,358,2006,Midwest,41706.32,Year,Y,Certified
EZYV22412,Europe,Doctorate,Y,N,4470,2012,South,44092.49,Year,Y,Certified
EZYV10473,Asia,Doctorate,N,N,3012,1988,Northeast,222.6868,Hour,Y,Certified
EZYV9129,Europe,Master's,Y,N,3092,1995,West,91150.95,Year,Y,Certified
EZYV16613,Asia,Bachelor's,Y,N,3160,1981,South,102886.62,Week,Y,Denied
EZYV2505,Asia,Bachelor's,Y,N,1419,1855,Northeast,11970.6,Year,Y,Certified
EZYV700,Asia,Master's,Y,N,463,1907,Northeast,68182.63,Year,Y,Certified
EZYV6521,Europe,Bachelor's,N,Y,68236,1998,West,59185.76,Year,Y,Certified
EZYV3895,Asia,Master's,N,N,1684,1996,Midwest,149808.05,Year,Y,Denied
EZYV20943,North America,Bachelor's,N,N,2134,1998,South,45711.3,Year,Y,Certified
EZYV6511,North America,Master's,N,N,922,1987,Midwest,309.606,Hour,Y,Denied
EZYV11819,Asia,Master's,N,N,514,2002,Northeast,30794.59,Year,Y,Denied
EZYV11598,Asia,Doctorate,Y,Y,2495,1997,South,218318.76,Year,Y,Certified
EZYV19247,Asia,Bachelor's,N,Y,12587,1990,Northeast,19001.91,Year,Y,Certified
EZYV14422,Asia,Bachelor's,N,N,3196,2005,Midwest,109681.5,Year,Y,Certified
EZYV21957,North America,Bachelor's,N,N,105,2003,Northeast,69098.66,Year,Y,Certified
EZYV9543,South America,Master's,N,N,5998,2006,West,64824.1,Year,Y,Denied
EZYV5276,Asia,Bachelor's,N,N,4138,1997,Midwest,120338.67,Year,Y,Certified
EZYV21568,Asia,Bachelor's,Y,N,73,2013,South,73838.21,Year,Y,Certified
EZYV335,Asia,Master's,Y,N,4614,1911,Northeast,84716.62,Year,N,Certified
EZYV20882,Oceania,High School,N,N,605,2000,Northeast,146930.92,Year,Y,Certified
EZYV7671,Europe,Master's,Y,N,3621,2000,Northeast,40435.26,Year,Y,Certified
EZYV7348,Asia,Doctorate,Y,N,80,1931,South,72311.46,Year,N,Certified
EZYV19639,Asia,Bachelor's,Y,N,628,1942,Midwest,83851.73,Year,Y,Certified
EZYV4995,Asia,Master's,Y,Y,633,1996,South,110941.89,Year,Y,Certified
EZYV20491,Asia,High School,Y,N,848,1989,Northeast,2450.22,Year,Y,Certified
EZYV6478,Asia,Bachelor's,N,Y,1957,1986,Northeast,60095.22,Year,Y,Denied
EZYV15629,Asia,Bachelor's,Y,N,1286,1985,Northeast,125034.41,Year,Y,Certified
EZYV24808,Asia,Bachelor's,Y,N,3399,2007,Midwest,71044.14,Year,Y,Denied
EZYV12218,Asia,Master's,Y,N,391,2001,Northeast,119350.32,Year,Y,Certified
EZYV22804,Africa,Master's,N,N,5384,1987,West,42388.5,Year,Y,Denied
EZYV18230,Asia,Master's,N,N,425,2000,South,56408.3,Year,Y,Denied
EZYV10231,Asia,Bachelor's,Y,N,2076,2004,West,122240.98,Year,Y,Certified
EZYV4284,Asia,Bachelor's,Y,N,2402,1987,Northeast,29779.65,Year,Y,Denied
EZYV3191,Europe,Bachelor's,N,Y,2963,1999,West,96506.89,Year,Y,Certified
EZYV20154,Europe,Bachelor's,N,N,4276,2007,West,105192.84,Year,Y,Certified
EZYV17619,Asia,Bachelor's,Y,N,2232,1998,West,46875.14,Year,Y,Certified
EZYV9116,Asia,Master's,N,N,648,1898,Midwest,233767.78,Year,Y,Certified
EZYV3680,Europe,Doctorate,Y,N,1715,1994,Northeast,63016.72,Year,Y,Certified
EZYV3261,Asia,Doctorate,Y,Y,741,1997,South,82643.23,Year,Y,Certified
EZYV16615,Asia,Bachelor's,Y,N,546,1933,West,91416.34,Year,Y,Certified
EZYV12596,Asia,High School,Y,N,2597,2001,Midwest,69771.69,Year,Y,Denied
EZYV6689,Europe,Bachelor's,Y,N,1730,2010,West,83986.72,Year,Y,Certified
EZYV14960,Europe,Doctorate,N,N,1543,2012,Northeast,31526.14,Year,Y,Certified
EZYV1981,South America,Master's,N,N,613,1952,Midwest,40006.47,Year,Y,Certified
EZYV62,Europe,Doctorate,Y,Y,2311,1994,Midwest,58791.58,Year,Y,Certified
EZYV504,Europe,Bachelor's,N,Y,2557,1995,West,138190.15,Year,Y,Certified
EZYV16728,Asia,Bachelor's,Y,N,924,2009,Northeast,93112.55,Year,Y,Denied
EZYV20470,Africa,Bachelor's,N,N,1634,1980,South,122353.74,Year,Y,Denied
EZYV2805,Asia,Doctorate,N,N,2967,1993,Midwest,99155.42,Year,Y,Denied
EZYV9161,North America,Master's,Y,N,1967,2011,Northeast,58008.85,Year,Y,Denied
EZYV21368,Europe,Bachelor's,Y,N,566,1991,West,55157.48,Year,Y,Certified
EZYV9630,Asia,Master's,N,N,2065,1997,Northeast,15752.27,Year,Y,Certified
EZYV20874,Asia,Master's,Y,N,1210,2013,Northeast,115444.84,Year,Y,Certified
EZYV22127,Asia,Master's,N,Y,1255,1997,South,153568.54,Year,Y,Denied
EZYV18330,North America,Master's,N,N,4479,2001,Northeast,68059.8,Year,Y,Certified
EZYV22825,Asia,Bachelor's,Y,N,3614,1999,Midwest,37139.23,Year,Y,Denied
EZYV12290,Asia,Master's,Y,N,1496,1986,South,197705.25,Year,Y,Certified
EZYV136,Asia,Master's,Y,N,1948,2002,South,131584.5,Year,Y,Certified
EZYV19508,Africa,Master's,Y,N,108435,2004,Northeast,84296.13,Year,N,Certified
EZYV5502,Asia,High School,Y,N,1058,2007,Midwest,98569.04,Year,Y,Denied
EZYV17610,Asia,Bachelor's,N,N,1554,1969,West,52579.57,Year,N,Denied
EZYV13704,Asia,Master's,Y,N,1815,1968,West,94145.53,Year,Y,Certified
EZYV21299,Asia,Master's,Y,N,4873,2006,Midwest,75516.99,Year,Y,Certified
EZYV6527,Asia,Master's,Y,N,355726,2001,Midwest,134393.91,Year,N,Certified
EZYV13772,North America,Master's,Y,N,24951,1983,West,3743.28,Year,Y,Certified
EZYV17952,Asia,Master's,N,N,47001,2012,Midwest,32825.07,Year,Y,Certified
EZYV21855,Asia,Master's,N,N,10341,2011,Northeast,147114.27,Year,Y,Certified
EZYV7025,Asia,High School,N,N,656,1978,Northeast,40732.54,Year,Y,Denied
EZYV4754,Asia,Master's,Y,N,5966,2001,Northeast,213882.72,Year,Y,Certified
EZYV4769,Asia,High School,N,N,473,1979,Midwest,32369.56,Year,Y,Denied
EZYV16387,Europe,High School,Y,N,4445,1987,South,43385.65,Year,Y,Certified
EZYV16134,North America,Bachelor's,Y,N,153,1983,South,722.2923,Hour,Y,Certified
EZYV10760,Asia,Bachelor's,Y,N,2161,2005,South,85087.21,Year,Y,Certified
EZYV1525,Asia,Bachelor's,Y,N,2678,2009,West,68918.58,Year,Y,Certified
EZYV1038,Asia,Bachelor's,N,N,1933,1984,West,148046.97,Year,Y,Denied
EZYV5735,Europe,Master's,N,N,3486,2003,West,99470.77,Year,Y,Certified
EZYV11669,Asia,Bachelor's,Y,Y,1083,1989,Northeast,41013.1,Year,Y,Certified
EZYV375,Asia,High School,Y,N,35961,1865,Northeast,152912.99,Year,Y,Denied
EZYV14911,Europe,Doctorate,Y,N,3822,1997,South,38714.65,Year,Y,Certified
EZYV14015,South America,Bachelor's,N,N,962,1980,South,255.3884,Hour,Y,Denied
EZYV11722,Asia,Bachelor's,Y,N,1980,2008,Northeast,105120.2,Year,Y,Certified
EZYV16892,Asia,Bachelor's,Y,N,2156,1947,Northeast,99869.39,Year,Y,Certified
EZYV15536,Europe,Master's,Y,N,2773,2004,South,44031.91,Year,Y,Certified
EZYV4039,Europe,Bachelor's,N,N,1146,1994,Northeast,59983.24,Year,Y,Certified
EZYV8055,Europe,High School,Y,N,665,2005,Midwest,36539.36,Year,N,Denied
EZYV10678,Asia,Bachelor's,Y,N,214,2008,Northeast,82253.08,Year,Y,Certified
EZYV24236,Asia,Master's,Y,N,142,1996,Northeast,121267.77,Year,Y,Certified
EZYV24374,Africa,Bachelor's,Y,N,324,1916,Northeast,334.0798,Hour,Y,Certified
EZYV24129,Asia,Master's,Y,N,1807,2010,South,31662.03,Year,Y,Certified
EZYV19855,Asia,Master's,Y,N,1040,2004,West,93924.07,Year,Y,Denied
EZYV6245,Asia,Doctorate,Y,N,1008,1963,West,69750.74,Year,Y,Certified
EZYV2877,Asia,Bachelor's,N,N,3883,1978,West,75910.13,Year,Y,Denied
EZYV1826,Asia,Master's,N,N,1684,2004,South,31438.99,Year,Y,Certified
EZYV10968,Asia,High School,Y,N,4655,2003,Northeast,193804.42,Year,Y,Denied
EZYV6411,Asia,High School,Y,N,4242,1991,South,113108.16,Year,Y,Denied
EZYV683,Asia,Bachelor's,N,N,499,2007,West,35578.61,Year,Y,Denied
EZYV11386,Asia,Bachelor's,N,N,376,1959,South,127491.16,Year,N,Certified
EZYV12210,Asia,Bachelor's,Y,N,5097,1891,Midwest,105045.81,Year,Y,Certified
EZYV3975,Europe,Master's,N,N,3124,2008,Midwest,80040.17,Year,Y,Certified
EZYV16926,Asia,Master's,Y,N,28587,2004,Northeast,6643.82,Year,Y,Certified
EZYV4744,Asia,Master's,N,N,5227,1854,West,61529.6,Year,N,Certified
EZYV4028,Asia,Bachelor's,Y,N,1031,2009,Midwest,112576.25,Year,Y,Certified
EZYV16800,Asia,Master's,Y,N,1415,2004,Northeast,17471.12,Year,Y,Certified
EZYV6698,Asia,Master's,Y,N,104,2011,Midwest,122424.6,Year,Y,Certified
EZYV17608,North America,Doctorate,Y,N,2842,1992,West,18833.31,Year,Y,Certified
EZYV19824,Europe,Master's,Y,N,4102,2007,West,4562.97,Year,Y,Certified
EZYV21815,Asia,Master's,N,Y,6633,1990,South,100266.13,Year,Y,Denied
EZYV13768,Europe,Bachelor's,Y,N,58,2008,Northeast,68044.08,Year,Y,Certified
EZYV2928,Asia,Master's,Y,N,2005,1889,South,35368.29,Week,Y,Certified
EZYV2293,Asia,Bachelor's,N,N,3504,2000,South,16641.15,Year,Y,Certified
EZYV12853,Asia,Bachelor's,N,N,4058,1994,Northeast,138678.47,Year,Y,Certified
EZYV2035,Asia,Bachelor's,N,N,1334,2001,Northeast,39572.09,Year,Y,Denied
EZYV17261,Asia,Master's,Y,N,2338,1984,Northeast,59029.1,Year,N,Denied
EZYV6494,Asia,Bachelor's,Y,N,2871,2009,South,87073.72,Year,Y,Certified
EZYV2054,Europe,Bachelor's,Y,N,4176,2006,Midwest,29067.38,Year,Y,Certified
EZYV12815,Asia,Bachelor's,N,N,4696,1872,Northeast,81957.87,Year,Y,Denied
EZYV5226,Asia,Bachelor's,Y,N,959,2010,Midwest,199162.59,Year,Y,Certified
EZYV14424,Asia,Master's,Y,N,412,2013,Northeast,88345.0,Year,Y,Certified
EZYV18349,Asia,High School,N,N,5177,1968,West,76831.62,Year,Y,Denied
EZYV15880,Asia,Master's,N,N,1209,1885,Northeast,87309.71,Year,Y,Certified
EZYV24054,Asia,Bachelor's,N,N,3723,2005,South,134428.89,Year,Y,Certified
EZYV3009,Asia,Bachelor's,Y,N,3115,1981,Northeast,57861.32,Year,Y,Certified
EZYV10782,Europe,High School,Y,N,2928,1809,Northeast,56994.42,Year,Y,Denied
EZYV19878,North America,Master's,Y,N,2175,1972,Midwest,103805.36,Year,N,Denied
EZYV6745,Asia,Master's,N,N,701,1973,Northeast,95072.95,Year,Y,Certified
EZYV3739,North America,Bachelor's,Y,N,2641,2008,Northeast,36326.05,Year,Y,Certified
EZYV17903,Asia,Bachelor's,Y,N,3676,2007,West,7215.39,Year,Y,Certified
EZYV10060,Asia,High School,N,N,337,1954,Northeast,63754.05,Year,Y,Denied
EZYV9842,Africa,Master's,N,N,4469,2003,Midwest,131674.19,Year,Y,Certified
EZYV9215,Asia,Bachelor's,Y,Y,317,2009,Northeast,244938.45,Year,Y,Denied
EZYV2116,Asia,Master's,N,N,23858,2006,West,134316.79,Year,N,Denied
EZYV3386,Asia,Bachelor's,N,N,4702,1971,West,46806.21,Year,Y,Denied
EZYV11981,Asia,Bachelor's,N,N,1167,2000,South,46675.29,Year,Y,Certified
EZYV13173,South America,Bachelor's,Y,N,440,1998,South,62078.16,Year,Y,Denied
EZYV4786,Asia,Master's,N,N,1022,1998,South,86339.54,Year,Y,Certified
EZYV2143,Asia,High School,N,Y,1430,1937,South,9352.41,Year,Y,Certified
EZYV10796,Asia,Bachelor's,Y,N,553,2005,South,65663.94,Year,Y,Certified
EZYV11786,North America,Master's,N,N,3789,1998,South,38096.35,Year,Y,Denied
EZYV23819,Asia,Bachelor's,N,Y,111,1993,South,112797.99,Year,Y,Certified
EZYV20642,Asia,Master's,Y,N,2796,1889,South,100563.87,Year,N,Certified
EZYV25297,Asia,High School,Y,N,2141,1998,Northeast,64838.69,Year,Y,Certified
EZYV4471,North America,Master's,Y,N,1061,2003,South,80055.33,Year,Y,Certified
EZYV7543,Europe,Bachelor's,Y,N,1806,2007,Northeast,81057.94,Year,Y,Certified
EZYV23961,North America,Master's,N,N,1406,2005,West,184877.47,Year,N,Denied
EZYV23639,Europe,Doctorate,Y,N,1067,1973,South,28299.61,Year,Y,Certified
EZYV23811,Asia,High School,N,Y,1851,1998,West,11816.09,Year,Y,Certified
EZYV3512,Europe,Master's,Y,N,4806,1882,Northeast,69758.55,Year,Y,Certified
EZYV2197,Asia,Master's,N,N,4385,1994,South,574.1964,Hour,Y,Certified
EZYV10374,North America,Bachelor's,Y,N,3962,1868,Northeast,89446.99,Year,Y,Certified
EZYV1604,Asia,Bachelor's,Y,Y,501,1998,South,129895.13,Year,Y,Certified
EZYV13455,Asia,Master's,Y,N,34236,1996,West,135166.6,Year,N,Denied
EZYV18538,Asia,Master's,Y,N,1866,1968,South,85143.75,Year,Y,Certified
EZYV7941,North America,Bachelor's,N,N,1214,2011,Midwest,38808.64,Year,Y,Certified
EZYV9886,Asia,Master's,N,N,1045,1971,Northeast,144167.16,Year,N,Certified
EZYV22351,Asia,Master's,Y,N,4586,1873,West,66831.19,Year,Y,Certified
EZYV2719,Asia,Doctorate,Y,N,2560,1997,West,230916.64,Year,Y,Certified
EZYV8816,South America,Bachelor's,N,N,308,2000,Midwest,107.08,Hour,Y,Denied
EZYV19439,Asia,Bachelor's,N,N,4560,2009,Northeast,74686.46,Year,Y,Denied
EZYV17034,Asia,Master's,Y,N,2587,1989,South,7.0647,Hour,Y,Certified
EZYV9615,Asia,Bachelor's,N,N,2563,1941,Midwest,95780.6,Week,Y,Denied
EZYV18508,Europe,Master's,Y,N,29,1983,Midwest,88465.75,Year,Y,Certified
EZYV1142,Asia,Bachelor's,Y,N,80,2004,South,80454.66,Year,Y,Certified
EZYV567,Asia,Bachelor's,Y,N,1236,1911,Midwest,57972.25,Year,Y,Certified
EZYV11449,North America,Doctorate,Y,N,4918,1971,West,4655.69,Year,Y,Certified
EZYV4557,Asia,Bachelor's,Y,N,2849,1823,South,26753.3,Year,Y,Denied
EZYV5417,North America,High School,Y,N,3200,1998,Northeast,115.1174,Hour,Y,Certified
EZYV2017,Asia,High School,Y,N,3020,1989,West,60817.15,Week,Y,Denied
EZYV6096,Europe,High School,Y,Y,329,2006,South,39448.2,Year,Y,Denied
EZYV5214,Europe,Doctorate,N,N,291,1997,West,34848.43,Year,Y,Certified
EZYV14401,Asia,High School,N,N,522,1817,South,36103.32,Year,Y,Denied
EZYV1214,Asia,Master's,Y,N,1917,2014,South,57844.47,Year,N,Certified
EZYV14121,Asia,Master's,Y,N,57179,2012,Midwest,136524.61,Year,Y,Certified
EZYV21576,North America,Master's,Y,N,4196,2010,Midwest,110878.38,Year,N,Certified
EZYV13505,Asia,Bachelor's,N,N,350,1989,Northeast,62363.69,Year,Y,Certified
EZYV19834,North America,Master's,Y,Y,1563,1994,West,74384.42,Year,Y,Certified
EZYV11380,Asia,High School,Y,N,4446,2000,Northeast,57966.03,Year,Y,Denied
EZYV23482,Europe,Bachelor's,Y,N,439,1946,Island,118877.94,Year,Y,Certified
EZYV14431,Asia,Bachelor's,N,N,3159,1995,Northeast,125123.24,Year,Y,Denied
EZYV5015,Asia,High School,Y,N,983,1991,Midwest,78811.73,Year,Y,Denied
EZYV17357,Asia,Bachelor's,Y,N,616,2006,Midwest,88117.36,Year,Y,Certified
EZYV9486,Asia,Bachelor's,Y,N,736,2006,Northeast,33792.81,Year,Y,Denied
EZYV4738,Asia,Master's,Y,N,1006,1999,Midwest,17513.86,Year,Y,Certified
EZYV6932,Europe,Master's,N,N,2631,2006,Northeast,88684.87,Year,Y,Certified
EZYV16614,Asia,Bachelor's,N,N,2554,1962,West,128351.74,Year,Y,Denied
EZYV18922,North America,Bachelor's,N,N,757,1993,Northeast,56244.9,Year,Y,Certified
EZYV14103,Asia,Doctorate,Y,N,1063,2001,Midwest,19288.11,Year,Y,Certified
EZYV6439,Asia,Master's,Y,N,815,2011,South,3232.72,Year,Y,Certified
EZYV15984,Asia,Bachelor's,N,N,70082,1994,Island,100004.98,Year,Y,Certified
EZYV18264,Asia,Master's,Y,N,2453,2005,South,15408.0,Year,Y,Certified
EZYV15779,Asia,Master's,Y,N,2171,2001,South,74621.09,Year,Y,Certified
EZYV10699,Asia,High School,N,N,2935,1836,Midwest,112680.21,Year,Y,Denied
EZYV2450,Europe,Bachelor's,Y,N,80,2003,West,59766.82,Year,Y,Certified
EZYV23585,Asia,Bachelor's,Y,N,495,1947,Northeast,114827.94,Year,Y,Certified
EZYV6342,Asia,Master's,Y,N,1869,1990,West,102972.01,Year,Y,Certified
EZYV21869,Oceania,Doctorate,Y,N,1150,1982,Midwest,42288.06,Year,Y,Certified
EZYV18340,Asia,High School,Y,N,1713,1968,Midwest,256502.28,Year,Y,Certified
EZYV8061,Asia,Master's,Y,N,2716,1976,Northeast,176480.88,Year,Y,Certified
EZYV79,North America,Master's,N,N,1549,2001,South,590.0203,Hour,Y,Certified
EZYV3530,Asia,Master's,Y,N,2861,1968,South,97906.72,Year,N,Certified
EZYV17912,North America,Bachelor's,Y,N,5583,1991,Northeast,114913.17,Year,Y,Denied
EZYV12542,Africa,Master's,N,N,4433,1982,Northeast,140105.48,Year,Y,Certified
EZYV23365,Asia,Master's,Y,Y,25929,1993,West,85648.89,Year,Y,Certified
EZYV7611,Europe,Master's,Y,N,166,1884,South,75598.15,Year,Y,Certified
EZYV56,Asia,Master's,Y,N,2368,1998,Northeast,113799.64,Year,Y,Certified
EZYV21000,Africa,Doctorate,N,N,486,2002,Northeast,130161.11,Year,Y,Certified
EZYV14017,North America,Master's,Y,N,698,1888,West,131229.32,Year,Y,Denied
EZYV22055,Asia,Bachelor's,Y,N,3951,2001,South,120179.68,Year,Y,Denied
EZYV20036,Asia,Bachelor's,Y,N,3499,1986,South,5019.54,Year,Y,Certified
EZYV19940,Asia,Doctorate,N,N,1915,2009,Midwest,124138.64,Year,Y,Certified
EZYV4149,Asia,Master's,N,N,1764,1984,Northeast,121375.45,Year,N,Denied
EZYV3794,Asia,Master's,Y,N,3022,2008,Northeast,30488.04,Year,Y,Certified
EZYV3472,Asia,Bachelor's,N,N,2577,2005,Northeast,915.7486,Hour,Y,Denied
EZYV16859,Africa,Master's,Y,N,895,1953,Midwest,80909.11,Year,Y,Certified
EZYV17383,Asia,Bachelor's,N,N,2513,1968,West,104507.4,Year,Y,Certified
EZYV1261,Asia,Master's,Y,N,2895,1949,South,109.32,Hour,Y,Certified
EZYV13078,North America,Master's,N,N,5778,1999,Northeast,84708.07,Year,N,Certified
EZYV8118,Asia,Bachelor's,Y,N,2474,1999,West,64230.03,Year,Y,Certified
EZYV20936,Asia,Master's,Y,N,223,2006,Midwest,140103.1,Year,N,Denied
EZYV12385,Europe,Bachelor's,N,Y,2218,1980,West,10870.74,Year,Y,Certified
EZYV23023,Asia,Bachelor's,Y,N,197,1925,South,142788.48,Year,Y,Denied
EZYV6175,Asia,Bachelor's,N,N,2380,1852,West,103366.25,Year,Y,Denied
EZYV378,Asia,Master's,Y,N,2240,2006,West,19525.49,Year,Y,Certified
EZYV1023,North America,Bachelor's,Y,N,4545,1996,Northeast,116341.83,Year,Y,Certified
EZYV1532,Oceania,Bachelor's,Y,N,2357,1887,Northeast,139973.63,Month,Y,Certified
EZYV7028,Asia,High School,Y,N,3533,2007,Midwest,117783.78,Year,Y,Denied
EZYV9434,Asia,High School,Y,Y,1736,1872,West,126503.87,Year,Y,Denied
EZYV19676,Asia,Bachelor's,N,Y,2909,2001,South,113047.65,Year,Y,Certified
EZYV2830,Asia,Bachelor's,Y,N,3317,2001,Midwest,105545.99,Year,Y,Certified
EZYV13955,Asia,Bachelor's,Y,N,1003,2001,Northeast,456.5826,Hour,Y,Certified
EZYV3859,Oceania,High School,Y,N,840,1996,West,12920.45,Year,Y,Certified
EZYV21151,North America,Bachelor's,Y,N,2403,1990,Northeast,136911.13,Year,Y,Denied
EZYV8920,Asia,Bachelor's,N,N,408,1992,Northeast,60910.86,Year,Y,Certified
EZYV10373,Asia,Master's,N,N,1315,2000,South,117838.55,Year,N,Denied
EZYV1741,South America,Bachelor's,N,N,3258,1900,South,86267.51,Year,Y,Certified
EZYV24288,Asia,Bachelor's,Y,N,1962,1996,Midwest,108434.57,Year,Y,Certified
EZYV18474,Asia,Master's,Y,N,2138,2010,South,69557.01,Year,Y,Certified
EZYV12715,Asia,Doctorate,Y,N,2439,1990,Midwest,133299.35,Year,Y,Certified
EZYV7125,Asia,Master's,Y,N,4061,1994,Northeast,59194.87,Year,Y,Certified
EZYV3301,Asia,Master's,Y,N,2567,2003,West,139915.97,Year,Y,Certified
EZYV10803,Asia,Bachelor's,N,N,2879,2000,South,129425.05,Year,Y,Certified
EZYV18458,Asia,Master's,N,N,5767,2006,Northeast,259556.53,Year,Y,Certified
EZYV3626,Asia,Master's,Y,N,5788,2010,South,65248.64,Year,Y,Certified
EZYV16326,North America,High School,Y,N,1537,2007,West,450.856,Hour,Y,Denied
EZYV9773,Asia,High School,Y,N,538,2005,Northeast,176536.63,Year,N,Denied
EZYV19661,Asia,Master's,N,N,883,1999,Northeast,238.3367,Hour,Y,Denied
EZYV3723,North America,Master's,Y,N,4598,1869,Northeast,12728.81,Year,Y,Denied
EZYV15603,Asia,Bachelor's,Y,N,3883,2008,West,28864.92,Year,Y,Certified
EZYV23860,Asia,Bachelor's,N,N,1616,1920,Island,50695.26,Year,Y,Certified
EZYV9779,Asia,Master's,Y,N,1503,2001,Northeast,115.81,Year,Y,Certified
EZYV11698,Asia,Bachelor's,Y,N,1917,1998,South,96485.36,Year,Y,Certified
EZYV14797,Oceania,Master's,N,N,119513,1918,South,950.1237,Hour,Y,Certified
EZYV23315,Asia,Bachelor's,N,Y,4474,2001,South,35995.5,Year,Y,Certified
EZYV4730,Asia,Master's,N,N,30146,1978,West,133910.14,Year,Y,Certified
EZYV12041,Asia,High School,Y,Y,5311,2008,South,66043.94,Year,Y,Denied
EZYV15219,Europe,Doctorate,Y,Y,1899,1977,Northeast,77760.86,Year,Y,Denied
EZYV21895,Asia,Master's,Y,N,3316,2001,West,42126.0,Year,Y,Certified
EZYV9856,Asia,Bachelor's,Y,N,1488,2011,West,105597.25,Year,Y,Certified
EZYV25159,Asia,Master's,Y,N,3629,1968,Northeast,33946.37,Year,Y,Certified
EZYV1120,Europe,Bachelor's,Y,N,1379,2006,West,54679.98,Year,Y,Certified
EZYV17179,Europe,Bachelor's,Y,N,2675,2012,Northeast,18322.0,Year,Y,Certified
EZYV5709,Africa,Master's,N,N,2439,1998,Northeast,127868.01,Year,Y,Certified
EZYV9789,Asia,Bachelor's,N,N,70,1915,Midwest,78433.62,Year,Y,Certified
EZYV23426,South America,Master's,Y,N,4664,1968,South,29049.97,Year,Y,Certified
EZYV13235,Asia,Master's,Y,Y,10644,2000,South,91519.88,Year,Y,Denied
EZYV8155,Oceania,Master's,N,N,1367,1936,South,59670.32,Year,Y,Certified
EZYV10532,Asia,Master's,N,N,3466,1998,Midwest,159783.24,Year,Y,Certified
EZYV15132,North America,Bachelor's,Y,N,939,1978,Northeast,133296.11,Year,Y,Certified
EZYV18413,North America,Bachelor's,Y,N,4016,1984,Northeast,62709.39,Year,Y,Certified
EZYV13399,Asia,Master's,Y,N,46126,2006,South,29170.22,Year,Y,Certified
EZYV17313,Africa,Master's,Y,N,641,2010,Midwest,131278.27,Year,Y,Certified
EZYV9577,Asia,Bachelor's,Y,N,5658,2005,Midwest,77492.0,Year,Y,Certified
EZYV21513,Asia,Bachelor's,N,N,2039,1920,West,50.5535,Hour,Y,Denied
EZYV4358,Europe,Bachelor's,Y,N,235,2001,South,123329.52,Year,Y,Certified
EZYV21573,North America,Master's,Y,N,816,1989,Northeast,103005.06,Year,N,Denied
EZYV12330,Asia,Doctorate,N,N,2386,2007,Midwest,102941.65,Year,Y,Certified
EZYV19461,Asia,Master's,Y,N,1541,2009,South,29087.05,Year,Y,Certified
EZYV13880,Asia,High School,Y,N,3143,1926,South,159189.58,Year,Y,Denied
EZYV24138,Oceania,Master's,N,Y,256,1969,Northeast,101073.48,Year,Y,Certified
EZYV24674,Asia,Bachelor's,Y,N,699,1866,South,26165.66,Year,Y,Certified
EZYV25402,Asia,Bachelor's,Y,N,1114,2012,Northeast,40450.43,Year,Y,Denied
EZYV13151,Europe,Bachelor's,N,N,596,1855,Northeast,80866.96,Year,Y,Certified
EZYV22969,Asia,Bachelor's,N,N,2953,1998,South,58379.86,Year,Y,Certified
EZYV1726,Europe,Bachelor's,Y,N,1947,1909,Northeast,56550.83,Year,Y,Certified
EZYV19601,Asia,Bachelor's,Y,N,1909,2012,Northeast,95048.16,Week,Y,Denied
EZYV12965,Asia,High School,Y,N,4498,1867,Midwest,39257.01,Year,Y,Denied
EZYV5855,Asia,Master's,Y,N,17589,1984,West,7218.43,Year,Y,Certified
EZYV10780,Asia,Bachelor's,Y,N,4208,1896,West,13271.74,Year,Y,Certified
EZYV12770,Asia,High School,N,N,2037,2009,Northeast,148653.92,Year,N,Denied
EZYV19501,Asia,Bachelor's,N,N,1471,2003,South,357.4301,Hour,Y,Denied
EZYV3188,Asia,High School,Y,N,850,2007,South,102.21,Hour,Y,Denied
EZYV13361,South America,Doctorate,N,N,2029,1853,Northeast,45160.77,Year,Y,Denied
EZYV4305,Asia,Master's,N,N,16275,2004,Midwest,87988.81,Year,N,Denied
EZYV3147,North America,Master's,Y,N,1220,1928,South,114875.2,Year,Y,Certified
EZYV11236,Asia,Bachelor's,N,Y,764,2002,Northeast,77558.24,Year,Y,Certified
EZYV13073,Europe,Bachelor's,N,Y,5971,2001,West,67680.11,Year,Y,Certified
EZYV12107,Asia,Bachelor's,N,N,10641,1993,Midwest,29022.63,Year,Y,Certified
EZYV20689,Asia,Master's,N,N,1973,1949,Midwest,43609.41,Year,Y,Certified
EZYV16061,Asia,High School,Y,N,1588,2011,Northeast,188839.27,Year,Y,Certified
EZYV13008,Europe,Doctorate,Y,N,301,1933,West,62032.26,Year,Y,Certified
EZYV19424,Asia,Master's,Y,N,1512,1999,West,100862.21,Year,Y,Denied
EZYV23978,Asia,Master's,Y,N,3814,2013,South,129705.95,Year,N,Denied
EZYV3905,Oceania,Master's,Y,N,2252,1987,West,21306.83,Year,Y,Certified
EZYV22973,Asia,Master's,N,N,2345,1989,Midwest,160385.34,Year,Y,Denied
EZYV18555,South America,Doctorate,Y,N,1292,1981,West,37356.97,Year,Y,Denied
EZYV24541,Asia,Master's,N,N,1829,1998,Midwest,102793.6,Year,Y,Denied
EZYV7240,Asia,Master's,N,N,161,2006,Midwest,142934.18,Year,N,Certified
EZYV21615,Asia,Doctorate,N,N,234,2007,Midwest,9206.96,Year,Y,Certified
EZYV14602,North America,Master's,Y,N,75822,1887,West,75942.15,Year,N,Certified
EZYV6569,Europe,Master's,N,N,1580,2004,West,56974.24,Year,Y,Certified
EZYV15960,Asia,Master's,Y,N,4812,1997,Northeast,61467.98,Year,Y,Certified
EZYV9685,Asia,Master's,Y,N,1778,1977,South,214287.37,Year,Y,Certified
EZYV6146,Asia,High School,Y,N,2000,1934,South,86692.85,Year,N,Denied
EZYV18482,Asia,Master's,Y,N,2808,2013,Northeast,80506.76,Year,Y,Certified
EZYV15730,Asia,Doctorate,N,Y,1752,2000,West,32198.5,Year,Y,Certified
EZYV8328,North America,Bachelor's,Y,N,4852,1997,Northeast,136024.63,Year,N,Certified
EZYV255,Asia,Master's,N,N,365,1896,Northeast,76214.85,Year,Y,Denied
EZYV19627,Asia,Bachelor's,Y,N,228,2005,South,106191.93,Year,Y,Certified
EZYV13952,Asia,Bachelor's,N,N,211,1993,Northeast,113398.85,Year,Y,Certified
EZYV1798,Asia,Bachelor's,N,N,1899,1982,South,90669.22,Year,Y,Certified
EZYV19809,Europe,Master's,N,N,3748,1998,Midwest,45528.57,Year,Y,Certified
EZYV14986,Asia,Master's,N,N,3444,1968,South,798.4359,Hour,Y,Denied
EZYV12898,Asia,Doctorate,Y,N,1228,1863,Northeast,114775.39,Year,Y,Certified
EZYV18419,Asia,Bachelor's,N,N,231,1962,Midwest,239441.23,Year,Y,Certified
EZYV20371,Asia,High School,N,N,120148,1970,South,578.1096,Hour,Y,Denied
EZYV11067,Europe,Bachelor's,N,Y,1003,1997,Northeast,48428.17,Year,Y,Certified
EZYV1689,Asia,High School,Y,N,1811,1973,Midwest,77201.64,Year,Y,Certified
EZYV23321,Asia,High School,Y,N,2219,1998,West,101566.17,Year,Y,Denied
EZYV5405,Europe,Bachelor's,Y,Y,1774,1850,South,190360.23,Year,Y,Certified
EZYV11373,Asia,Bachelor's,Y,N,1771,1934,Northeast,49262.75,Year,Y,Certified
EZYV6423,Asia,Bachelor's,Y,N,1917,2008,Northeast,63824.11,Year,Y,Certified
EZYV83,Asia,High School,Y,N,39,2000,West,70778.82,Year,Y,Denied
EZYV22933,Asia,Master's,Y,N,30,1996,Midwest,83599.34,Year,Y,Certified
EZYV14574,Asia,High School,N,N,9288,1999,West,67923.23,Year,Y,Denied
EZYV3950,Africa,Master's,Y,N,774,1995,Northeast,125569.1,Year,Y,Certified
EZYV14137,North America,Master's,Y,N,2052,1998,South,761.5473,Hour,Y,Denied
EZYV12301,North America,Master's,N,N,2983,2006,Island,99948.16,Year,Y,Denied
EZYV23537,Oceania,High School,N,N,2281,2007,South,733.4797,Hour,Y,Certified
EZYV24351,Asia,Master's,Y,N,919,1998,Northeast,1923.79,Year,Y,Certified
EZYV13819,Asia,Bachelor's,N,N,1772,1998,Island,193740.88,Week,Y,Denied
EZYV13438,Asia,Bachelor's,Y,N,2456,1960,West,54925.99,Year,Y,Denied
EZYV16899,Asia,Bachelor's,N,N,2167,2010,South,121009.25,Year,Y,Denied
EZYV24871,Asia,Bachelor's,N,N,2205,1969,Northeast,76496.24,Year,N,Denied
EZYV8148,North America,Master's,Y,N,766,1999,West,20122.31,Year,Y,Denied
EZYV16952,Europe,Bachelor's,Y,N,2487,2005,West,56518.49,Year,Y,Certified
EZYV21759,Asia,Bachelor's,N,N,3286,1997,South,119426.37,Year,Y,Denied
EZYV23068,Europe,High School,Y,N,4309,2006,West,100935.07,Year,Y,Certified
EZYV2374,Asia,Bachelor's,Y,N,3685,1981,South,114187.01,Year,Y,Certified
EZYV15065,Oceania,Doctorate,Y,N,16,2012,Midwest,62722.49,Year,N,Certified
EZYV12565,Asia,High School,Y,N,1162,2013,West,91157.79,Year,Y,Denied
EZYV21431,Asia,Master's,N,Y,1717,1999,South,94120.68,Year,Y,Certified
EZYV13087,Asia,Doctorate,N,Y,34116,2009,South,142821.19,Year,Y,Certified
EZYV7588,Asia,Master's,N,N,525,1906,Midwest,137914.99,Year,Y,Certified
EZYV14266,North America,Master's,Y,N,915,1970,South,40839.07,Year,Y,Certified
EZYV22492,Asia,Bachelor's,Y,N,4315,1898,Northeast,36334.05,Year,Y,Certified
EZYV7876,North America,Master's,N,N,480,2008,Northeast,60362.13,Year,Y,Certified
EZYV14525,Asia,Master's,Y,N,1104,1909,Northeast,86242.29,Year,Y,Certified
EZYV24072,North America,Doctorate,N,N,459450,2001,Northeast,115296.62,Year,Y,Certified
EZYV17991,Asia,Bachelor's,Y,N,525,1999,Midwest,115219.03,Year,Y,Denied
EZYV18943,Europe,Doctorate,Y,N,129,1998,West,88728.53,Year,Y,Certified
EZYV14649,Europe,Doctorate,N,N,363,2013,West,51657.51,Year,Y,Certified
EZYV12138,Asia,Doctorate,N,N,449,2009,Island,66144.01,Year,Y,Certified
EZYV14282,Asia,Master's,Y,N,898,2000,Northeast,87743.03,Year,Y,Certified
EZYV1746,Asia,Bachelor's,N,N,1767,1948,West,90690.82,Year,Y,Denied
EZYV15818,Asia,Master's,N,N,1828,2011,Northeast,103568.71,Year,N,Denied
EZYV22534,Europe,Master's,N,Y,1217,1897,West,39521.79,Year,Y,Certified
EZYV9069,Asia,Bachelor's,Y,N,1698,2012,South,70771.7,Year,N,Certified
EZYV20919,Asia,Bachelor's,N,N,4225,2005,Northeast,131.74,Hour,Y,Certified
EZYV14197,Asia,High School,N,N,1930,1998,South,91422.09,Year,Y,Denied
EZYV3078,Asia,Master's,N,N,645,1989,Northeast,8921.54,Year,Y,Denied
EZYV1806,Asia,High School,N,Y,612,1999,Midwest,161331.01,Year,Y,Certified
EZYV648,Asia,Bachelor's,Y,N,30650,1998,South,113374.51,Year,Y,Certified
EZYV21182,Asia,Master's,N,Y,1119,1986,South,64912.19,Year,Y,Certified
EZYV23918,Asia,Bachelor's,Y,N,2066,1998,Northeast,34496.72,Month,Y,Denied
EZYV19861,Asia,Master's,N,N,3347,1995,Northeast,149239.89,Year,N,Certified
EZYV10719,Asia,Bachelor's,Y,N,1428,1990,West,70680.32,Year,Y,Certified
EZYV17097,Asia,Master's,Y,N,4802,2008,South,28558.2,Year,Y,Certified
EZYV9954,North America,Master's,Y,N,4073,1980,Northeast,241.6995,Hour,Y,Certified
EZYV17879,Asia,Bachelor's,N,N,2235,1993,Midwest,42323.5,Year,Y,Certified
EZYV317,North America,High School,Y,N,3550,2012,West,268.1379,Hour,Y,Certified
EZYV23072,North America,Doctorate,N,N,76,1989,Midwest,7280.73,Year,Y,Certified
EZYV460,North America,Master's,N,N,60,1948,South,92071.0,Year,N,Certified
EZYV4962,Asia,Bachelor's,Y,N,2879,2008,West,51298.41,Year,Y,Certified
EZYV9743,North America,Master's,N,N,2127,1939,South,27760.72,Year,Y,Certified
EZYV24406,Europe,Master's,Y,N,2216,1947,Northeast,118495.9,Year,Y,Certified
EZYV7731,Europe,Bachelor's,Y,N,2498,1853,Midwest,318.964,Hour,Y,Certified
EZYV24446,South America,Bachelor's,N,N,3315,1994,Northeast,51591.59,Year,Y,Certified
EZYV1785,Asia,Bachelor's,Y,N,1846,1971,West,104025.12,Year,Y,Certified
EZYV6621,Asia,High School,Y,N,5226,2012,Northeast,99019.21,Year,Y,Denied
EZYV1078,Asia,Master's,N,N,2633,2000,Midwest,146753.27,Year,Y,Certified
EZYV11267,Europe,Master's,N,N,904,1979,Northeast,586.7939,Hour,Y,Denied
EZYV5146,Europe,Master's,N,N,2328,1920,West,120999.0,Year,Y,Certified
EZYV12520,Asia,Master's,Y,N,713,2008,Midwest,97551.84,Year,Y,Certified
EZYV19862,Europe,Bachelor's,Y,N,291,1985,Midwest,24342.62,Year,Y,Certified
EZYV21694,North America,Bachelor's,N,N,852,1920,South,205.3793,Hour,Y,Certified
EZYV4640,Asia,High School,N,N,682,2013,Northeast,513.7152,Hour,Y,Denied
EZYV16651,Asia,Master's,N,N,665,1988,Island,50875.4,Year,Y,Denied
EZYV8261,Asia,Bachelor's,Y,N,1719,1898,Midwest,63374.02,Year,Y,Certified
EZYV7295,Asia,Bachelor's,Y,N,4485,1995,South,116908.85,Year,Y,Certified
EZYV9991,Asia,Bachelor's,Y,N,843,1977,West,78878.56,Year,Y,Certified
EZYV17235,Asia,Master's,N,N,3162,2008,Midwest,65994.21,Year,Y,Certified
EZYV19696,Europe,High School,Y,N,3472,2004,South,20455.62,Year,Y,Denied
EZYV20881,Asia,Doctorate,Y,N,1197,1997,South,65763.39,Year,Y,Certified
EZYV10648,Asia,Master's,N,N,62,1996,Midwest,222793.7,Year,N,Certified
EZYV5359,Asia,Doctorate,Y,N,5073,1997,Northeast,125624.14,Year,Y,Certified
EZYV16323,Asia,Bachelor's,N,N,2769,2006,South,167303.91,Year,Y,Denied
EZYV438,Asia,Master's,N,N,3537,1998,West,72239.48,Year,Y,Denied
EZYV3022,Asia,Bachelor's,N,N,3839,2000,Northeast,69821.58,Year,Y,Denied
EZYV14931,Asia,Master's,N,N,4233,1857,West,37763.22,Year,Y,Certified
EZYV22167,Asia,Master's,N,N,32583,2005,Northeast,109447.65,Year,Y,Certified
EZYV6355,Asia,Bachelor's,N,N,1471,2006,Midwest,138850.99,Year,Y,Certified
EZYV18798,Asia,Master's,N,Y,416,1998,South,60118.33,Year,Y,Certified
EZYV6208,Asia,Master's,Y,N,2021,1932,Midwest,147419.9,Year,Y,Certified
EZYV6625,Asia,Master's,Y,N,2547,1999,Northeast,123620.16,Year,Y,Certified
EZYV15287,Asia,Bachelor's,Y,N,3097,1984,West,20825.5,Year,Y,Certified
EZYV15339,Asia,Master's,N,N,4594,1994,West,83288.7,Year,N,Denied
EZYV8419,North America,Master's,Y,N,3154,1819,West,24143.21,Year,Y,Certified
EZYV15593,Asia,Bachelor's,Y,N,1087,1973,Northeast,121547.28,Year,Y,Certified
EZYV18836,Europe,Bachelor's,N,Y,2551,2010,Midwest,72973.11,Year,Y,Certified
EZYV22630,North America,Bachelor's,Y,N,4848,2011,South,70046.35,Year,Y,Certified
EZYV12465,Europe,High School,N,N,413,2006,Northeast,16416.7,Year,Y,Denied
EZYV21613,Asia,Bachelor's,Y,N,1892,1978,Midwest,87751.88,Year,Y,Denied
EZYV3070,Asia,Master's,N,N,3833,1993,Northeast,100936.93,Year,Y,Denied
EZYV16556,North America,Bachelor's,Y,N,3696,1983,Midwest,43349.62,Year,Y,Certified
EZYV18441,Asia,Bachelor's,N,N,5684,1997,West,88269.02,Year,Y,Denied
EZYV14941,Asia,Master's,N,N,1954,2007,Midwest,59612.16,Year,Y,Certified
EZYV19921,South America,Bachelor's,N,N,794,1999,Northeast,540.6463,Hour,Y,Denied
EZYV24405,Asia,High School,N,Y,922,1989,West,88755.6,Year,Y,Denied
EZYV21760,Europe,High School,N,N,17388,1988,West,16911.35,Year,Y,Certified
EZYV8392,Europe,Bachelor's,N,Y,451,1978,West,32532.13,Year,Y,Certified
EZYV15611,Asia,Bachelor's,N,N,5074,2001,South,134853.53,Year,N,Certified
EZYV762,Asia,Master's,Y,N,895,1956,Northeast,129255.91,Year,Y,Certified
EZYV4001,Asia,Doctorate,Y,N,1043,1978,Northeast,17729.48,Year,Y,Certified
EZYV5201,Asia,Master's,Y,N,2566,1993,South,895.0806,Hour,Y,Certified
EZYV3770,Asia,Bachelor's,Y,N,3031,1989,Northeast,73301.43,Year,Y,Certified
EZYV7530,Asia,Master's,N,Y,673,1872,Northeast,122963.12,Year,Y,Certified
EZYV20499,Asia,Bachelor's,Y,N,3832,1983,Midwest,129319.09,Year,Y,Certified
EZYV7281,Europe,Master's,Y,N,1232,2006,Midwest,180066.44,Year,Y,Certified
EZYV529,Asia,Bachelor's,Y,N,2286,1878,West,105987.07,Year,Y,Certified
EZYV24556,Asia,Master's,N,N,4855,1990,Midwest,10038.89,Year,Y,Denied
EZYV15568,Asia,Master's,N,N,2914,2001,Northeast,120829.02,Year,Y,Denied
EZYV8844,Asia,Master's,N,N,227,1999,Northeast,31291.3,Year,Y,Certified
EZYV575,Asia,Master's,Y,N,1726,1911,Midwest,70445.67,Year,Y,Certified
EZYV19523,Asia,Master's,N,Y,2830,2005,South,76024.35,Year,Y,Denied
EZYV13076,Europe,Bachelor's,N,N,2408,2008,West,82638.35,Year,Y,Denied
EZYV8003,Asia,Master's,N,N,1247,2011,Northeast,184175.39,Year,Y,Certified
EZYV14249,Asia,Bachelor's,Y,N,1661,1993,West,36654.59,Year,Y,Certified
EZYV10294,Asia,High School,N,Y,1971,1986,Northeast,89166.48,Year,Y,Denied
EZYV3157,Africa,Doctorate,Y,N,1898,2010,Northeast,24254.96,Year,Y,Certified
EZYV10145,Europe,Bachelor's,N,Y,2163,1939,Northeast,77102.96,Year,Y,Certified
EZYV2525,Asia,Bachelor's,N,N,581,1994,West,167821.36,Year,Y,Denied
EZYV4389,Asia,Master's,N,N,4698,1965,Northeast,130279.37,Year,N,Denied
EZYV2816,Asia,Doctorate,Y,N,562,2009,Midwest,2469.59,Year,Y,Certified
EZYV2728,Asia,Bachelor's,N,N,3733,1986,South,173.5091,Hour,Y,Denied
EZYV9318,North America,High School,N,N,156,1992,South,330.146,Hour,Y,Denied
EZYV4029,Europe,Master's,N,Y,75125,1954,West,193884.59,Year,Y,Certified
EZYV11789,Asia,Bachelor's,N,N,2061,1869,South,36369.52,Year,Y,Denied
EZYV1613,Asia,Bachelor's,N,N,22888,1998,Midwest,25342.97,Year,Y,Certified
EZYV20990,Europe,Bachelor's,Y,Y,2982,1997,South,86714.73,Year,Y,Denied
EZYV16104,Europe,Master's,Y,N,527,2000,West,40150.6,Year,Y,Certified
EZYV11196,Europe,Doctorate,Y,N,927,1894,West,41512.53,Year,Y,Certified
EZYV18400,Europe,Master's,Y,N,1980,2004,Midwest,94755.41,Year,Y,Certified
EZYV14349,Asia,Bachelor's,N,N,9505,1929,Northeast,89626.61,Year,Y,Certified
EZYV2044,Asia,High School,N,N,3429,2010,Northeast,16934.89,Year,Y,Denied
EZYV21270,Asia,High School,Y,N,373,1985,West,35733.49,Year,Y,Denied
EZYV2043,Asia,Master's,Y,N,4487,1946,South,62416.6,Year,N,Certified
EZYV10383,Europe,Bachelor's,N,Y,812,2001,Northeast,126862.33,Year,Y,Certified
EZYV17327,Asia,Bachelor's,N,N,1780,1838,South,22.7435,Hour,Y,Denied
EZYV3025,Asia,Master's,N,Y,48,2008,West,564.0663,Hour,Y,Denied
EZYV9001,Asia,Master's,N,N,11928,1998,Northeast,251.8984,Hour,Y,Certified
EZYV7799,Asia,Bachelor's,Y,Y,1951,1985,Northeast,78599.22,Week,Y,Denied
EZYV20102,Asia,Master's,Y,N,252121,2007,Northeast,118229.08,Year,Y,Certified
EZYV13411,Europe,Doctorate,Y,N,3911,2008,West,34018.66,Year,Y,Certified
EZYV19322,Asia,High School,Y,N,953,1897,Northeast,60519.08,Year,Y,Certified
EZYV8537,Asia,Bachelor's,N,N,2941,2007,West,81572.76,Year,Y,Denied
EZYV12534,Asia,Bachelor's,Y,N,4305,2014,South,99701.09,Year,N,Denied
EZYV5192,North America,Master's,Y,Y,1519,2012,Northeast,35765.97,Year,Y,Certified
EZYV10381,Asia,Master's,Y,N,4319,2001,Northeast,90784.76,Year,Y,Certified
EZYV13939,Europe,Bachelor's,N,Y,441,2013,South,110311.85,Year,Y,Certified
EZYV18479,Europe,Doctorate,Y,N,1458,2010,Midwest,111148.29,Year,Y,Certified
EZYV23138,Asia,Bachelor's,Y,N,2442,2004,South,83637.2,Year,Y,Certified
EZYV22110,Asia,Master's,Y,N,872,2013,South,44358.82,Year,Y,Certified
EZYV3399,Asia,Master's,Y,N,5357,1982,Northeast,104594.76,Year,Y,Certified
EZYV14618,Asia,Master's,Y,N,412,2009,Northeast,179.62,Year,Y,Certified
EZYV22678,Asia,High School,Y,N,3954,2005,South,33691.76,Year,Y,Certified
EZYV6909,South America,Master's,Y,N,3623,1838,Northeast,14104.7,Year,Y,Certified
EZYV10686,Europe,Master's,Y,Y,1338,2004,Northeast,92227.16,Year,Y,Certified
EZYV5204,Asia,Bachelor's,N,N,1042,1979,West,109059.84,Year,N,Denied
EZYV9398,Asia,Bachelor's,N,N,2433,1994,Northeast,101.8936,Hour,Y,Denied
EZYV18812,Asia,Bachelor's,Y,N,1962,1989,South,40752.67,Year,Y,Denied
EZYV3077,Asia,Bachelor's,N,N,2745,2010,West,92628.47,Year,Y,Denied
EZYV14257,Asia,Bachelor's,N,N,1805,1996,Northeast,61960.62,Year,Y,Certified
EZYV15321,Asia,Bachelor's,Y,N,3587,1993,Northeast,46928.77,Year,Y,Denied
EZYV9104,Asia,High School,Y,N,1104,2002,South,104471.49,Year,Y,Denied
EZYV12414,Europe,Bachelor's,Y,N,2283,1994,South,97214.72,Year,Y,Certified
EZYV24278,Asia,Master's,Y,N,3574,1997,South,64650.2,Year,Y,Certified
EZYV3332,Europe,Bachelor's,Y,N,2519,2001,West,131136.69,Year,Y,Certified
EZYV20272,Asia,Master's,N,N,4926,1855,Northeast,364.9326,Hour,Y,Denied
EZYV1970,Asia,Master's,N,N,623,1980,West,157203.4,Year,Y,Denied
EZYV11025,Asia,Master's,N,N,2836,2010,Northeast,57565.61,Year,N,Certified
EZYV5524,Europe,High School,Y,N,3612,1994,West,68485.21,Year,Y,Denied
EZYV1624,Asia,Master's,N,N,3416,2005,Northeast,37953.01,Year,Y,Denied
EZYV23701,South America,Bachelor's,Y,N,4998,1989,Northeast,75282.07,Year,Y,Denied
EZYV19449,Asia,Bachelor's,N,Y,4455,2007,South,48346.05,Year,Y,Certified
EZYV16374,Asia,High School,Y,N,5130,1988,Northeast,13997.91,Year,Y,Certified
EZYV1305,Asia,Master's,Y,N,854,2003,Midwest,97247.22,Year,Y,Certified
EZYV6079,Asia,Bachelor's,Y,N,683,1976,South,112539.54,Year,N,Certified
EZYV21547,Asia,Master's,N,N,2255,2003,Northeast,106601.76,Year,Y,Denied
EZYV23165,Europe,Master's,Y,Y,4469,2006,South,14500.71,Year,Y,Certified
EZYV15665,Asia,Bachelor's,Y,N,234,1998,Northeast,33839.12,Year,Y,Certified
EZYV5510,Asia,High School,Y,N,2932,2004,Northeast,91941.08,Year,N,Denied
EZYV14956,Asia,Master's,N,Y,2934,2013,South,97524.4,Year,Y,Certified
EZYV3383,Asia,Bachelor's,Y,N,906,1911,Northeast,31960.82,Year,Y,Certified
EZYV10372,North America,High School,N,N,2305,2013,Midwest,26261.21,Year,Y,Denied
EZYV3269,North America,Master's,Y,N,1512,2004,South,52336.12,Year,N,Certified
EZYV16041,Asia,Bachelor's,N,N,2329,1977,West,69027.36,Year,Y,Certified
EZYV3948,Asia,Master's,N,N,84160,1988,West,111449.17,Year,Y,Denied
EZYV9666,Asia,High School,Y,N,3695,1968,South,33386.29,Year,Y,Denied
EZYV23852,Asia,High School,N,N,571,1989,South,46880.69,Year,Y,Denied
EZYV17415,Asia,Bachelor's,Y,N,5246,2004,Midwest,138319.21,Year,Y,Denied
EZYV22727,Europe,Master's,Y,N,3151,1999,West,63330.62,Year,Y,Denied
EZYV19333,Asia,Bachelor's,Y,N,841,2004,Northeast,51559.21,Year,Y,Certified
EZYV15090,Africa,Bachelor's,N,Y,389595,1989,West,24727.94,Year,Y,Certified
EZYV20872,Europe,Bachelor's,Y,N,2205,2003,West,152811.59,Year,Y,Certified
EZYV12020,Europe,Master's,Y,N,31,2013,Northeast,64315.25,Year,Y,Certified
EZYV5340,Asia,Bachelor's,Y,N,3116,1987,West,56972.12,Year,Y,Certified
EZYV18377,Asia,High School,Y,N,18519,2010,West,49111.26,Year,Y,Certified
EZYV13002,Europe,Doctorate,N,N,963,2010,South,26215.79,Year,Y,Certified
EZYV7013,South America,High School,N,N,2255,1879,Northeast,807.5226,Hour,Y,Certified
EZYV3692,Asia,Bachelor's,N,N,293,1894,Midwest,9489.65,Year,Y,Denied
EZYV410,Asia,Bachelor's,Y,Y,4713,1968,West,100969.89,Year,Y,Certified
EZYV13987,Africa,Master's,Y,N,785,2007,West,47177.5,Year,Y,Certified
EZYV15200,North America,Bachelor's,N,N,2342,1979,South,419.1758,Hour,Y,Denied
EZYV6847,Asia,Bachelor's,N,N,1224,1965,Northeast,961.1867,Hour,Y,Denied
EZYV19297,Europe,Doctorate,N,N,1617,1965,West,61102.54,Year,Y,Certified
EZYV10476,Asia,Bachelor's,Y,N,711,1975,Northeast,46505.01,Year,Y,Certified
EZYV8512,Asia,Bachelor's,Y,N,3655,2007,Northeast,64910.14,Year,Y,Certified
EZYV14085,Asia,Master's,N,N,996,2008,Northeast,41.9771,Hour,Y,Denied
EZYV19097,Asia,Master's,Y,N,451,1975,South,127639.05,Year,Y,Certified
EZYV13299,Asia,Master's,N,N,880,1994,West,123045.14,Year,Y,Denied
EZYV6293,Asia,High School,Y,N,2530,2000,South,46968.89,Year,Y,Denied
EZYV895,Europe,Doctorate,N,Y,1400,1999,South,56651.09,Year,Y,Certified
EZYV17643,Asia,Master's,N,N,962,1996,Midwest,43222.66,Year,Y,Certified
EZYV6225,Asia,Master's,N,N,4829,2005,South,22397.69,Year,Y,Certified
EZYV21980,Asia,Doctorate,Y,Y,18,1950,South,65932.54,Year,Y,Certified
EZYV22567,North America,Master's,Y,N,3445,1979,Northeast,33015.16,Year,Y,Certified
EZYV10795,Europe,Doctorate,N,Y,1166,1996,Midwest,54170.04,Year,Y,Certified
EZYV678,Europe,Doctorate,Y,N,3206,2013,West,20185.76,Year,Y,Certified
EZYV14884,Asia,High School,N,Y,2277,1988,West,119151.63,Year,Y,Denied
EZYV1982,Asia,Master's,Y,N,4743,2014,South,67881.59,Year,Y,Certified
EZYV15947,Europe,Master's,N,N,4841,2008,West,1465.75,Year,Y,Certified
EZYV18249,Asia,Master's,Y,N,4637,2005,West,176630.61,Year,Y,Certified
EZYV8005,Asia,Bachelor's,N,N,1934,2001,South,27207.67,Year,Y,Denied
EZYV9023,North America,Master's,Y,N,3621,2007,West,105840.4,Year,Y,Denied
EZYV24073,Asia,Bachelor's,Y,N,3499,2005,South,145699.2,Year,Y,Denied
EZYV9603,Europe,Bachelor's,Y,N,2433,1911,West,102824.69,Year,Y,Certified
EZYV20374,Asia,Bachelor's,N,N,2663,1991,South,21988.7,Year,Y,Certified
EZYV4982,Asia,Bachelor's,Y,N,3450,1996,Northeast,89124.17,Year,Y,Denied
EZYV24947,South America,Bachelor's,N,N,2397,1985,South,131275.93,Year,N,Certified
EZYV8866,Europe,Bachelor's,N,N,409,1996,West,123699.45,Year,Y,Certified
EZYV14064,Asia,Bachelor's,N,Y,3508,2011,South,41737.57,Year,Y,Denied
EZYV17208,Europe,Bachelor's,Y,N,20,2008,Northeast,22954.75,Year,Y,Certified
EZYV3954,Europe,Bachelor's,N,N,1271,1990,West,27761.34,Year,Y,Certified
EZYV19840,Asia,Doctorate,N,N,1267,1983,South,24686.7,Year,Y,Certified
EZYV16162,North America,Master's,Y,N,4369,2012,West,61103.17,Year,Y,Certified
EZYV19948,Asia,High School,N,N,4512,1994,Midwest,134604.63,Year,Y,Certified
EZYV18505,Asia,Master's,Y,N,3085,2003,West,46738.47,Year,Y,Denied
EZYV17713,Asia,Master's,Y,N,3084,1838,Midwest,129697.07,Year,Y,Certified
EZYV2629,North America,High School,N,N,1646,1911,Northeast,85.9367,Hour,Y,Denied
EZYV24282,Asia,Bachelor's,N,N,3704,2013,West,65398.59,Year,Y,Certified
EZYV14092,Asia,Master's,N,N,2613,1931,Northeast,16721.23,Year,Y,Denied
EZYV15011,Africa,Bachelor's,N,N,1469,2009,South,98249.02,Year,Y,Certified
EZYV17921,North America,Bachelor's,Y,N,12952,1950,West,65847.25,Year,Y,Denied
EZYV10,Europe,Doctorate,Y,N,2251,1995,South,67514.76,Year,Y,Certified
EZYV9282,North America,Bachelor's,Y,N,3397,1980,South,74.4049,Hour,Y,Certified
EZYV3314,North America,Master's,N,N,3592,1922,West,84697.42,Year,Y,Denied
EZYV1571,Asia,Master's,Y,N,2803,2007,Northeast,99856.81,Year,N,Certified
EZYV7210,South America,Bachelor's,N,N,368,1995,West,174657.07,Year,Y,Certified
EZYV12157,North America,Master's,Y,N,1324,1968,Island,97777.14,Year,Y,Certified
EZYV21837,Asia,Master's,Y,N,3383,2008,South,101681.06,Year,N,Certified
EZYV22994,Asia,Bachelor's,Y,N,3502,2002,Midwest,91752.54,Year,Y,Certified
EZYV24975,North America,Master's,N,N,2205,1996,West,49920.41,Year,Y,Certified
EZYV11467,North America,Master's,Y,N,1945,2002,Northeast,516.5716,Hour,Y,Denied
EZYV12500,Oceania,High School,N,N,1497,1993,Northeast,132930.51,Year,Y,Denied
EZYV15694,Asia,Master's,N,Y,3305,2000,South,77719.98,Year,N,Denied
EZYV12478,Asia,Bachelor's,N,N,2249,1848,West,85303.62,Year,Y,Denied
EZYV20896,Asia,Master's,N,N,3387,2011,Northeast,122616.55,Year,Y,Denied
EZYV7094,Europe,Master's,Y,N,4516,1998,West,10277.3,Year,Y,Certified
EZYV22459,North America,Master's,Y,N,3124,2005,West,69711.67,Year,Y,Certified
EZYV11747,Asia,Master's,N,N,2017,1996,Midwest,143464.98,Year,Y,Certified
EZYV10900,North America,Master's,Y,N,4212,1946,South,97240.58,Year,Y,Certified
EZYV5370,North America,Master's,N,N,363,1998,West,89583.45,Year,Y,Certified
EZYV3722,Asia,Bachelor's,N,N,3592,2001,South,99300.84,Year,N,Denied
EZYV10402,Asia,Doctorate,N,N,4196,1903,South,133670.25,Year,N,Certified
EZYV18397,Asia,Master's,N,N,2042,1985,West,68484.18,Year,Y,Certified
EZYV8899,Europe,Master's,N,N,4263,2000,West,6525.91,Year,Y,Certified
EZYV12846,Europe,Master's,N,Y,1156,1885,West,98382.86,Year,Y,Certified
EZYV23499,Asia,Bachelor's,Y,N,397,2013,Midwest,93742.7,Year,Y,Certified
EZYV21209,Asia,Master's,Y,N,5059,2008,South,83451.18,Year,N,Denied
EZYV12646,Asia,Master's,Y,N,1921,2006,South,96789.15,Year,Y,Certified
EZYV4286,Asia,Master's,Y,N,82,2006,Northeast,15082.64,Year,Y,Certified
EZYV717,South America,High School,Y,N,1280,1928,Northeast,42704.0,Year,Y,Certified
EZYV13375,Asia,Bachelor's,Y,N,5068,2014,Northeast,17922.05,Year,N,Certified
EZYV16754,Asia,Bachelor's,Y,N,1517,1981,West,79322.18,Year,Y,Certified
EZYV1903,North America,Doctorate,N,N,734,2002,West,87647.05,Year,Y,Denied
EZYV5918,Asia,Master's,Y,N,674,1989,Midwest,137454.84,Year,Y,Certified
EZYV4022,North America,Master's,Y,N,1063,1998,South,143793.45,Year,N,Certified
EZYV11275,Asia,Doctorate,N,Y,2854,1895,Midwest,112127.47,Year,Y,Certified
EZYV23895,North America,Doctorate,Y,N,4462,1987,Northeast,90979.75,Year,Y,Denied
EZYV609,North America,Master's,Y,N,2150,2010,South,137769.42,Year,N,Certified
EZYV1823,Africa,Master's,N,N,3463,1980,Midwest,130798.67,Year,Y,Certified
EZYV15658,Asia,Bachelor's,N,N,12749,1981,Northeast,118035.16,Year,Y,Certified
EZYV12821,Asia,Bachelor's,N,Y,835,2009,West,53720.17,Year,Y,Certified
EZYV12762,Asia,Bachelor's,N,N,1071,1968,Northeast,141.32,Hour,Y,Denied
EZYV18381,Europe,Bachelor's,Y,N,4980,1999,West,40044.22,Year,Y,Certified
EZYV14769,Asia,Doctorate,Y,N,6042,2004,Northeast,69139.87,Year,Y,Certified
EZYV15061,Asia,Master's,N,N,852,1983,South,85414.98,Year,Y,Certified
EZYV20675,Asia,High School,N,N,2678,1997,South,94543.97,Year,Y,Certified
EZYV6819,Asia,Master's,N,N,1655,1979,Midwest,98156.93,Year,Y,Certified
EZYV21001,Asia,Master's,Y,N,1611,1906,Northeast,120428.72,Year,Y,Certified
EZYV23280,Asia,Master's,N,N,2719,2004,Northeast,23862.68,Year,Y,Certified
EZYV25181,South America,Bachelor's,N,Y,3224,1998,West,61244.66,Year,Y,Certified
EZYV23530,Africa,Master's,Y,N,4534,1966,Northeast,128574.6,Year,Y,Denied
EZYV13238,Asia,High School,Y,N,5870,2011,Northeast,140996.5,Year,Y,Denied
EZYV1540,North America,Bachelor's,N,N,3635,1886,West,84581.2,Year,N,Denied
EZYV17639,North America,High School,N,N,622,1987,West,302.2604,Hour,Y,Certified
EZYV9274,North America,Master's,N,N,3060,1982,Northeast,90569.35,Year,N,Denied
EZYV11378,North America,Master's,Y,N,3529,2001,West,39639.59,Year,Y,Certified
EZYV11471,Europe,Doctorate,Y,N,4970,1996,Northeast,10517.0,Year,Y,Certified
EZYV7268,Asia,Master's,Y,N,4548,2011,Midwest,51160.93,Year,N,Certified
EZYV6169,Asia,Bachelor's,Y,N,2761,1988,Northeast,128335.44,Year,N,Certified
EZYV19131,Europe,Bachelor's,N,Y,2612,1999,South,18762.69,Year,Y,Certified
EZYV10994,Asia,High School,N,Y,1199,2009,West,103.07,Hour,Y,Denied
EZYV13140,Europe,Master's,Y,N,22125,2011,Northeast,86434.1,Year,Y,Certified
EZYV22294,Asia,Master's,N,N,326,2000,Midwest,110646.74,Year,Y,Denied
EZYV2090,Asia,High School,Y,N,222,1982,Midwest,122720.12,Year,Y,Certified
EZYV18918,North America,Bachelor's,N,N,300,2009,South,49851.72,Year,Y,Certified
EZYV10027,Asia,Master's,N,Y,1588,1996,Northeast,37890.15,Year,Y,Certified
EZYV10500,Asia,Bachelor's,Y,N,3771,1987,South,60752.42,Year,Y,Certified
EZYV16341,Asia,High School,Y,N,1052,1867,Northeast,30509.86,Year,Y,Certified
EZYV7442,North America,Master's,N,N,160,1863,South,133821.87,Year,N,Denied
EZYV14504,Asia,Bachelor's,N,N,1366,2008,South,204141.1,Year,Y,Certified
EZYV4142,Asia,Master's,N,N,2459,1988,Midwest,119136.85,Year,Y,Denied
EZYV826,Asia,Master's,Y,N,19306,2010,West,45855.88,Week,Y,Certified
EZYV9838,Europe,Master's,Y,N,4124,1979,Northeast,16450.99,Year,Y,Certified
EZYV7519,Asia,Master's,Y,N,808,1939,Midwest,141595.68,Year,Y,Certified
EZYV7074,South America,Master's,Y,N,1238,2013,Northeast,25999.0,Year,Y,Certified
EZYV15076,Asia,High School,Y,N,403,2003,Midwest,94323.04,Year,Y,Denied
EZYV7942,Asia,Master's,N,N,1928,1997,Northeast,168.0793,Hour,Y,Certified
EZYV21230,Asia,High School,Y,N,2135,2010,West,60525.63,Year,Y,Certified
EZYV22787,Europe,Master's,Y,N,1461,2006,South,61090.77,Year,Y,Certified
EZYV5355,Asia,High School,Y,N,32,1855,Midwest,307410.02,Year,Y,Denied
EZYV18194,Asia,Bachelor's,N,N,2481,2011,Midwest,96534.53,Year,Y,Certified
EZYV24719,Europe,High School,Y,Y,2445,1999,West,103480.5,Year,Y,Certified
EZYV10588,Asia,Bachelor's,Y,N,2548,2009,South,115111.55,Year,Y,Denied
EZYV734,Asia,Doctorate,Y,N,457,1987,South,22871.53,Year,Y,Certified
EZYV18162,Oceania,Master's,N,N,735,2002,Midwest,129812.29,Year,Y,Denied
EZYV2113,Asia,Master's,Y,N,22901,2000,West,47173.4,Year,Y,Certified
EZYV16229,Asia,High School,N,Y,270,2010,South,90027.98,Year,Y,Certified
EZYV24360,Asia,Master's,Y,N,3670,1920,Northeast,37269.49,Year,Y,Denied
EZYV18238,North America,Master's,Y,N,2712,1999,South,75890.43,Year,N,Certified
EZYV12363,Asia,Bachelor's,N,N,3337,2012,West,93938.43,Week,Y,Denied
EZYV8398,Asia,Bachelor's,Y,N,651,2010,West,429.5424,Hour,Y,Denied
EZYV11732,Asia,Bachelor's,Y,N,989,1907,Northeast,30017.12,Week,Y,Denied
EZYV8541,Europe,Bachelor's,Y,N,1157,1999,Midwest,46579.45,Year,Y,Certified
EZYV25084,Asia,Bachelor's,N,N,4802,1847,West,126232.53,Year,Y,Denied
EZYV23967,South America,Bachelor's,Y,N,1371,2003,Northeast,102.47,Hour,Y,Denied
EZYV17314,Asia,Master's,Y,N,1765,1985,West,22470.2,Year,Y,Certified
EZYV21321,Asia,Master's,N,N,2076,1893,Northeast,134669.2,Year,N,Certified
EZYV19330,Asia,Bachelor's,Y,N,2270,2012,Northeast,20112.48,Year,Y,Denied
EZYV19213,Asia,Bachelor's,Y,N,414,2013,South,69789.98,Year,Y,Certified
EZYV24850,Asia,Bachelor's,N,Y,4880,2002,South,154900.66,Year,Y,Certified
EZYV21500,Asia,Bachelor's,Y,N,5457,1831,West,53410.04,Year,Y,Certified
EZYV5301,North America,Bachelor's,Y,N,4712,2004,West,101719.27,Year,Y,Denied
EZYV13583,North America,Master's,Y,N,439,1977,Northeast,71559.96,Week,Y,Denied
EZYV15769,South America,Bachelor's,Y,N,2911,1952,West,130.0671,Hour,Y,Denied
EZYV14553,Europe,High School,Y,N,912,2003,West,16497.13,Year,Y,Denied
EZYV16467,Asia,Master's,Y,N,1438,1995,Midwest,80113.88,Year,Y,Certified
EZYV22710,Europe,Doctorate,Y,N,891,1987,West,38144.03,Year,Y,Certified
EZYV5745,Asia,Master's,N,Y,2904,1984,Northeast,120156.4,Year,N,Denied
EZYV22982,North America,High School,Y,N,1282,1998,Northeast,62889.19,Year,Y,Certified
EZYV18086,Asia,Bachelor's,Y,N,350,1911,South,38133.81,Year,Y,Denied
EZYV11259,Asia,High School,Y,N,1798,1993,South,76845.5,Year,Y,Denied
EZYV22687,Asia,Master's,N,N,5050,1992,South,140071.67,Year,N,Denied
EZYV23605,Europe,Doctorate,Y,N,451,1856,West,94556.86,Year,Y,Certified
EZYV16409,Asia,Bachelor's,Y,N,1111,1976,Midwest,235694.88,Year,Y,Certified
EZYV19774,North America,Bachelor's,N,N,2861,2008,Northeast,26236.03,Year,Y,Certified
EZYV141,Asia,Master's,N,N,4390,1944,South,88720.29,Year,N,Certified
EZYV10041,Africa,Bachelor's,Y,N,1368,1871,South,63626.26,Year,Y,Certified
EZYV16869,Europe,Doctorate,N,N,5563,1999,West,51459.85,Year,Y,Certified
EZYV15237,Asia,Bachelor's,N,Y,519,1993,South,142311.74,Year,Y,Denied
EZYV8887,Asia,Master's,Y,N,680,2000,Midwest,74921.83,Year,Y,Certified
EZYV10844,Asia,Master's,Y,N,857,2001,Midwest,117750.3,Year,Y,Certified
EZYV7018,Asia,Bachelor's,N,N,2864,2003,Northeast,11877.31,Year,Y,Denied
EZYV12217,Europe,Doctorate,Y,N,1700,1989,South,83770.01,Year,Y,Certified
EZYV24634,North America,Bachelor's,N,Y,2833,1906,South,19490.22,Year,Y,Certified
EZYV22615,North America,Master's,N,N,2867,1988,West,469.0171,Hour,Y,Certified
EZYV2684,Asia,Bachelor's,N,N,3334,2002,South,105438.48,Year,N,Denied
EZYV9727,Asia,Master's,Y,N,3315,1984,Northeast,128264.12,Year,Y,Certified
EZYV8591,Asia,Bachelor's,N,N,3530,1877,Northeast,58297.26,Year,Y,Denied
EZYV22925,Asia,Master's,N,N,2744,2007,Midwest,141253.87,Year,Y,Certified
EZYV6127,Europe,High School,Y,N,3413,2007,Northeast,21205.71,Year,Y,Denied
EZYV11057,Asia,Bachelor's,Y,N,2511,1848,South,147118.25,Year,Y,Denied
EZYV22252,Asia,Bachelor's,Y,N,1721,1996,Northeast,4092.89,Year,Y,Certified
EZYV19373,Asia,Doctorate,N,Y,2141,1980,West,126668.89,Year,Y,Certified
EZYV2323,Asia,Bachelor's,N,N,1316,2006,South,127.5109,Hour,Y,Certified
EZYV3443,Asia,Master's,N,N,1242,2001,Midwest,102348.87,Year,Y,Denied
EZYV24034,South America,Master's,Y,N,1883,2001,South,15017.34,Year,Y,Certified
EZYV17079,Asia,Master's,Y,N,1325,1931,South,6754.44,Year,Y,Certified
EZYV15727,Asia,Master's,Y,N,2043,1922,South,80852.61,Year,Y,Certified
EZYV8308,Europe,Doctorate,N,N,4016,1997,West,80413.76,Year,Y,Certified
EZYV22046,North America,Bachelor's,Y,N,623,2010,South,34671.52,Year,Y,Certified
EZYV11909,Europe,Bachelor's,Y,N,1410,1992,South,75010.63,Year,N,Certified
EZYV17567,North America,Bachelor's,Y,N,3936,1989,South,105288.48,Year,Y,Certified
EZYV23091,Africa,Bachelor's,N,N,2350,1928,Midwest,92875.28,Year,Y,Certified
EZYV24291,Asia,Bachelor's,N,N,4829,1988,Midwest,79886.48,Year,Y,Certified
EZYV4558,Europe,Bachelor's,Y,N,1547,2000,Midwest,6966.54,Year,Y,Denied
EZYV10276,Asia,Master's,N,N,11284,2006,Island,74723.67,Year,Y,Certified
EZYV2634,Asia,Bachelor's,Y,N,502,1970,South,138457.4,Year,Y,Certified
EZYV16462,Asia,High School,Y,N,4517,1843,West,118342.53,Year,Y,Denied
EZYV13297,Europe,Bachelor's,N,Y,3329,1998,West,36440.92,Year,Y,Certified
EZYV23298,Asia,Master's,Y,N,195,2005,Midwest,160788.76,Year,Y,Certified
EZYV17143,Asia,Master's,N,N,1938,1996,South,112136.73,Year,Y,Denied
EZYV10740,Asia,Master's,Y,N,3135,1998,Midwest,127826.35,Year,Y,Certified
EZYV23980,Asia,Bachelor's,Y,N,3133,2000,Midwest,102589.99,Year,Y,Denied
EZYV19493,Asia,Master's,N,N,415,1838,West,41351.43,Year,Y,Certified
EZYV3504,Asia,Bachelor's,N,N,2522,1998,Northeast,14842.59,Year,Y,Denied
EZYV25276,Europe,Doctorate,Y,Y,3783,1887,Northeast,49823.17,Year,Y,Certified
EZYV25100,Asia,Bachelor's,Y,Y,83,1946,South,35701.37,Year,Y,Certified
EZYV14629,Asia,Bachelor's,N,N,3865,1998,Midwest,144405.55,Year,Y,Certified
EZYV521,Asia,Bachelor's,Y,N,3272,1922,Midwest,95018.17,Year,Y,Certified
EZYV19128,Asia,Master's,Y,N,2448,1987,Northeast,23904.67,Year,Y,Certified
EZYV11030,Asia,Doctorate,Y,Y,2292,1984,West,82907.88,Year,Y,Certified
EZYV14379,Asia,Bachelor's,N,Y,3863,1958,West,66835.19,Year,Y,Denied
EZYV2842,Europe,Master's,N,N,1506,1974,Northeast,106628.4,Year,Y,Certified
EZYV11903,Asia,Master's,Y,N,341,1986,South,43312.24,Year,Y,Certified
EZYV14190,Europe,Bachelor's,Y,N,3433,1995,Northeast,30149.6,Year,Y,Certified
EZYV10594,Asia,Master's,N,N,14488,1999,Midwest,63135.91,Year,N,Certified
EZYV7726,Asia,Master's,N,N,3699,2016,South,43416.41,Year,Y,Certified
EZYV22308,Asia,Bachelor's,N,N,1862,1996,West,58330.9,Year,Y,Certified
EZYV21490,North America,Master's,N,N,1240,2004,Midwest,137386.87,Year,N,Certified
EZYV13606,North America,Bachelor's,N,N,1896,1979,Northeast,559.5197,Hour,Y,Denied
EZYV9205,North America,Bachelor's,Y,N,682,1985,Northeast,120960.25,Year,N,Denied
EZYV6415,Asia,Master's,Y,N,4492,1994,Midwest,91084.09,Year,Y,Certified
EZYV12601,North America,Bachelor's,Y,N,940,1968,Northeast,76282.99,Year,Y,Denied
EZYV15244,Asia,Master's,N,Y,2017,2013,West,268.8063,Hour,Y,Certified
EZYV23941,Asia,Bachelor's,N,N,1723,1889,West,277.3422,Hour,Y,Certified
EZYV3946,Asia,Bachelor's,Y,N,2705,2007,Northeast,798.9479,Hour,Y,Denied
EZYV20478,Asia,Master's,Y,N,22009,2008,Northeast,126351.57,Year,Y,Certified
EZYV16062,Asia,Master's,N,N,1480,1917,Midwest,120147.94,Year,N,Certified
EZYV2207,Asia,Bachelor's,Y,N,637,1876,South,81234.09,Year,Y,Certified
EZYV22760,Asia,Master's,Y,N,5980,2008,South,128286.39,Year,Y,Certified
EZYV4346,Asia,Bachelor's,N,N,1136,1992,Northeast,88404.18,Year,Y,Denied
EZYV13372,Europe,Bachelor's,Y,N,3216,2004,Northeast,33594.65,Year,Y,Certified
EZYV24866,Oceania,Doctorate,N,Y,3487,1930,West,59969.55,Year,Y,Denied
EZYV2573,Asia,Master's,N,N,2674,1886,Midwest,17228.34,Year,Y,Certified
EZYV9567,Asia,Bachelor's,Y,N,826,2004,West,43040.49,Year,Y,Denied
EZYV22997,Europe,Bachelor's,N,N,5147,1991,Northeast,60890.91,Year,Y,Certified
EZYV10055,Oceania,Bachelor's,N,Y,29201,1913,Northeast,65130.99,Year,Y,Certified
EZYV14566,North America,Bachelor's,Y,N,3315,1969,Northeast,37560.64,Year,N,Denied
EZYV12751,Asia,Master's,Y,N,3645,2009,Midwest,209477.21,Year,Y,Certified
EZYV5408,Europe,Bachelor's,N,N,3365,1961,South,359.1049,Hour,Y,Certified
EZYV14765,South America,High School,N,N,2027,1998,Northeast,22510.58,Year,Y,Denied
EZYV15509,Asia,Bachelor's,Y,N,1675,2006,West,128474.33,Year,Y,Denied
EZYV6087,Asia,Bachelor's,N,N,1348,1985,South,85091.89,Year,Y,Denied
EZYV97,North America,Bachelor's,Y,N,2573,1977,Northeast,91449.62,Year,Y,Denied
EZYV17667,Asia,High School,N,N,2577,2006,Midwest,84761.85,Year,Y,Certified
EZYV16048,Asia,Master's,N,N,332,2005,Midwest,86842.49,Year,Y,Certified
EZYV17341,Asia,Bachelor's,Y,N,3562,2004,South,73436.11,Year,Y,Certified
EZYV14501,Asia,High School,N,Y,172,2000,West,99132.99,Year,Y,Denied
EZYV19032,Europe,Bachelor's,Y,N,753,1921,South,72041.34,Year,Y,Certified
EZYV24814,Asia,High School,Y,N,955,1850,South,150899.42,Year,Y,Certified
EZYV16688,Europe,Master's,N,N,598,1969,South,381.6501,Hour,Y,Denied
EZYV22081,Asia,Master's,Y,N,597,1997,South,111783.92,Year,Y,Certified
EZYV4683,North America,Bachelor's,Y,N,662,1985,Northeast,9836.88,Year,Y,Certified
EZYV11372,Asia,High School,N,N,3190,2012,West,58762.91,Year,Y,Denied
EZYV12862,Asia,Bachelor's,N,N,2607,2002,South,921.3556,Hour,Y,Denied
EZYV7624,Europe,Master's,N,Y,2708,2010,South,14207.72,Year,Y,Certified
EZYV15138,Asia,High School,N,N,246,1998,Northeast,115234.27,Year,Y,Denied
EZYV18876,Asia,High School,N,N,1471,1907,Midwest,136324.48,Year,Y,Certified
EZYV6914,Asia,Master's,Y,N,2402,1963,Midwest,60948.15,Year,Y,Certified
EZYV13139,North America,Bachelor's,Y,N,955,1884,South,126123.79,Year,N,Certified
EZYV21352,Asia,Master's,Y,N,694,1981,Northeast,48764.13,Year,N,Certified
EZYV23421,Asia,Bachelor's,Y,N,2090,1997,West,68325.1,Year,Y,Certified
EZYV11431,Asia,High School,N,N,1193,2003,Midwest,111.42,Hour,Y,Denied
EZYV20860,South America,Bachelor's,Y,N,2987,1993,South,47547.48,Year,Y,Certified
EZYV23346,Asia,Master's,N,N,102,1997,South,26081.4,Year,Y,Certified
EZYV24335,Asia,Master's,N,N,1373,2012,Northeast,72425.39,Year,Y,Certified
EZYV23931,Asia,Master's,N,Y,444,2004,West,92623.18,Year,Y,Certified
EZYV3491,Asia,Bachelor's,N,N,1481,1993,South,46588.97,Year,Y,Denied
EZYV2788,Asia,Bachelor's,N,N,5110,1997,Northeast,42187.88,Year,Y,Denied
EZYV5483,Asia,Master's,N,N,5088,1993,West,95997.13,Year,Y,Certified
EZYV8802,Asia,Bachelor's,Y,N,2971,1974,Northeast,114191.88,Year,N,Certified
EZYV13052,North America,Doctorate,Y,N,91451,2000,Northeast,101740.57,Year,Y,Certified
EZYV17891,Asia,Master's,Y,N,1211,2010,West,6679.43,Year,Y,Denied
EZYV15257,Asia,Bachelor's,N,N,1181,1807,South,423.9806,Hour,Y,Denied
EZYV22374,South America,High School,N,Y,722,1980,South,111515.87,Year,Y,Certified
EZYV17458,Asia,Bachelor's,Y,Y,1375,2001,Northeast,56771.99,Year,Y,Certified
EZYV1534,North America,Bachelor's,Y,N,5661,1989,West,143857.62,Year,Y,Certified
EZYV14630,Asia,Master's,Y,N,2699,1986,West,67054.84,Year,Y,Certified
EZYV20241,Europe,Master's,Y,N,138797,1996,West,58347.18,Year,Y,Certified
EZYV2403,Asia,Bachelor's,N,N,1822,1983,Northeast,96398.54,Year,Y,Denied
EZYV12045,Asia,Master's,Y,Y,2227,1960,Northeast,69650.61,Year,Y,Certified
EZYV19029,Europe,Bachelor's,N,N,1483,2003,South,125038.9,Year,Y,Certified
EZYV12151,Europe,Bachelor's,N,Y,430,2008,West,172943.0,Year,Y,Certified
EZYV2438,Asia,High School,N,N,2284,1998,West,97524.85,Year,Y,Denied
EZYV8947,Oceania,High School,N,N,4268,1962,Northeast,853.6152,Hour,Y,Certified
EZYV21642,Asia,High School,N,N,336,1972,South,671.8011,Hour,Y,Denied
EZYV20503,Asia,Bachelor's,N,N,3758,2010,West,74839.73,Year,Y,Certified
EZYV1447,Asia,Master's,Y,Y,697,1936,West,136661.87,Year,Y,Certified
EZYV19214,Europe,Doctorate,Y,N,1422,1875,West,17954.27,Year,Y,Certified
EZYV356,Asia,Bachelor's,N,Y,114,1851,West,69228.82,Year,Y,Denied
EZYV20012,Asia,Bachelor's,Y,N,939,2006,Midwest,32745.69,Year,Y,Certified
EZYV11346,Europe,Master's,Y,N,3481,2005,West,118633.87,Year,Y,Certified
EZYV16249,Asia,High School,N,N,2586,1984,West,7242.39,Year,Y,Denied
EZYV1139,Asia,Bachelor's,N,N,4046,2003,West,175683.35,Year,Y,Denied
EZYV15888,Asia,Bachelor's,Y,N,2197,1992,Northeast,123266.89,Year,Y,Certified
EZYV5556,North America,Bachelor's,Y,N,1939,1981,South,98281.26,Year,Y,Certified
EZYV16265,Europe,Master's,Y,N,1045,1998,West,73663.12,Year,Y,Certified
EZYV1668,Asia,Bachelor's,N,Y,1817,1996,South,89248.4,Year,Y,Certified
EZYV9222,North America,Bachelor's,N,N,3953,1999,South,112594.03,Year,Y,Certified
EZYV693,Asia,Master's,N,Y,2751,2004,South,148964.53,Year,Y,Certified
EZYV6735,Europe,High School,Y,N,1463,2010,South,71333.23,Year,Y,Denied
EZYV11368,Asia,High School,Y,N,827,1956,South,62752.72,Year,Y,Denied
EZYV25413,Asia,Master's,N,N,2509,2003,South,545.5406,Hour,Y,Certified
EZYV2722,Asia,Master's,N,N,796,1998,Midwest,94973.9,Year,Y,Denied
EZYV20001,Asia,Bachelor's,N,N,2342,2007,Northeast,114357.35,Year,Y,Denied
EZYV5133,North America,Bachelor's,N,N,3383,2005,Northeast,104.56,Hour,Y,Certified
EZYV10862,Asia,Master's,Y,N,603,1994,Northeast,129.35,Hour,Y,Certified
EZYV512,Europe,High School,Y,N,2670,2013,West,76452.7,Year,Y,Denied
EZYV12492,Asia,Master's,N,N,2998,1961,West,68825.85,Year,Y,Denied
EZYV12087,Asia,Master's,Y,N,4850,2007,South,14876.49,Year,Y,Certified
EZYV7334,Asia,Master's,Y,N,3396,1987,Midwest,156366.1,Year,Y,Certified
EZYV22675,Asia,High School,Y,N,10737,1895,South,156896.08,Year,N,Certified
EZYV9571,Asia,Bachelor's,Y,N,360,1940,West,95633.63,Year,Y,Denied
EZYV16135,Asia,Master's,Y,N,3598,1999,Northeast,71366.82,Year,Y,Certified
EZYV7670,Asia,Bachelor's,Y,N,1524,2000,West,52545.97,Year,Y,Certified
EZYV6780,Asia,High School,Y,N,1037,2005,Midwest,55087.24,Year,Y,Denied
EZYV24844,Asia,Master's,N,N,615,2012,Northeast,89596.96,Year,Y,Certified
EZYV8062,Asia,Master's,Y,N,1245,2013,Northeast,120932.29,Year,Y,Certified
EZYV22226,Asia,Bachelor's,Y,N,3181,2005,Midwest,103785.68,Year,Y,Certified
EZYV15226,Asia,Master's,Y,N,2360,1995,Midwest,137052.84,Year,Y,Certified
EZYV22934,Asia,Master's,N,N,3704,1983,West,40957.67,Year,Y,Denied
EZYV1375,North America,Master's,Y,N,2813,2007,South,32867.29,Year,Y,Certified
EZYV14889,Asia,Master's,Y,N,7775,1843,Northeast,136913.82,Year,Y,Certified
EZYV16897,Asia,Master's,Y,N,3005,1985,Midwest,105503.36,Year,Y,Certified
EZYV6688,Asia,High School,N,N,796,2005,West,106047.09,Year,Y,Denied
EZYV4985,Europe,High School,Y,N,16,2008,Northeast,42227.84,Year,Y,Denied
EZYV5725,Asia,Bachelor's,N,N,2251,2008,Midwest,62455.66,Year,Y,Certified
EZYV11185,Asia,Master's,Y,N,755,1912,South,77724.8,Year,Y,Certified
EZYV24388,Asia,Bachelor's,Y,N,3293,1997,South,46916.38,Year,Y,Denied
EZYV18420,Asia,High School,Y,N,2442,1999,South,16488.22,Year,Y,Certified
EZYV14427,Asia,Master's,Y,N,2025,1996,South,45188.9,Year,N,Certified
EZYV2399,Asia,Bachelor's,Y,N,16808,2002,South,99784.56,Week,Y,Certified
EZYV25244,Asia,Bachelor's,N,N,2908,1972,West,42016.09,Year,Y,Denied
EZYV18326,Asia,Bachelor's,N,N,2591,1984,Northeast,53046.45,Year,Y,Certified
EZYV17104,Europe,Doctorate,Y,Y,955,1993,South,74323.45,Year,Y,Certified
EZYV2931,Europe,Master's,N,N,1951,2000,West,123752.0,Year,Y,Certified
EZYV3235,Europe,Bachelor's,Y,Y,190,2012,Northeast,120372.7,Year,N,Certified
EZYV3018,Asia,Bachelor's,N,N,2611,2005,South,54246.72,Year,Y,Denied
EZYV5668,Asia,Master's,Y,N,2004,2007,Midwest,68281.43,Year,Y,Certified
EZYV11670,Asia,High School,N,N,3272,1997,Northeast,177954.61,Year,Y,Denied
EZYV20285,Asia,Master's,Y,N,119168,1980,West,118217.28,Year,Y,Certified
EZYV742,Asia,High School,Y,N,603,2010,South,45833.71,Year,Y,Certified
EZYV3730,Asia,Master's,N,N,3874,1960,West,6801.63,Year,Y,Denied
EZYV14745,North America,Bachelor's,Y,N,174,1997,South,177495.82,Year,Y,Denied
EZYV15959,Asia,Bachelor's,N,N,459,1968,West,2712.11,Year,Y,Certified
EZYV13359,Asia,High School,Y,N,1552,2010,Northeast,13956.67,Year,Y,Denied
EZYV11189,Asia,Bachelor's,Y,N,1295,1998,Northeast,31706.19,Year,Y,Denied
EZYV17003,Asia,Master's,N,N,6937,2013,Midwest,14475.43,Year,Y,Certified
EZYV5748,Asia,Master's,N,Y,2688,1989,Northeast,43085.74,Year,Y,Certified
EZYV3732,North America,Master's,Y,N,428773,2004,Northeast,39191.89,Year,Y,Certified
EZYV4026,Asia,Bachelor's,N,N,1714,1972,West,77293.61,Year,Y,Denied
EZYV4307,Asia,Master's,Y,Y,983,1885,Midwest,111871.22,Year,Y,Certified
EZYV5850,Asia,Bachelor's,N,Y,804,2013,West,105579.13,Year,Y,Certified
EZYV23517,Asia,Bachelor's,Y,N,2879,2010,West,94941.03,Year,Y,Denied
EZYV6268,Europe,Master's,N,N,4517,2010,West,75241.75,Year,Y,Certified
EZYV3183,Asia,Bachelor's,Y,N,2450,1912,Northeast,54532.54,Year,Y,Certified
EZYV16527,Europe,Doctorate,N,Y,3722,1979,West,76288.57,Year,Y,Certified
EZYV24362,Asia,High School,Y,N,840,2001,West,13529.64,Year,Y,Denied
EZYV5064,Asia,High School,Y,N,2347,1994,Northeast,17717.27,Year,Y,Denied
EZYV7567,Asia,High School,Y,N,2452,1947,Northeast,90466.01,Year,N,Denied
EZYV268,North America,Master's,Y,N,2733,1960,West,108458.31,Year,Y,Certified
EZYV13284,Asia,Master's,Y,N,2686,2004,Midwest,138469.16,Year,Y,Certified
EZYV9021,Asia,Bachelor's,N,N,3208,1998,Northeast,171642.68,Year,Y,Denied
EZYV9841,Africa,Bachelor's,N,N,1405,1977,South,94600.0,Year,Y,Certified
EZYV5907,Europe,Master's,Y,N,2356,1978,West,80063.45,Year,Y,Certified
EZYV20348,Asia,Bachelor's,Y,N,54,2004,Northeast,90421.45,Year,Y,Denied
EZYV17139,Asia,Master's,N,N,1305,1962,Midwest,18339.33,Year,Y,Denied
EZYV5801,North America,Master's,Y,N,1824,1978,Northeast,24679.14,Year,Y,Certified
EZYV7009,Asia,Bachelor's,N,N,2390,2011,South,60142.3,Year,N,Denied
EZYV3596,South America,High School,Y,N,522,2011,West,601.0742,Hour,Y,Certified
EZYV22340,North America,Master's,Y,N,4566,1855,Northeast,34951.03,Year,Y,Certified
EZYV7192,Europe,Master's,Y,N,1439,1979,South,115517.72,Year,N,Certified
EZYV6184,Asia,High School,Y,N,1647,2010,West,32050.21,Year,Y,Denied
EZYV12590,Asia,Master's,Y,N,1592,1961,West,33884.11,Year,Y,Certified
EZYV1830,Asia,High School,N,N,1353,1999,Northeast,463.8686,Hour,Y,Denied
EZYV24841,Europe,Master's,N,N,2735,1997,South,105472.78,Year,Y,Denied
EZYV14874,Europe,Bachelor's,Y,N,3395,1998,Northeast,131001.97,Year,Y,Certified
EZYV9343,Asia,Master's,N,N,1627,1985,Northeast,110656.94,Year,N,Certified
EZYV1547,Asia,Bachelor's,Y,N,2034,2010,West,96683.52,Year,Y,Certified
EZYV19958,Asia,Bachelor's,Y,N,1674,1998,Northeast,867.9076,Hour,Y,Denied
EZYV21954,Asia,Master's,Y,N,382,2003,Midwest,239617.43,Year,Y,Certified
EZYV25328,Asia,Bachelor's,N,N,2067,1958,South,760.2486,Hour,Y,Denied
EZYV24016,Asia,Master's,Y,N,5538,2002,Northeast,44035.01,Year,Y,Certified
EZYV15782,Asia,Bachelor's,Y,N,254,2008,West,68457.53,Year,Y,Certified
EZYV10314,North America,Master's,Y,N,2171,2004,Midwest,77087.48,Year,Y,Certified
EZYV15752,Asia,Bachelor's,Y,N,2875,2001,Midwest,233790.85,Year,Y,Certified
EZYV1374,Asia,Master's,Y,N,4899,2006,West,59845.4,Year,Y,Certified
EZYV11762,Asia,Master's,Y,Y,1996,1998,Northeast,67900.04,Year,Y,Certified
EZYV21034,Europe,Doctorate,N,N,1254,1951,West,43201.49,Year,Y,Certified
EZYV12677,Asia,Master's,Y,N,633,1946,Northeast,24149.59,Year,Y,Certified
EZYV1425,Asia,Bachelor's,N,N,3588,2001,West,86580.4,Year,Y,Denied
EZYV5451,Asia,Master's,Y,N,1913,2008,South,100874.33,Year,N,Certified
EZYV24804,South America,Doctorate,N,N,1039,1947,Northeast,215.9285,Hour,Y,Denied
EZYV8252,Asia,High School,Y,N,2563,2007,West,133018.51,Year,Y,Denied
EZYV1809,South America,Master's,N,Y,4081,2008,South,25824.77,Year,Y,Certified
EZYV3697,Asia,Bachelor's,Y,N,4518,1970,Northeast,21727.94,Year,Y,Certified
EZYV15311,Asia,Bachelor's,Y,N,3147,2006,South,62027.16,Year,Y,Denied
EZYV8107,Asia,Bachelor's,N,N,2213,2007,West,68995.32,Year,Y,Certified
EZYV25374,Asia,Master's,N,N,1416,2005,West,156547.39,Year,Y,Certified
EZYV12342,Asia,Bachelor's,N,N,2126,2006,West,93667.37,Year,N,Denied
EZYV24337,Asia,Bachelor's,Y,N,4591,1997,South,62676.05,Year,Y,Certified
EZYV18171,Asia,Master's,Y,N,788,2006,Northeast,109375.33,Week,N,Certified
EZYV20878,Asia,Bachelor's,Y,N,2633,1977,Northeast,117874.22,Year,Y,Certified
EZYV22855,Europe,Bachelor's,Y,N,1925,1979,West,18272.76,Year,Y,Denied
EZYV15756,Asia,Master's,N,N,2821,1998,Northeast,90494.05,Year,Y,Denied
EZYV1553,North America,Doctorate,N,N,374,2009,Northeast,103525.17,Year,Y,Denied
EZYV16822,Asia,Bachelor's,Y,N,4793,2005,West,31991.92,Year,Y,Denied
EZYV14183,Asia,Bachelor's,N,N,4143,1959,West,7354.02,Year,Y,Denied
EZYV22651,Asia,Master's,N,N,1877,1998,South,37557.2,Year,Y,Denied
EZYV8057,Asia,Master's,N,N,1117,2008,Midwest,67865.79,Year,Y,Certified
EZYV7435,Asia,Doctorate,Y,N,5628,2012,West,51617.25,Year,Y,Certified
EZYV11700,North America,Master's,Y,N,3060,2003,South,3400.65,Year,Y,Certified
EZYV20180,Asia,Bachelor's,Y,N,2464,1971,Northeast,25579.7,Year,Y,Denied
EZYV18612,Asia,Bachelor's,N,N,856,2005,West,71949.34,Year,Y,Denied
EZYV25215,North America,Master's,N,N,2494,2005,Midwest,84521.21,Year,Y,Certified
EZYV7433,Asia,Bachelor's,N,N,5978,1886,West,69851.5,Year,N,Denied
EZYV3646,Asia,High School,N,Y,1441,1971,West,90725.23,Year,Y,Denied
EZYV22907,Asia,Doctorate,Y,N,3488,2005,South,84581.4,Year,Y,Certified
EZYV19326,Asia,Bachelor's,Y,N,2360,2004,Northeast,15542.24,Year,Y,Certified
EZYV4810,Asia,Bachelor's,Y,N,1935,1993,Midwest,14888.27,Year,Y,Certified
EZYV11200,Asia,Master's,N,N,317150,2001,South,9580.71,Year,Y,Certified
EZYV23325,Asia,High School,N,Y,1738,2011,South,67830.39,Year,Y,Certified
EZYV12370,Asia,Master's,Y,N,3016,2009,Midwest,78720.45,Year,Y,Certified
EZYV9520,Asia,Master's,Y,N,628,1831,South,116703.6,Year,Y,Certified
EZYV15871,Asia,Master's,Y,N,2695,1838,Island,119.22,Hour,Y,Certified
EZYV22304,Asia,Bachelor's,N,N,3397,2000,Northeast,49303.9,Year,Y,Denied
EZYV23448,Europe,Master's,Y,N,416,1886,South,775.8045,Hour,N,Denied
EZYV25195,Asia,Master's,Y,N,1171,1999,South,109765.3,Year,Y,Certified
EZYV15293,Europe,Bachelor's,N,N,1444,2000,Northeast,111427.41,Year,Y,Denied
EZYV1874,Europe,Master's,Y,N,927,1997,West,82908.47,Year,Y,Certified
EZYV6011,Europe,Master's,N,Y,3160,2005,West,22392.51,Year,Y,Certified
EZYV3130,Asia,Bachelor's,N,N,1056,2012,South,123908.67,Year,N,Denied
EZYV10791,Asia,Bachelor's,Y,N,4468,1972,Island,175553.7,Year,Y,Denied
EZYV23599,Asia,Bachelor's,Y,N,4146,1997,Northeast,134961.75,Year,Y,Certified
EZYV6314,Europe,Bachelor's,N,N,755,2004,West,57749.9,Year,Y,Certified
EZYV5402,Asia,Bachelor's,Y,Y,2027,1974,West,140703.23,Year,Y,Certified
EZYV2169,Asia,Master's,Y,N,2198,1967,South,41004.72,Year,Y,Certified
EZYV10598,Asia,Bachelor's,N,N,430,1855,South,414.6499,Hour,Y,Denied
EZYV2118,Asia,Doctorate,Y,N,69962,1996,Midwest,92817.04,Year,N,Certified
EZYV24594,Asia,Bachelor's,N,N,793,1993,South,137540.38,Year,Y,Certified
EZYV3110,North America,Doctorate,N,N,861,1962,West,83531.73,Year,Y,Denied
EZYV17966,Asia,Bachelor's,Y,N,280,2000,Northeast,147720.14,Year,Y,Certified
EZYV20420,Asia,Master's,N,N,2257,2012,West,159625.49,Year,N,Denied
EZYV8801,North America,High School,Y,N,388,1984,Northeast,39266.14,Year,Y,Certified
EZYV8385,Asia,High School,N,N,2201,2010,Northeast,52901.05,Year,Y,Denied
EZYV8633,Asia,Master's,N,N,3421,1910,South,683.6176,Hour,Y,Certified
EZYV8785,Europe,Doctorate,Y,N,425,2009,West,39367.35,Year,Y,Certified
EZYV7897,Asia,Master's,Y,N,172,1996,Midwest,85525.52,Year,Y,Certified
EZYV15614,Asia,Master's,N,N,1151,2001,Midwest,83429.94,Year,N,Certified
EZYV21112,Europe,Bachelor's,Y,N,3095,1986,South,140109.33,Year,Y,Certified
EZYV19350,Asia,High School,Y,Y,2104,2012,South,47734.95,Year,Y,Certified
EZYV24610,Europe,Bachelor's,N,N,4716,1983,West,40587.61,Year,Y,Certified
EZYV25253,South America,Bachelor's,Y,N,3694,1968,Northeast,38316.05,Year,Y,Denied
EZYV8828,Asia,Bachelor's,N,N,2915,1987,West,79681.76,Year,Y,Denied
EZYV5245,Asia,Master's,Y,N,2076,2000,Northeast,100556.25,Year,Y,Certified
EZYV6734,Asia,Master's,Y,N,381,1994,Midwest,9321.22,Year,Y,Certified
EZYV4731,Asia,Bachelor's,Y,N,551,1947,South,80199.21,Year,Y,Denied
EZYV6919,Europe,High School,Y,N,3807,1985,West,31298.61,Year,Y,Denied
EZYV4049,North America,Master's,Y,N,3246,2008,Northeast,102270.24,Year,N,Denied
EZYV14001,Asia,Doctorate,N,Y,2476,2013,Northeast,58770.05,Year,Y,Denied
EZYV18730,Asia,Bachelor's,N,N,716,1993,Northeast,317.3444,Hour,Y,Certified
EZYV12829,Asia,Bachelor's,N,N,35,2007,South,97716.82,Year,Y,Certified
EZYV22746,Asia,Bachelor's,Y,N,210,1895,Northeast,22930.72,Year,Y,Denied
EZYV6500,Europe,Bachelor's,Y,N,3447,2005,South,12128.09,Year,Y,Denied
EZYV12588,Europe,Master's,Y,N,135173,2007,South,53987.48,Year,Y,Certified
EZYV7989,North America,Bachelor's,N,N,483,1983,Northeast,154328.35,Year,Y,Denied
EZYV15725,Asia,Bachelor's,N,Y,231,1856,South,97846.26,Year,Y,Certified
EZYV9254,Asia,Bachelor's,N,N,3936,1984,South,99203.1,Year,N,Certified
EZYV16844,Asia,Bachelor's,N,N,2812,1909,Midwest,172431.39,Year,Y,Certified
EZYV3565,North America,Master's,Y,N,2383,1993,Northeast,66461.99,Year,Y,Denied
EZYV24633,Asia,Master's,N,N,766,1973,South,123706.67,Year,Y,Denied
EZYV11117,North America,Master's,N,Y,1679,1900,South,57362.43,Year,Y,Certified
EZYV16280,Asia,High School,Y,N,2480,2000,Northeast,105335.76,Week,Y,Certified
EZYV9900,Asia,High School,N,N,3290,1817,Northeast,48.5167,Hour,Y,Denied
EZYV24210,North America,Bachelor's,N,N,17372,2010,Northeast,795.947,Hour,Y,Denied
EZYV13319,Asia,Bachelor's,Y,N,3477,1850,Northeast,124550.61,Year,Y,Certified
EZYV9582,Asia,Bachelor's,Y,N,2371,1996,South,73870.5,Year,Y,Certified
EZYV12146,Asia,High School,Y,N,706,2003,Northeast,261.92,Year,Y,Denied
EZYV19108,Asia,Master's,Y,N,1324,1999,Midwest,52841.21,Year,N,Certified
EZYV15469,Asia,High School,Y,N,4657,2004,Northeast,46100.43,Year,N,Denied
EZYV13691,Europe,Doctorate,Y,Y,2277,1859,South,104432.46,Year,Y,Certified
EZYV15022,Asia,High School,N,N,3248,1994,Northeast,112790.25,Year,Y,Denied
EZYV7098,Oceania,Master's,Y,N,20644,1997,Midwest,103929.24,Year,Y,Certified
EZYV17480,Europe,Bachelor's,N,N,164,1971,Northeast,37337.68,Year,Y,Denied
EZYV15974,Asia,Bachelor's,N,Y,2264,1875,South,114276.74,Year,N,Denied
EZYV22437,Asia,Master's,Y,N,2533,1872,Northeast,31400.72,Year,Y,Certified
EZYV6252,Asia,Master's,Y,N,668,1909,Northeast,78338.82,Year,Y,Certified
EZYV5470,Asia,High School,N,Y,2198,1997,South,227609.87,Year,Y,Denied
EZYV8487,Asia,High School,Y,Y,1495,1945,South,77174.16,Year,N,Denied
EZYV11069,Asia,High School,N,N,4444,2011,Midwest,81046.98,Year,Y,Denied
EZYV21104,Asia,Bachelor's,Y,N,2112,2009,South,1637.26,Year,Y,Certified
EZYV10127,North America,Master's,Y,N,2969,1976,South,20726.48,Year,Y,Certified
EZYV23264,Europe,Doctorate,N,Y,979,1993,West,55151.14,Year,Y,Denied
EZYV23994,Europe,High School,Y,Y,2868,1969,South,35590.16,Year,Y,Certified
EZYV6862,Africa,Bachelor's,Y,N,14083,1994,Northeast,14628.3,Year,Y,Certified
EZYV7469,Asia,Bachelor's,N,N,1416,1862,South,24353.42,Year,Y,Certified
EZYV15062,Asia,Master's,Y,N,1788,1968,Northeast,124778.03,Year,Y,Certified
EZYV6403,Asia,Master's,Y,N,3448,2002,Northeast,17498.45,Year,Y,Certified
EZYV23259,Asia,Bachelor's,N,N,662,2012,Northeast,3224.01,Year,Y,Certified
EZYV8794,Asia,Master's,N,N,5395,1995,Midwest,115546.49,Year,Y,Certified
EZYV23601,Asia,Master's,N,N,2020,1993,Northeast,227683.38,Year,N,Certified
EZYV2231,Asia,Master's,N,N,271,1999,Midwest,83465.53,Year,Y,Certified
EZYV13728,Asia,Doctorate,Y,N,4177,1961,Midwest,69609.04,Year,Y,Certified
EZYV19942,Asia,Master's,N,N,788,1986,South,145357.88,Year,N,Denied
EZYV8927,North America,Bachelor's,N,N,5400,1976,South,15744.74,Year,Y,Denied
EZYV15691,Asia,Master's,N,N,4774,1821,South,78880.41,Year,N,Certified
EZYV8369,Europe,Master's,N,N,5322,1902,South,117488.86,Year,Y,Certified
EZYV24770,Asia,Master's,N,N,2290,2003,Northeast,26394.19,Year,N,Certified
EZYV803,Asia,Bachelor's,Y,N,2187,2004,Northeast,39353.22,Year,Y,Certified
EZYV8637,Asia,Master's,N,Y,15982,2009,South,142403.86,Year,Y,Certified
EZYV2094,Europe,Master's,N,N,1214,1980,West,130600.53,Year,Y,Certified
EZYV14405,Asia,Master's,N,N,283,2003,Northeast,134634.35,Year,Y,Denied
EZYV3075,Asia,Bachelor's,Y,N,4381,1974,Midwest,75891.48,Year,Y,Certified
EZYV23801,Asia,Master's,Y,N,1035,1867,South,146371.91,Year,Y,Certified
EZYV11825,Asia,Bachelor's,Y,N,1698,1976,Northeast,88926.51,Year,Y,Certified
EZYV18850,Asia,High School,Y,N,2685,2001,West,51463.0,Year,Y,Certified
EZYV16023,Asia,High School,N,N,506,2012,West,126822.93,Year,Y,Certified
EZYV582,North America,Bachelor's,N,N,4668,1975,West,37049.34,Year,Y,Denied
EZYV24734,South America,Master's,Y,N,5388,2007,South,3726.36,Year,Y,Certified
EZYV6723,Asia,Master's,N,N,3717,1923,Northeast,68344.49,Year,Y,Certified
EZYV5339,Asia,High School,Y,N,1450,1888,West,4108.42,Year,Y,Denied
EZYV23035,Asia,Bachelor's,Y,N,2574,1886,Northeast,41875.04,Year,N,Denied
EZYV13508,North America,Bachelor's,Y,N,3094,1979,Northeast,45589.85,Year,Y,Certified
EZYV19847,South America,High School,Y,N,25971,1968,South,24091.52,Year,Y,Certified
EZYV8269,Asia,Master's,Y,Y,2457,2000,Northeast,112525.87,Year,Y,Certified
EZYV8610,Asia,Master's,N,N,4423,2008,South,46682.15,Year,Y,Certified
EZYV1971,Europe,Master's,Y,N,777,2005,West,6702.24,Year,Y,Certified
EZYV17223,Europe,Doctorate,Y,N,3508,2001,Northeast,44996.02,Year,Y,Certified
EZYV7704,Asia,Bachelor's,Y,N,1641,2007,South,127437.12,Year,N,Certified
EZYV7056,Asia,Master's,Y,N,433,1818,Northeast,53668.65,Year,Y,Certified
EZYV5404,Asia,Bachelor's,Y,N,4731,1987,South,125987.84,Year,Y,Certified
EZYV13068,Asia,Master's,N,N,42529,1999,West,29966.84,Year,Y,Denied
EZYV17714,Asia,Bachelor's,Y,N,933,1872,Northeast,77203.14,Year,Y,Certified
EZYV22265,Asia,Bachelor's,N,N,1536,1995,Northeast,19259.07,Year,Y,Certified
EZYV8021,Asia,Master's,Y,N,1269,1980,Northeast,104574.81,Year,Y,Certified
EZYV14442,Europe,Master's,N,N,2645,1818,West,34296.5,Year,Y,Certified
EZYV13804,Europe,Bachelor's,N,N,528,2010,Midwest,47193.58,Year,Y,Certified
EZYV24375,Asia,High School,N,N,2102,1999,Northeast,180828.16,Year,Y,Certified
EZYV21464,Asia,Bachelor's,Y,N,2852,1915,South,67839.74,Year,N,Certified
EZYV16751,Asia,High School,N,N,2911,1998,Northeast,113983.89,Year,Y,Denied
EZYV18302,Asia,Master's,N,N,159,1959,West,619.6316,Hour,Y,Denied
EZYV18425,Asia,Bachelor's,N,N,3902,2004,South,106885.79,Year,Y,Certified
EZYV9148,Asia,Bachelor's,N,N,4851,1996,Northeast,83761.75,Year,Y,Certified
EZYV1411,Europe,Bachelor's,N,N,2704,1986,West,20330.52,Year,Y,Certified
EZYV23304,Asia,Bachelor's,N,N,2949,1997,Midwest,66701.68,Year,N,Certified
EZYV22096,North America,Master's,N,N,36511,2013,South,115971.85,Month,Y,Denied
EZYV23388,South America,Bachelor's,N,N,5595,1891,Northeast,63065.81,Year,Y,Certified
EZYV18467,Asia,Master's,Y,N,1588,1975,West,128870.48,Year,Y,Certified
EZYV8383,Asia,Master's,Y,N,1967,2014,Midwest,144872.87,Year,N,Certified
EZYV25301,South America,Bachelor's,N,Y,3474,1909,South,179592.42,Year,Y,Certified
EZYV13496,Asia,Doctorate,N,N,2656,1993,Northeast,35560.15,Year,Y,Certified
EZYV10254,Asia,Master's,N,N,1002,1973,Midwest,105072.11,Year,N,Certified
EZYV7917,Asia,Bachelor's,Y,N,3398,2000,Northeast,182813.74,Year,Y,Denied
EZYV4667,Europe,Master's,N,N,1169,1995,South,46049.98,Year,N,Certified
EZYV22281,Asia,Bachelor's,Y,N,1120,2012,Northeast,126244.31,Year,Y,Denied
EZYV21144,Asia,Bachelor's,N,Y,2245,1992,Northeast,30681.5,Year,Y,Certified
EZYV9968,Europe,Master's,Y,N,3360,2009,West,137446.03,Year,Y,Certified
EZYV12244,Asia,Bachelor's,Y,N,1961,2004,South,61050.29,Year,Y,Denied
EZYV13881,Asia,Master's,Y,N,1793,1925,West,158367.6,Year,Y,Certified
EZYV9686,Asia,Master's,N,N,1544,1899,Northeast,49105.63,Year,N,Certified
EZYV7815,Asia,Bachelor's,Y,N,2953,1836,West,124573.61,Year,Y,Denied
EZYV20134,Asia,Master's,N,N,3951,1962,Midwest,46719.75,Year,Y,Denied
EZYV353,Asia,Bachelor's,Y,N,1610,1962,Midwest,98331.32,Year,Y,Certified
EZYV17574,South America,Bachelor's,N,N,317,1995,Northeast,40784.62,Year,Y,Denied
EZYV7871,North America,Bachelor's,Y,N,1712,1961,South,42337.61,Year,Y,Denied
EZYV24439,Asia,Bachelor's,Y,N,1811,1997,South,387.1706,Hour,Y,Denied
EZYV23836,Africa,Bachelor's,N,N,2957,2013,West,77857.77,Year,Y,Certified
EZYV14735,Asia,High School,N,Y,2859,2002,West,82124.12,Year,Y,Denied
EZYV11170,Oceania,Master's,Y,N,3714,1968,Midwest,155754.11,Year,N,Denied
EZYV13984,Asia,Bachelor's,Y,N,2550,2009,Midwest,71055.61,Year,Y,Certified
EZYV17505,Asia,Master's,Y,N,27959,2004,West,138437.36,Year,Y,Certified
EZYV6119,Asia,Master's,Y,N,4687,1977,South,81532.28,Year,Y,Certified
EZYV24906,Asia,Master's,Y,N,5150,2002,South,47797.58,Year,N,Denied
EZYV23002,Asia,Master's,N,N,1744,2000,Northeast,325.9922,Hour,Y,Denied
EZYV4529,North America,Master's,N,N,5069,1998,Midwest,59368.0,Year,N,Denied
EZYV4681,Asia,Bachelor's,N,N,5128,1992,Midwest,69478.33,Year,Y,Denied
EZYV3407,Asia,Bachelor's,Y,N,194,1980,Midwest,101056.54,Year,Y,Certified
EZYV10583,Asia,Master's,Y,N,2921,1993,Midwest,120817.82,Year,Y,Certified
EZYV5833,Asia,Master's,Y,N,766,1997,Northeast,90796.96,Year,N,Certified
EZYV212,Asia,Master's,Y,N,3980,1869,South,53767.37,Year,Y,Certified
EZYV22370,South America,Master's,N,N,692,2009,West,75678.83,Year,Y,Denied
EZYV12332,North America,Master's,N,N,2284,1850,West,203981.52,Year,Y,Certified
EZYV4888,Asia,Bachelor's,Y,N,3345,1969,West,22495.2,Year,Y,Certified
EZYV6565,Asia,Bachelor's,Y,N,2514,2013,West,198880.78,Year,Y,Denied
EZYV13220,Asia,Bachelor's,N,Y,1894,1984,West,117528.36,Year,Y,Denied
EZYV4350,Asia,Bachelor's,N,N,2663,1985,Midwest,88620.95,Year,Y,Denied
EZYV10162,North America,Master's,N,N,1600,1943,Northeast,230.14,Hour,Y,Certified
EZYV24704,North America,Master's,Y,N,2529,2004,Northeast,65.0665,Hour,Y,Certified
EZYV1555,Asia,Master's,Y,N,2380,1995,Northeast,42983.07,Year,Y,Certified
EZYV8136,Asia,Master's,Y,N,3441,2006,West,30892.16,Year,Y,Certified
EZYV8162,Asia,Doctorate,Y,N,2317,1980,Northeast,27912.02,Year,Y,Certified
EZYV8311,Europe,Bachelor's,N,Y,2687,2004,South,88994.58,Year,Y,Certified
EZYV4335,Asia,Bachelor's,N,Y,722,1998,Northeast,90866.45,Year,Y,Denied
EZYV4213,Asia,Master's,N,N,1950,1937,West,120994.36,Year,N,Denied
EZYV15437,Europe,Bachelor's,Y,N,1338,2016,West,639.9571,Hour,Y,Denied
EZYV15576,Asia,Master's,Y,N,1812,2015,South,87655.1,Year,Y,Certified
EZYV11661,South America,Master's,N,N,4988,1969,Island,112883.48,Year,Y,Certified
EZYV12769,Asia,Master's,Y,N,2381,2003,Midwest,230922.38,Year,Y,Certified
EZYV15520,Asia,Master's,N,N,2686,1969,West,71849.58,Year,Y,Denied
EZYV1367,Asia,Bachelor's,Y,N,4047,1994,Midwest,82368.5,Year,Y,Certified
EZYV18106,North America,Bachelor's,Y,N,2011,1989,South,60249.24,Year,Y,Certified
EZYV9198,Asia,Master's,Y,N,1879,1872,West,54943.67,Year,Y,Certified
EZYV18100,Europe,Master's,Y,N,165,1997,West,268204.62,Year,N,Denied
EZYV18041,Asia,Master's,Y,N,3771,1871,Midwest,95153.67,Year,N,Certified
EZYV9383,North America,Master's,N,N,744,1998,Northeast,50739.02,Year,Y,Denied
EZYV2445,North America,Master's,Y,N,4703,2001,Northeast,11709.44,Year,Y,Certified
EZYV22966,Asia,Bachelor's,N,N,1521,1985,Northeast,111993.94,Year,Y,Certified
EZYV14610,Asia,High School,Y,N,777,2014,Northeast,12443.04,Year,Y,Denied
EZYV15374,Asia,Bachelor's,Y,N,2069,1924,South,118754.0,Year,Y,Certified
EZYV485,Asia,Master's,Y,N,3176,2003,West,132453.43,Year,Y,Certified
EZYV11048,South America,Bachelor's,N,N,2316,2002,West,63313.99,Year,Y,Denied
EZYV16673,Asia,Master's,Y,N,210,1951,West,96072.94,Year,Y,Denied
EZYV11357,Asia,Bachelor's,N,N,4926,2008,South,41642.75,Year,Y,Denied
EZYV23010,Asia,High School,Y,N,2899,2001,Northeast,60131.09,Year,Y,Certified
EZYV22714,Asia,High School,N,N,375,1992,South,860.4852,Hour,Y,Denied
EZYV2976,Asia,Bachelor's,N,Y,2142,2005,Northeast,80799.0,Year,Y,Denied
EZYV7572,Europe,Bachelor's,Y,N,1132,1987,Northeast,118576.18,Year,N,Certified
EZYV10150,South America,High School,Y,N,3673,1986,Midwest,34574.25,Year,Y,Denied
EZYV16787,Asia,Bachelor's,Y,N,994,1988,Island,81825.3,Year,Y,Certified
EZYV14372,Asia,Master's,N,N,3378,1985,Midwest,96222.37,Year,Y,Denied
EZYV7216,South America,Master's,N,N,2835,1997,South,680.9274,Hour,Y,Denied
EZYV25,Europe,Doctorate,Y,N,241,1981,Midwest,71286.04,Year,Y,Certified
EZYV19625,Europe,Master's,Y,Y,4397,2006,West,75400.47,Year,Y,Certified
EZYV11829,Asia,Bachelor's,Y,N,234,1848,West,132169.84,Year,Y,Certified
EZYV522,Asia,Master's,Y,Y,1178,1987,Midwest,162988.12,Year,Y,Certified
EZYV16027,Asia,Doctorate,Y,N,1978,1947,South,460.9642,Hour,Y,Certified
EZYV23483,Asia,High School,N,Y,525,1975,West,137121.71,Year,Y,Denied
EZYV16335,Asia,Master's,Y,N,2477,1946,South,82252.15,Year,N,Certified
EZYV10064,Asia,Master's,Y,N,4301,2005,South,46814.4,Year,Y,Certified
EZYV8908,Asia,Master's,Y,N,1611,1971,South,81389.82,Year,Y,Certified
EZYV5562,Asia,Bachelor's,Y,N,6015,1977,West,248247.63,Year,Y,Certified
EZYV25452,North America,High School,Y,N,97,2013,Northeast,111518.59,Year,N,Denied
EZYV14322,Asia,Bachelor's,N,N,1537,1900,Midwest,1382.71,Year,Y,Denied
EZYV15713,North America,High School,Y,N,1195,2003,Midwest,73543.42,Year,Y,Denied
EZYV14003,Asia,Bachelor's,Y,N,3169,2005,Midwest,93359.88,Year,Y,Certified
EZYV1647,Europe,Master's,N,N,1592,1923,Northeast,89778.64,Year,Y,Certified
EZYV4953,Asia,Doctorate,N,N,885,1886,Northeast,61656.38,Year,Y,Certified
EZYV20490,Asia,Bachelor's,N,N,2734,1974,Northeast,444.8704,Hour,Y,Denied
EZYV24800,North America,Doctorate,N,N,2954,2007,South,52385.86,Year,Y,Certified
EZYV7573,South America,Master's,Y,Y,549,2006,West,67685.01,Year,Y,Denied
EZYV24451,Asia,Bachelor's,N,N,779,1999,West,39027.98,Year,Y,Denied
EZYV23340,Asia,Bachelor's,Y,Y,1132,1999,Northeast,40853.5,Year,Y,Denied
EZYV8747,Europe,Bachelor's,N,N,653,1989,West,15925.9,Year,Y,Certified
EZYV8156,Asia,Master's,N,Y,271,1963,South,93007.74,Year,Y,Certified
EZYV12717,Asia,Master's,N,N,3159,1968,Northeast,289.1,Year,Y,Certified
EZYV24942,Asia,Bachelor's,N,N,2239,1998,Northeast,141.6406,Hour,Y,Denied
EZYV16997,Asia,Bachelor's,Y,N,1407,1995,South,82511.2,Year,Y,Certified
EZYV15703,Asia,Master's,Y,Y,1772,1984,South,136607.77,Year,Y,Certified
EZYV17229,Europe,Master's,N,N,4636,1975,West,72008.95,Year,Y,Certified
EZYV23751,North America,Master's,Y,N,1289,1993,Northeast,110.41,Hour,Y,Certified
EZYV24668,North America,Bachelor's,Y,Y,5878,2008,West,98593.91,Year,Y,Certified
EZYV15161,Africa,Master's,N,N,302,2004,Northeast,74645.92,Year,Y,Certified
EZYV24052,Europe,Master's,Y,N,3105,2000,Midwest,132931.71,Year,Y,Certified
EZYV13702,Europe,Master's,Y,Y,2529,1992,West,76483.76,Year,Y,Certified
EZYV21336,Asia,Master's,Y,N,4327,2002,Northeast,153804.48,Year,N,Certified
EZYV2021,Europe,Bachelor's,Y,N,3265,1994,South,18190.72,Year,Y,Certified
EZYV15288,North America,Bachelor's,Y,N,1366,2011,Northeast,16381.83,Year,Y,Certified
EZYV9226,Asia,Master's,Y,N,1704,2008,Northeast,85369.05,Year,Y,Certified
EZYV20956,Asia,Master's,Y,N,2573,2000,Northeast,111835.62,Year,N,Certified
EZYV20082,Asia,Master's,N,N,1460,1989,South,160.3648,Hour,Y,Denied
EZYV7454,Asia,High School,Y,N,3434,1998,West,101797.53,Year,Y,Denied
EZYV19980,Asia,Master's,Y,N,1976,2009,Midwest,46109.71,Year,Y,Certified
EZYV12143,Asia,Master's,Y,N,56351,2003,West,74703.72,Year,Y,Certified
EZYV22091,Europe,Bachelor's,N,N,1902,1999,Northeast,85512.2,Year,Y,Certified
EZYV2717,Europe,Bachelor's,N,N,1093,1994,South,17919.21,Year,Y,Certified
EZYV2552,Asia,Master's,N,N,716,2004,Midwest,277984.52,Year,Y,Certified
EZYV19697,Asia,Master's,Y,N,2536,2009,Northeast,140580.4,Year,N,Certified
EZYV3656,Asia,High School,Y,N,1036,1998,Midwest,112855.27,Year,Y,Denied
EZYV13475,Asia,Master's,Y,N,579,2003,Northeast,44542.47,Year,Y,Certified
EZYV3552,Asia,Bachelor's,Y,N,2235,1997,Northeast,112784.46,Year,Y,Certified
EZYV9061,Asia,Bachelor's,Y,N,267,1989,Northeast,24341.15,Year,Y,Certified
EZYV2430,Asia,Bachelor's,Y,N,80778,1998,Northeast,22476.18,Year,Y,Certified
EZYV6002,Asia,Master's,N,N,2151,1997,Northeast,72647.07,Year,Y,Certified
EZYV2787,Asia,Doctorate,N,N,68,1885,Midwest,213253.79,Year,Y,Denied
EZYV25105,Europe,High School,N,Y,2056,1979,South,19455.06,Year,Y,Certified
EZYV1073,North America,Master's,N,Y,175,1989,South,111803.27,Year,Y,Certified
EZYV25209,Asia,Master's,Y,N,2537,2011,Midwest,32850.13,Year,Y,Certified
EZYV22528,Asia,Master's,Y,N,2419,1939,South,81355.54,Year,N,Denied
EZYV14360,Africa,Bachelor's,N,N,1462,1977,Northeast,51664.53,Year,Y,Certified
EZYV19124,North America,Master's,N,Y,2054,2005,West,149634.77,Year,Y,Denied
EZYV13466,Europe,High School,Y,N,812,2007,Northeast,41123.47,Year,Y,Denied
EZYV8519,Asia,Master's,Y,N,824,1993,Northeast,68602.48,Year,N,Certified
EZYV8332,Asia,Master's,Y,N,172,2002,West,64263.75,Year,Y,Certified
EZYV589,Asia,Bachelor's,Y,N,304,2000,Midwest,21428.58,Year,Y,Certified
EZYV13373,Asia,Bachelor's,Y,N,2929,1992,Northeast,113622.41,Year,Y,Certified
EZYV16901,Asia,Master's,N,N,1235,1838,South,688.5408,Hour,Y,Denied
EZYV25465,Asia,Master's,N,N,48785,1974,South,145102.36,Year,N,Certified
EZYV6721,Asia,Bachelor's,N,N,1913,1908,Midwest,27298.55,Year,Y,Certified
EZYV23252,Asia,Bachelor's,Y,N,4896,1918,Northeast,98891.04,Year,Y,Certified
EZYV21126,Asia,Master's,Y,N,2763,2011,South,28808.16,Year,Y,Certified
EZYV16580,South America,High School,N,N,1286,2004,Midwest,146141.36,Year,N,Certified
EZYV11840,Asia,Master's,Y,N,2752,2006,Northeast,74484.32,Year,Y,Certified
EZYV7755,Asia,High School,Y,N,1760,1985,South,172838.68,Year,Y,Denied
EZYV8089,Asia,Master's,N,N,1319,1889,Midwest,132778.02,Year,Y,Certified
EZYV21314,Asia,Bachelor's,N,N,939,1998,South,39938.1,Year,Y,Certified
EZYV17145,Asia,High School,N,Y,5011,2014,Midwest,93833.72,Year,Y,Certified
EZYV12650,Europe,Doctorate,Y,N,1195,1862,Northeast,7349.45,Year,Y,Certified
EZYV12868,North America,High School,N,N,3772,1954,West,72331.69,Year,Y,Denied
EZYV5772,Asia,Doctorate,Y,Y,2911,2005,Northeast,139260.8,Year,Y,Certified
EZYV21633,Europe,Bachelor's,Y,Y,878,1999,South,59101.39,Year,Y,Certified
EZYV21128,Asia,High School,N,N,671,1998,Northeast,27294.38,Year,Y,Denied
EZYV12056,Asia,Master's,Y,N,374,1946,West,33387.24,Year,Y,Certified
EZYV23380,Asia,Bachelor's,Y,Y,2591,2004,Midwest,39914.49,Year,Y,Certified
EZYV13180,Asia,Master's,N,N,1732,1991,South,31005.69,Year,Y,Certified
EZYV22609,Europe,Doctorate,Y,Y,929,2010,West,45826.06,Year,Y,Denied
EZYV13544,Europe,Doctorate,N,Y,6139,1997,Northeast,34342.21,Year,Y,Certified
EZYV16686,South America,Master's,N,N,4835,2001,West,62936.33,Year,Y,Denied
EZYV7096,Europe,Master's,Y,N,171,2005,West,86267.3,Year,Y,Certified
EZYV16423,South America,Bachelor's,N,N,2574,2009,Northeast,880.1917,Hour,Y,Denied
EZYV24259,Asia,Bachelor's,Y,N,4497,1863,Northeast,80363.4,Year,Y,Denied
EZYV21867,Asia,Bachelor's,N,N,1623,1981,Northeast,92394.05,Year,Y,Certified
EZYV21664,Africa,Bachelor's,Y,N,2524,2007,Northeast,33272.77,Year,Y,Certified
EZYV25418,Asia,Master's,Y,N,5853,2011,West,8119.26,Year,Y,Certified
EZYV1032,Asia,Master's,Y,Y,247,1993,West,38406.29,Year,Y,Certified
EZYV17336,Asia,High School,Y,N,1280,1998,Northeast,100015.16,Year,Y,Certified
EZYV13793,Asia,Bachelor's,Y,N,1632,2005,Northeast,59170.21,Year,Y,Certified
EZYV24725,Asia,Bachelor's,Y,N,4406,1997,Northeast,69711.77,Year,Y,Certified
EZYV14421,Oceania,Doctorate,N,N,1042,1923,Midwest,9442.41,Year,Y,Certified
EZYV16798,Asia,Doctorate,N,Y,2698,1997,West,95557.36,Year,Y,Certified
EZYV6624,Asia,Bachelor's,N,N,1009,1838,West,889.7335,Hour,Y,Denied
EZYV17718,Asia,Master's,N,N,4409,2006,South,70589.21,Year,Y,Certified
EZYV13051,Asia,Master's,Y,N,4620,1999,Northeast,199705.42,Year,N,Certified
EZYV4132,Europe,Master's,Y,N,170,2009,Northeast,93356.03,Year,Y,Certified
EZYV11002,Asia,High School,Y,N,399,1968,Midwest,51978.65,Year,Y,Denied
EZYV14330,Asia,Bachelor's,Y,N,2445,1969,Midwest,51473.44,Year,Y,Certified
EZYV16546,Asia,Master's,Y,N,3901,1996,Northeast,33642.26,Year,Y,Denied
EZYV3915,North America,Bachelor's,Y,N,2164,2004,Northeast,92268.35,Year,Y,Certified
EZYV10015,Asia,Bachelor's,N,N,170,1998,South,114292.14,Month,Y,Denied
EZYV3699,North America,Bachelor's,N,N,3545,1879,Northeast,83626.72,Year,Y,Denied
EZYV19814,Asia,Master's,N,N,1273,1971,South,40540.24,Year,Y,Certified
EZYV12954,Asia,High School,Y,N,1162,1994,Midwest,103061.14,Year,Y,Denied
EZYV10152,Asia,High School,Y,N,2961,1993,South,32740.83,Year,Y,Denied
EZYV3509,North America,Master's,N,N,1269,2013,South,135461.42,Year,N,Denied
EZYV1947,Asia,Master's,N,N,368,1981,Northeast,328.9512,Hour,Y,Denied
EZYV25463,Europe,Bachelor's,N,Y,1715,2004,West,166032.62,Year,Y,Denied
EZYV8717,North America,Doctorate,N,N,5511,1864,Northeast,63450.51,Year,Y,Certified
EZYV5820,Europe,Master's,N,N,655,2007,South,82299.59,Year,Y,Certified
EZYV16642,North America,Master's,Y,N,884,2008,Northeast,173530.37,Year,Y,Certified
EZYV14606,Asia,Bachelor's,N,Y,559,2010,South,71753.14,Year,Y,Certified
EZYV21966,Europe,Doctorate,Y,Y,2294,2004,West,19003.87,Year,Y,Certified
EZYV15108,North America,Master's,Y,N,1080,2009,West,131637.3,Year,N,Denied
EZYV24987,Asia,Bachelor's,N,Y,866,1969,South,32624.33,Year,Y,Certified
EZYV4254,Asia,High School,Y,N,658,2005,Midwest,89232.45,Year,Y,Denied
EZYV8641,Asia,Master's,N,N,2185,2013,Midwest,141040.99,Year,Y,Certified
EZYV21701,Europe,Doctorate,Y,N,4591,1994,Northeast,4865.42,Year,Y,Certified
EZYV19083,Asia,Master's,Y,N,1535,1974,Midwest,125230.19,Year,Y,Certified
EZYV11576,Asia,Master's,Y,Y,304,2001,Northeast,56556.04,Year,Y,Certified
EZYV17907,Asia,Master's,Y,N,3438,1998,West,57222.86,Year,Y,Certified
EZYV9848,Asia,Bachelor's,Y,N,1243,1997,Northeast,106814.93,Year,Y,Certified
EZYV8826,Asia,Doctorate,N,Y,4123,1994,South,117651.09,Year,Y,Certified
EZYV144,Asia,Doctorate,Y,N,2831,1977,South,100398.58,Year,Y,Certified
EZYV16242,Asia,Master's,Y,N,1570,2010,Island,96988.16,Year,Y,Certified
EZYV14071,Asia,Master's,Y,N,3759,2015,Northeast,154297.44,Year,N,Certified
EZYV7820,Asia,Bachelor's,N,N,193,1850,South,155.738,Hour,Y,Denied
EZYV23943,Europe,Bachelor's,N,N,4068,1947,Northeast,15162.67,Year,Y,Certified
EZYV16610,North America,Master's,N,N,3485,2013,Midwest,44.9147,Hour,Y,Denied
EZYV17018,Asia,Bachelor's,N,N,3110,1996,South,55632.78,Year,Y,Certified
EZYV4933,Asia,Bachelor's,N,Y,1467,2005,West,64493.72,Year,Y,Certified
EZYV24238,Asia,Master's,Y,N,1751,2010,Northeast,19100.43,Year,Y,Certified
EZYV1173,Asia,Master's,N,Y,1063,1997,Midwest,217752.38,Year,Y,Certified
EZYV12746,Asia,Master's,N,Y,132587,1999,Northeast,119667.84,Year,Y,Certified
EZYV19791,Asia,Master's,N,N,3430,2012,Northeast,109354.56,Year,Y,Certified
EZYV4424,North America,High School,Y,N,2398,2012,South,141775.1,Year,N,Certified
EZYV15741,North America,Master's,Y,N,3942,2011,West,26715.57,Year,Y,Certified
EZYV20843,Asia,Master's,N,N,1887,2011,Midwest,147430.78,Year,Y,Denied
EZYV723,North America,High School,N,N,2812,1977,Northeast,54639.49,Year,Y,Denied
EZYV10226,Europe,Bachelor's,N,Y,583,1959,South,11573.92,Year,Y,Certified
EZYV4928,Asia,High School,N,N,4218,2001,Northeast,575.3468,Hour,Y,Denied
EZYV16644,Asia,Bachelor's,Y,N,2224,2005,Island,51943.75,Year,N,Certified
EZYV22745,Asia,Bachelor's,Y,N,3063,1838,Island,168065.23,Year,Y,Certified
EZYV7359,Asia,Bachelor's,N,Y,1561,1912,South,109531.27,Year,Y,Certified
EZYV16820,North America,Bachelor's,Y,N,547,2007,South,83913.17,Year,Y,Certified
EZYV5439,Asia,Master's,Y,N,11843,2013,South,63117.5,Year,Y,Certified
EZYV13251,Europe,Master's,Y,N,649,2010,West,32037.9,Year,Y,Certified
EZYV10698,Asia,Bachelor's,Y,N,249,2000,West,108956.15,Year,Y,Certified
EZYV20789,Asia,Master's,Y,N,2589,1946,Northeast,73895.14,Year,N,Certified
EZYV14990,Asia,Master's,Y,N,365,1995,South,44587.76,Year,Y,Certified
EZYV6990,Asia,Master's,N,N,2076,2005,Midwest,238893.91,Year,Y,Certified
EZYV17265,Europe,Bachelor's,N,Y,2591,1994,Northeast,60653.68,Year,Y,Certified
EZYV7440,Asia,Master's,Y,N,750,1978,South,35573.27,Year,Y,Certified
EZYV20741,Asia,Doctorate,Y,Y,2674,2010,Midwest,210783.46,Year,Y,Certified
EZYV16737,Asia,Master's,Y,N,4059,1999,Midwest,67794.35,Year,Y,Certified
EZYV4030,North America,Bachelor's,Y,N,2410,1963,West,135607.71,Year,Y,Certified
EZYV13107,North America,High School,N,N,896,2000,Midwest,138472.52,Year,N,Denied
EZYV15320,Europe,Doctorate,Y,N,704,2011,West,64385.47,Year,Y,Certified
EZYV11592,Asia,Bachelor's,N,N,3147,1898,Northeast,82057.87,Year,Y,Denied
EZYV5075,Asia,Master's,N,N,226,2003,South,57981.55,Year,Y,Certified
EZYV9044,Asia,Bachelor's,Y,N,810,2001,Northeast,31126.33,Year,Y,Certified
EZYV6501,North America,Master's,Y,N,4921,1987,Northeast,154224.71,Year,Y,Certified
EZYV21902,Europe,Doctorate,N,N,437,1993,South,68894.96,Year,Y,Denied
EZYV5203,Asia,Bachelor's,Y,N,2561,1968,Northeast,69193.46,Year,Y,Certified
EZYV20973,North America,Master's,Y,N,3757,2001,Island,89035.17,Year,N,Denied
EZYV9729,Europe,Doctorate,Y,N,1188,1838,South,67274.19,Year,Y,Certified
EZYV13456,Europe,Master's,N,Y,30881,1999,Midwest,90472.36,Year,Y,Denied
EZYV8896,Asia,Bachelor's,Y,N,3514,2000,West,107352.92,Year,Y,Certified
EZYV3829,Asia,Bachelor's,N,N,1671,1963,South,65820.55,Year,Y,Denied
EZYV22184,Asia,Bachelor's,N,N,2921,1998,Midwest,117093.55,Year,Y,Certified
EZYV5278,Asia,Bachelor's,Y,N,95,1998,West,33302.76,Year,Y,Denied
EZYV3572,Asia,Master's,N,N,2181,1983,South,143687.52,Year,Y,Denied
EZYV13303,Asia,Master's,Y,N,4024,1991,Northeast,57685.01,Year,Y,Certified
EZYV9596,Asia,Master's,N,N,2527,1958,South,842.6023,Hour,Y,Certified
EZYV16864,Europe,Bachelor's,N,N,696,2012,Northeast,202.5198,Hour,Y,Certified
EZYV825,Europe,Bachelor's,Y,N,5178,2001,West,4371.14,Year,Y,Certified
EZYV18392,Asia,Bachelor's,N,N,1319,1968,Midwest,203086.39,Year,Y,Certified
EZYV14163,Asia,Bachelor's,Y,N,1140,1853,Northeast,79540.26,Year,Y,Certified
EZYV20904,Africa,Master's,N,N,1506,1985,South,57015.82,Year,Y,Denied
EZYV1715,Asia,Bachelor's,Y,N,1834,1804,Northeast,53169.18,Year,Y,Certified
EZYV21625,Europe,Master's,N,Y,11917,1999,Northeast,155553.25,Year,Y,Certified
EZYV10024,Asia,Master's,N,N,4683,1984,South,101359.62,Year,N,Certified
EZYV25296,Asia,Bachelor's,Y,N,616,2015,Midwest,100845.31,Year,Y,Denied
EZYV21320,Asia,Master's,Y,N,3055,2000,West,119928.31,Year,Y,Denied
EZYV2093,North America,Bachelor's,Y,N,33,2003,South,135899.27,Year,N,Certified
EZYV6818,Asia,Bachelor's,Y,N,3312,1972,Northeast,115988.67,Year,Y,Denied
EZYV407,North America,Bachelor's,Y,N,153,1972,Midwest,206.4596,Hour,Y,Certified
EZYV13971,Oceania,Doctorate,N,N,1439,1877,South,76021.5,Year,Y,Certified
EZYV19823,Asia,Master's,N,N,158,2005,Midwest,68959.23,Year,Y,Certified
EZYV11476,Asia,Bachelor's,Y,N,307,1989,South,84377.19,Year,Y,Denied
EZYV20247,Asia,Master's,Y,N,808,1933,Northeast,109712.88,Year,Y,Certified
EZYV666,North America,Master's,N,N,93759,1983,Midwest,74237.68,Year,Y,Certified
EZYV18898,Asia,Master's,N,N,5964,1987,West,51883.77,Year,N,Denied
EZYV19109,Europe,Doctorate,Y,N,629,1994,South,16449.12,Year,Y,Certified
EZYV25001,South America,Master's,Y,N,3204,1998,South,77003.2,Year,Y,Certified
EZYV5658,Asia,Bachelor's,N,Y,992,2000,West,106119.51,Year,Y,Certified
EZYV2745,Asia,Master's,N,N,467,1993,South,158586.09,Year,N,Denied
EZYV23288,Asia,Bachelor's,Y,N,3680,1897,South,76583.72,Year,Y,Certified
EZYV23583,Asia,Bachelor's,N,N,2550,2006,West,30706.79,Year,Y,Certified
EZYV20287,Asia,Master's,N,N,1800,2007,South,71439.6,Year,N,Certified
EZYV4090,North America,High School,Y,N,869,1993,West,115.55,Hour,Y,Certified
EZYV23937,Europe,Doctorate,Y,N,575,1983,Northeast,112994.21,Year,Y,Certified
EZYV3424,Asia,Bachelor's,Y,N,3266,2011,West,27316.82,Year,Y,Certified
EZYV9877,North America,Master's,N,Y,2848,2015,Northeast,129822.93,Year,Y,Certified
EZYV21393,Europe,Master's,Y,N,88,1989,West,37837.28,Year,Y,Denied
EZYV12739,Asia,High School,Y,N,5403,2001,Midwest,129684.53,Year,Y,Denied
EZYV5341,Asia,Bachelor's,Y,N,5584,1925,Midwest,17572.66,Year,Y,Certified
EZYV19399,Asia,Master's,Y,N,2217,1971,West,97334.1,Year,Y,Denied
EZYV2733,Asia,Bachelor's,Y,N,395,1999,Northeast,112679.02,Year,Y,Certified
EZYV12581,Asia,Bachelor's,Y,N,1067,1984,West,25711.95,Year,Y,Denied
EZYV12752,Asia,Master's,N,N,343,1946,South,198208.82,Year,N,Certified
EZYV23013,Asia,Bachelor's,N,Y,3715,2006,South,163591.2,Year,Y,Denied
EZYV14280,North America,High School,N,N,1934,1999,West,100.9604,Hour,Y,Denied
EZYV6953,South America,Doctorate,Y,N,1836,1995,Northeast,22684.13,Year,Y,Certified
EZYV1007,South America,High School,N,N,518,2001,Midwest,98771.74,Year,Y,Certified
EZYV21410,Asia,Bachelor's,N,N,2022,1924,Northeast,472.7602,Hour,Y,Denied
EZYV21095,Europe,Bachelor's,N,N,830,2002,Midwest,61343.58,Year,Y,Certified
EZYV20437,Asia,Doctorate,N,Y,964,2013,South,38240.84,Year,Y,Certified
EZYV24553,Asia,Master's,N,N,1277,2007,Midwest,78379.31,Year,Y,Certified
EZYV3655,South America,High School,Y,N,3658,1982,Midwest,54905.54,Year,Y,Certified
EZYV21793,Europe,Doctorate,N,N,3772,1998,West,45894.14,Year,Y,Certified
EZYV9967,Asia,High School,Y,N,2810,1999,West,96652.42,Year,Y,Denied
EZYV22566,North America,High School,Y,Y,305,1821,West,72306.84,Year,Y,Denied
EZYV3847,Asia,Bachelor's,N,N,2684,1990,Northeast,87869.64,Year,Y,Denied
EZYV13064,Asia,Bachelor's,N,N,964,1983,Midwest,177367.55,Year,Y,Certified
EZYV16443,Asia,Bachelor's,N,N,1533,1954,Northeast,127472.09,Year,N,Denied
EZYV3738,Europe,Master's,N,Y,54229,1876,South,27977.98,Year,Y,Certified
EZYV8085,Europe,High School,N,Y,3097,1999,South,50656.18,Year,Y,Denied
EZYV21240,North America,Master's,Y,N,1726,1993,Midwest,45558.65,Year,Y,Certified
EZYV11898,South America,Doctorate,N,N,2721,1853,Northeast,102955.22,Year,Y,Certified
EZYV23046,Asia,Bachelor's,Y,N,3162,2012,Northeast,163091.53,Year,Y,Certified
EZYV7881,Asia,Bachelor's,N,N,2279,1973,Midwest,64941.67,Year,Y,Certified
EZYV15366,Asia,High School,N,N,22,2009,Midwest,158211.14,Year,Y,Denied
EZYV13084,Europe,Master's,Y,N,1834,1977,West,1464.13,Year,Y,Certified
EZYV17065,Asia,Bachelor's,Y,N,1782,1958,West,111398.2,Year,Y,Denied
EZYV22965,North America,Master's,N,N,1902,1855,South,87011.67,Year,Y,Certified
EZYV22107,Asia,Bachelor's,N,N,2652,1956,West,154893.4,Year,Y,Certified
EZYV347,Asia,Master's,Y,N,2284,2013,South,51610.24,Year,Y,Certified
EZYV16583,North America,Master's,Y,N,3655,1998,South,28694.5,Year,Y,Certified
EZYV24371,Asia,Bachelor's,Y,N,2216,2003,South,133562.58,Year,Y,Denied
EZYV13617,Asia,High School,N,N,27072,1950,South,34115.77,Year,Y,Denied
EZYV12605,South America,Bachelor's,Y,N,4986,1817,Northeast,79363.14,Year,Y,Certified
EZYV11003,Asia,High School,N,N,3872,1979,South,21942.33,Year,Y,Denied
EZYV4034,North America,Master's,N,N,9862,2009,South,72077.37,Year,Y,Denied
EZYV15693,Asia,Bachelor's,Y,N,775,1999,Northeast,111.56,Hour,Y,Denied
EZYV17141,Asia,Bachelor's,Y,N,2543,2005,Northeast,12326.53,Year,Y,Certified
EZYV19086,Asia,Bachelor's,N,N,3211,1871,Midwest,40566.89,Year,Y,Certified
EZYV23057,Asia,Bachelor's,N,N,2137,2003,West,695.3399,Hour,Y,Denied
EZYV1732,Asia,High School,N,N,2125,2010,Midwest,117674.95,Year,Y,Certified
EZYV14145,Asia,Master's,Y,N,28,1978,South,80484.36,Year,Y,Certified
EZYV22914,Asia,High School,Y,N,346,1991,South,113232.54,Year,Y,Certified
EZYV31,Asia,Master's,Y,N,1408,1998,Midwest,79594.12,Year,N,Certified
EZYV4501,Asia,Master's,Y,N,4268,1972,West,86478.69,Year,Y,Certified
EZYV20770,Asia,Master's,Y,N,1231,2013,Midwest,59730.91,Year,Y,Certified
EZYV7872,Asia,High School,Y,Y,483,1996,South,57757.57,Year,Y,Denied
EZYV19935,Asia,Master's,N,N,834,1856,Northeast,104397.09,Year,N,Certified
EZYV2210,Asia,Master's,Y,N,2447,1980,West,3228.8,Year,Y,Certified
EZYV1916,Africa,Master's,N,N,2359,1981,Midwest,78362.68,Year,Y,Certified
EZYV9020,Asia,Bachelor's,Y,Y,761,2011,South,161743.77,Year,Y,Certified
EZYV6608,North America,Bachelor's,Y,N,491,1998,West,45762.95,Year,Y,Denied
EZYV14976,Asia,Bachelor's,Y,N,1514,2010,West,145438.87,Year,Y,Denied
EZYV24251,Europe,Bachelor's,N,N,3736,1997,Northeast,136684.11,Year,Y,Certified
EZYV7924,South America,Master's,N,N,632,2000,West,60690.23,Year,Y,Denied
EZYV8694,Asia,Bachelor's,N,N,542,1963,Northeast,55105.86,Year,Y,Certified
EZYV25416,Asia,Master's,Y,N,5146,1993,Northeast,85442.25,Year,Y,Denied
EZYV6948,Asia,Bachelor's,N,N,3435,1934,West,490.1568,Hour,Y,Denied
EZYV13506,North America,High School,Y,N,204,2005,South,127185.34,Year,Y,Denied
EZYV10475,South America,Bachelor's,Y,N,4174,2010,West,51952.09,Year,Y,Certified
EZYV16992,Asia,Master's,N,N,1666,1911,Midwest,88603.75,Year,N,Certified
EZYV16299,Asia,Bachelor's,Y,N,1485,2000,South,104830.94,Year,Y,Denied
EZYV19525,Asia,Bachelor's,Y,N,1840,2006,South,110543.43,Year,N,Denied
EZYV22474,Asia,Bachelor's,Y,N,2407,1987,Northeast,70039.82,Year,Y,Denied
EZYV454,Asia,Bachelor's,Y,N,3277,1980,Midwest,124439.76,Year,Y,Certified
EZYV21390,Asia,Bachelor's,N,N,1961,1997,Northeast,404.872,Hour,Y,Denied
EZYV13794,Asia,High School,Y,N,2102,1897,Midwest,117239.43,Year,Y,Denied
EZYV23761,Asia,Bachelor's,N,N,706,2000,Midwest,28841.92,Year,Y,Certified
EZYV22236,Europe,Doctorate,N,N,2589,1996,Northeast,142740.46,Year,Y,Certified
EZYV1747,Asia,High School,Y,N,3663,1999,South,87127.12,Year,Y,Certified
EZYV16266,Asia,Master's,Y,N,4236,1986,South,123490.53,Year,Y,Certified
EZYV23736,Asia,Master's,Y,N,1437,2002,West,78999.25,Year,Y,Certified
EZYV1279,Asia,Bachelor's,N,N,884,1990,Midwest,116630.43,Year,Y,Certified
EZYV1678,Asia,Bachelor's,Y,Y,2468,2005,South,11781.12,Year,Y,Certified
EZYV16292,Asia,Master's,Y,N,2820,1865,South,6596.03,Year,Y,Certified
EZYV1893,North America,Master's,Y,N,443,1954,Northeast,398.5782,Hour,Y,Certified
EZYV7455,North America,Master's,Y,N,902,1909,West,171819.54,Year,Y,Certified
EZYV22483,Asia,High School,N,N,1797,1944,South,187989.36,Year,Y,Denied
EZYV1353,Africa,Master's,Y,N,3806,2000,Midwest,90513.54,Year,Y,Certified
EZYV425,Asia,Doctorate,Y,N,2109,2002,Northeast,27280.53,Year,N,Certified
EZYV21461,Asia,Master's,Y,N,2924,1996,Midwest,101448.2,Year,Y,Certified
EZYV4279,Africa,Doctorate,N,N,4918,2005,Northeast,26391.3,Year,Y,Denied
EZYV22148,Asia,Master's,Y,N,3397,2008,Northeast,11279.44,Year,Y,Certified
EZYV2487,North America,Master's,Y,N,3275,1996,South,63590.3,Year,Y,Certified
EZYV10463,Asia,Bachelor's,Y,N,924,2004,South,23611.89,Year,Y,Certified
EZYV23806,Asia,Bachelor's,N,N,2437,1980,Midwest,230428.5,Year,Y,Denied
EZYV8742,Europe,High School,Y,N,769,1885,Midwest,13451.4,Year,Y,Denied
EZYV22924,Asia,Bachelor's,Y,N,183,1989,Midwest,42657.46,Year,Y,Certified
EZYV19695,North America,Master's,Y,N,1926,1981,South,144179.95,Year,N,Certified
EZYV14907,Asia,Bachelor's,Y,N,3986,2008,Northeast,4156.21,Year,Y,Certified
EZYV24223,Europe,Bachelor's,Y,N,2848,1995,West,74.3597,Hour,Y,Denied
EZYV5779,Asia,Bachelor's,Y,N,500,1996,Northeast,114540.05,Year,Y,Certified
EZYV8488,Asia,Bachelor's,N,N,1175,2006,West,38999.34,Year,Y,Denied
EZYV16175,Asia,Master's,Y,N,1694,1994,Northeast,41723.9,Year,Y,Certified
EZYV21121,Asia,Bachelor's,N,N,2580,2013,West,95254.9,Year,Y,Certified
EZYV9710,Europe,High School,Y,N,2169,1930,Northeast,60515.18,Year,Y,Denied
EZYV9484,Asia,Bachelor's,N,N,3545,2009,Northeast,96948.16,Year,Y,Denied
EZYV25408,Asia,Doctorate,Y,N,5892,2001,South,62327.54,Year,N,Certified
EZYV23211,Asia,High School,N,N,4060,1935,West,652.5174,Hour,Y,Certified
EZYV507,Europe,Doctorate,N,N,3115,2006,Northeast,25114.1,Year,Y,Certified
EZYV6216,Asia,Master's,Y,N,3971,2007,Northeast,62707.52,Year,Y,Certified
EZYV2991,Asia,Master's,N,N,201,2006,Midwest,222221.67,Year,Y,Denied
EZYV20752,Asia,Bachelor's,N,N,2122,1968,South,64939.82,Year,Y,Certified
EZYV650,Africa,Bachelor's,N,N,3363,1983,South,21924.21,Year,Y,Certified
EZYV22645,Asia,Bachelor's,Y,N,2086,1997,South,88611.11,Year,Y,Certified
EZYV21317,Europe,Bachelor's,Y,N,707,1945,Northeast,127437.06,Year,Y,Certified
EZYV22160,Asia,Bachelor's,N,N,988,1984,West,111820.03,Year,Y,Denied
EZYV12944,Asia,Master's,N,N,2999,1964,Northeast,115338.6,Year,N,Denied
EZYV2015,Africa,Bachelor's,Y,N,910,1998,Northeast,61351.35,Year,Y,Denied
EZYV18964,Asia,Bachelor's,Y,N,794,1877,Northeast,56558.44,Year,Y,Certified
EZYV13329,Europe,Master's,Y,N,2967,2010,Northeast,26355.08,Year,Y,Certified
EZYV24853,Asia,Bachelor's,N,N,2218,1914,Northeast,111.21,Hour,Y,Denied
EZYV20395,Europe,Bachelor's,Y,N,1040,2003,West,49167.95,Year,Y,Certified
EZYV8988,Asia,Master's,Y,N,21436,2005,West,65172.58,Year,Y,Certified
EZYV15462,Asia,Bachelor's,N,N,3745,1986,South,75600.75,Year,Y,Denied
EZYV25378,North America,Bachelor's,N,N,2644,1979,West,19131.82,Year,Y,Denied
EZYV18095,Asia,Master's,Y,N,5959,2008,West,60783.29,Year,Y,Certified
EZYV19637,Asia,Master's,Y,N,1104,2009,West,34634.3,Year,Y,Certified
EZYV4975,Asia,Bachelor's,N,N,3217,1998,South,63324.05,Week,Y,Certified
EZYV18566,Asia,Master's,Y,N,1735,2007,Northeast,22609.47,Year,Y,Certified
EZYV19713,Asia,Bachelor's,N,Y,1306,1952,Midwest,71893.49,Year,Y,Denied
EZYV12886,Asia,High School,Y,Y,4370,1996,South,99850.6,Year,Y,Denied
EZYV22298,Asia,Bachelor's,Y,N,3607,1995,South,128422.5,Year,Y,Certified
EZYV6675,North America,Bachelor's,N,N,1458,1996,South,676.2335,Hour,Y,Denied
EZYV15761,Asia,Master's,N,N,1387,1981,Northeast,106403.95,Year,Y,Denied
EZYV3085,Asia,Bachelor's,Y,N,4119,1996,Northeast,71671.94,Year,Y,Certified
EZYV9876,Asia,Bachelor's,Y,N,1881,2003,South,158132.14,Year,Y,Certified
EZYV14007,North America,Master's,Y,N,1962,2007,Northeast,40616.29,Year,Y,Denied
EZYV11406,Asia,Master's,Y,N,3910,2006,Northeast,100909.11,Year,Y,Certified
EZYV5895,Asia,Master's,Y,N,24801,1889,South,112580.59,Year,N,Certified
EZYV23928,Asia,Master's,N,N,2069,1981,West,39470.33,Year,Y,Certified
EZYV13039,Asia,Master's,Y,N,4894,1978,Midwest,136180.62,Year,Y,Certified
EZYV2652,Asia,Bachelor's,N,N,865,1994,Northeast,74271.26,Year,Y,Denied
EZYV17590,Europe,Bachelor's,Y,N,3132,2013,Northeast,41828.03,Year,Y,Certified
EZYV11942,Asia,Master's,N,N,862,1838,Midwest,106.8,Hour,Y,Denied
EZYV11270,Asia,Doctorate,N,N,3433,1982,Northeast,105802.25,Year,Y,Certified
EZYV17166,Europe,High School,N,Y,558,1984,West,192852.94,Year,Y,Denied
EZYV508,North America,Bachelor's,Y,N,211,2003,Northeast,23945.38,Year,Y,Certified
EZYV16204,Asia,Master's,Y,N,785,1995,Northeast,84000.59,Year,Y,Certified
EZYV1876,Asia,Master's,N,N,1203,2003,West,25822.19,Year,Y,Denied
EZYV3961,Asia,Bachelor's,N,Y,3791,1998,West,76548.97,Year,Y,Denied
EZYV18962,Asia,Master's,Y,N,1036,1894,South,63728.97,Year,Y,Certified
EZYV21307,Asia,Bachelor's,Y,N,1815,1977,Northeast,85808.76,Year,Y,Certified
EZYV3084,Asia,Master's,N,N,6281,1979,Northeast,2565.02,Year,Y,Denied
EZYV2754,Asia,Master's,Y,N,2353,2007,Midwest,51866.51,Year,Y,Certified
EZYV18668,Asia,Bachelor's,Y,N,928,2004,South,113699.05,Year,Y,Certified
EZYV8505,Asia,Bachelor's,Y,Y,2140,1871,West,99622.59,Year,Y,Denied
EZYV19896,Asia,Master's,N,Y,4281,2007,West,105120.63,Year,Y,Denied
EZYV1945,North America,Bachelor's,N,N,4393,1839,Northeast,43255.89,Year,Y,Denied
EZYV8922,Asia,High School,Y,N,309,1909,West,64282.59,Year,Y,Denied
EZYV13504,North America,Master's,Y,N,97022,1892,Island,94958.94,Year,Y,Denied
EZYV17896,Asia,Bachelor's,N,N,1810,1858,Northeast,53261.01,Year,Y,Certified
EZYV18526,North America,Master's,N,Y,30715,1994,West,140.59,Year,Y,Certified
EZYV21779,Asia,Bachelor's,Y,N,901,1998,Midwest,67695.54,Year,Y,Certified
EZYV8690,North America,Master's,Y,N,2352,1962,West,12668.49,Year,Y,Certified
EZYV17185,Asia,Master's,Y,N,5377,1986,South,112117.1,Year,Y,Certified
EZYV10811,Asia,Bachelor's,Y,N,92780,2012,West,250163.1,Year,Y,Certified
EZYV18243,Asia,Bachelor's,Y,N,1155,1996,Northeast,158023.71,Year,N,Certified
EZYV18073,Asia,Master's,N,N,1153,2004,West,19367.11,Year,Y,Denied
EZYV16197,Asia,Bachelor's,N,Y,1522,1920,West,44123.31,Year,Y,Certified
EZYV3942,Europe,Doctorate,N,N,2398,1983,Midwest,56260.49,Year,Y,Certified
EZYV16145,Asia,Bachelor's,N,N,1040,1999,Northeast,42.4315,Hour,Y,Certified
EZYV4956,North America,Bachelor's,Y,N,2363,1889,West,27009.89,Year,Y,Certified
EZYV4240,Asia,Bachelor's,N,N,1881,2001,Midwest,131106.68,Year,Y,Denied
EZYV11702,Asia,Bachelor's,N,N,3910,1984,South,249626.02,Year,N,Certified
EZYV4073,North America,Bachelor's,N,N,1559,1986,South,70603.29,Year,Y,Denied
EZYV5430,North America,Bachelor's,Y,N,1048,1999,South,97117.58,Year,N,Denied
EZYV17038,Asia,High School,Y,Y,1209,2010,South,105078.17,Year,Y,Certified
EZYV18950,Africa,Bachelor's,N,N,3440,1968,South,84153.68,Year,Y,Certified
EZYV22372,North America,Master's,Y,N,1659,1970,Northeast,105680.29,Year,Y,Certified
EZYV19420,Asia,Master's,Y,N,9053,2009,Midwest,155372.27,Year,N,Certified
EZYV16172,Oceania,Master's,N,N,5491,1905,Midwest,26730.63,Year,N,Certified
EZYV7992,Europe,High School,N,N,22645,1998,West,71539.63,Year,Y,Denied
EZYV20454,Asia,Doctorate,Y,N,2568,2007,Northeast,27791.37,Year,N,Certified
EZYV19380,Asia,Master's,Y,N,1277,1984,West,37099.34,Year,Y,Denied
EZYV15970,Asia,Master's,Y,N,4630,1965,Northeast,139870.88,Year,Y,Certified
EZYV14900,Asia,Doctorate,Y,Y,822,2011,West,24694.55,Year,Y,Certified
EZYV9887,Asia,Bachelor's,Y,N,2346,2010,Midwest,148759.43,Year,Y,Certified
EZYV21347,Asia,High School,N,N,496,2006,Midwest,120169.95,Year,Y,Certified
EZYV14529,North America,Master's,Y,N,3559,1931,Northeast,62264.87,Year,Y,Certified
EZYV5882,Asia,Bachelor's,Y,N,726,2002,South,41704.28,Year,Y,Certified
EZYV22770,Asia,Master's,N,N,3105,1986,Northeast,82460.15,Year,Y,Certified
EZYV9966,Asia,Master's,Y,N,863,2008,Northeast,96481.51,Year,Y,Certified
EZYV11096,Asia,Bachelor's,N,N,32,1975,West,77872.41,Year,Y,Certified
EZYV24011,Asia,Bachelor's,Y,N,1490,2010,West,130116.43,Year,Y,Certified
EZYV3973,Asia,Master's,N,N,1582,2004,Northeast,42654.07,Year,Y,Denied
EZYV5473,Asia,Doctorate,Y,N,4233,1994,South,151735.8,Year,Y,Certified
EZYV6885,Europe,Bachelor's,N,Y,1797,2000,South,259097.55,Year,Y,Certified
EZYV10399,Europe,Master's,Y,N,2276,1987,Midwest,74635.64,Year,Y,Certified
EZYV13692,North America,Bachelor's,N,N,940,2013,South,108881.03,Year,Y,Certified
EZYV25205,Asia,Master's,Y,N,2630,1986,Midwest,84839.4,Year,Y,Certified
EZYV17345,Asia,Master's,Y,N,4949,1966,West,65710.83,Year,Y,Certified
EZYV17201,North America,Bachelor's,N,N,2432,1960,South,25591.83,Year,Y,Denied
EZYV24873,Asia,Bachelor's,N,N,3855,1968,West,47826.07,Year,Y,Certified
EZYV18065,Asia,High School,N,N,1563,1984,Northeast,71491.75,Year,Y,Certified
EZYV1200,Asia,Bachelor's,Y,N,3408,1930,Midwest,67744.54,Year,N,Certified
EZYV4109,Asia,Master's,Y,N,358,1925,Northeast,18321.84,Year,Y,Certified
EZYV8788,Asia,High School,N,N,2565,1885,Midwest,188931.55,Year,Y,Denied
EZYV24670,Europe,Master's,Y,N,3121,1983,West,27658.53,Year,Y,Certified
EZYV8931,Asia,Bachelor's,Y,N,755,2000,Midwest,90859.06,Year,Y,Certified
EZYV1383,Europe,Bachelor's,Y,Y,2100,2007,Midwest,147882.46,Year,Y,Certified
EZYV24066,South America,Master's,Y,N,2080,1992,West,32259.72,Year,Y,Certified
EZYV3408,Asia,Bachelor's,Y,Y,3360,1991,South,113093.73,Year,Y,Certified
EZYV2810,Asia,Bachelor's,N,N,2897,1999,West,5170.48,Year,Y,Denied
EZYV22565,Europe,Doctorate,Y,N,1822,2012,South,77372.83,Year,Y,Certified
EZYV23076,Europe,Bachelor's,Y,N,2719,2008,Northeast,91365.09,Year,Y,Certified
EZYV22774,Africa,Doctorate,Y,N,2790,1898,Midwest,106183.89,Year,Y,Certified
EZYV17511,Asia,Bachelor's,N,N,4989,1990,Northeast,122630.54,Year,Y,Denied
EZYV19780,Asia,Master's,N,N,2483,2009,South,136.2184,Hour,Y,Certified
EZYV19979,Asia,Master's,N,N,1637,1970,South,709.837,Hour,Y,Certified
EZYV14485,Asia,Master's,N,N,4634,1988,West,31630.2,Year,Y,Certified
EZYV8950,Asia,Master's,Y,N,3149,1997,Midwest,9475.45,Year,Y,Certified
EZYV21108,Europe,Master's,Y,N,3772,1995,West,20016.38,Year,Y,Certified
EZYV6421,Asia,Bachelor's,Y,N,16733,2007,Midwest,78888.5,Year,Y,Certified
EZYV1992,Asia,Bachelor's,N,N,324,2000,South,58642.45,Year,N,Certified
EZYV20270,Asia,Bachelor's,Y,N,1030,1996,Northeast,12553.08,Year,Y,Certified
EZYV9657,Asia,High School,N,N,369,1956,Northeast,68450.7,Year,Y,Denied
EZYV4421,North America,Bachelor's,N,N,2387,2012,Northeast,83395.19,Year,N,Denied
EZYV23132,Asia,Doctorate,N,Y,101,2010,South,83687.44,Year,Y,Certified
EZYV11448,Asia,Bachelor's,N,Y,3578,2013,South,83708.98,Year,Y,Certified
EZYV16083,Asia,Master's,N,N,2507,2008,Midwest,215450.45,Year,Y,Denied
EZYV7891,Asia,High School,Y,N,5042,1994,West,34704.17,Year,Y,Denied
EZYV545,Asia,Bachelor's,Y,N,4824,1996,West,49122.07,Year,Y,Certified
EZYV11137,Europe,Doctorate,Y,N,87,2008,South,1670.31,Year,Y,Certified
EZYV2449,Asia,High School,Y,N,873,2011,Midwest,109026.57,Year,Y,Certified
EZYV24494,Asia,Master's,N,N,690,1904,Northeast,131704.23,Year,Y,Denied
EZYV4757,Europe,Doctorate,N,N,1237,2003,South,37832.12,Year,Y,Certified
EZYV7139,Asia,Master's,N,N,377,1986,South,115205.07,Year,N,Certified
EZYV9503,North America,Bachelor's,N,N,149,2007,South,88858.11,Year,Y,Certified
EZYV24155,Asia,Bachelor's,N,N,4703,2002,South,111497.36,Year,Y,Denied
EZYV8969,North America,Master's,Y,N,31841,1926,West,53250.97,Year,Y,Certified
EZYV10153,Asia,Master's,N,N,3717,1996,Midwest,41003.63,Year,Y,Certified
EZYV25387,Asia,Doctorate,N,N,2509,1849,West,491.5601,Hour,Y,Certified
EZYV13927,North America,Bachelor's,Y,Y,1096,2006,South,79904.0,Year,Y,Certified
EZYV20934,Asia,Bachelor's,Y,N,471,1991,South,144788.08,Year,Y,Certified
EZYV13513,Asia,High School,Y,N,3389,1998,West,60661.0,Year,N,Denied
EZYV22111,Europe,Master's,N,N,4334,1996,Northeast,707.813,Hour,Y,Certified
EZYV16748,North America,Bachelor's,N,N,44787,1838,West,896.0618,Hour,Y,Certified
EZYV21831,Asia,Doctorate,Y,N,2707,1962,Northeast,117726.0,Year,Y,Denied
EZYV9511,Asia,High School,N,N,1570,2010,West,24354.69,Year,Y,Denied
EZYV7762,Asia,Master's,N,N,-11,2009,Midwest,38457.51,Year,Y,Certified
EZYV9342,Asia,Bachelor's,Y,N,1231,2001,West,63571.59,Year,Y,Certified
EZYV21840,Europe,Doctorate,N,N,4081,2010,West,12416.9,Year,Y,Certified
EZYV20293,Asia,Master's,Y,N,4299,2004,West,26771.9,Year,Y,Certified
EZYV390,North America,Master's,Y,N,2579,2007,West,68683.19,Year,Y,Certified
EZYV5528,Oceania,Master's,N,N,343,1984,West,60181.19,Year,Y,Certified
EZYV775,Asia,Bachelor's,N,N,93018,2009,West,18332.25,Year,Y,Denied
EZYV14004,North America,Master's,Y,N,1638,2001,Midwest,152197.59,Year,Y,Certified
EZYV11490,Africa,Bachelor's,Y,N,84074,2008,Northeast,115732.03,Year,Y,Certified
EZYV3262,Asia,Bachelor's,N,N,2066,2005,Northeast,668.4393,Hour,Y,Denied
EZYV6367,North America,Bachelor's,N,N,2649,1963,Northeast,28541.29,Year,Y,Certified
EZYV5724,South America,High School,Y,N,2300,2012,West,90484.39,Year,Y,Certified
EZYV14272,Europe,Doctorate,Y,N,5476,1818,Northeast,85427.58,Year,Y,Certified
EZYV21471,Asia,Bachelor's,Y,N,4309,1985,West,68534.3,Year,Y,Certified
EZYV8711,Asia,High School,Y,N,2085,2007,South,17418.61,Year,Y,Denied
EZYV9049,Asia,Master's,Y,N,4522,2004,West,75478.89,Year,Y,Certified
EZYV13826,Asia,Bachelor's,Y,N,1541,1998,Northeast,73678.34,Year,Y,Certified
EZYV1815,South America,Bachelor's,N,N,558,1981,Midwest,169851.35,Year,Y,Certified
EZYV4202,Asia,Master's,Y,N,2497,1978,South,71546.48,Year,Y,Certified
EZYV18020,Asia,Bachelor's,N,N,1986,2007,Northeast,701.5948,Hour,Y,Denied
EZYV20424,Africa,High School,Y,N,3247,1962,South,125097.25,Year,Y,Certified
EZYV10229,Europe,Master's,Y,N,952,1879,South,76490.79,Year,Y,Certified
EZYV10035,Asia,High School,Y,N,2854,2013,Midwest,73117.04,Year,Y,Denied
EZYV6209,Asia,Bachelor's,Y,N,482,2005,Northeast,55136.54,Year,N,Certified
EZYV23128,North America,Bachelor's,Y,N,3432,2000,Northeast,72042.5,Year,N,Denied
EZYV24695,Asia,Master's,Y,N,190,1948,West,117248.37,Year,N,Certified
EZYV17095,North America,Master's,Y,N,4991,1923,Northeast,44027.92,Year,Y,Denied
EZYV17452,Asia,Bachelor's,Y,N,3249,2006,West,48155.94,Year,Y,Certified
EZYV12612,North America,High School,Y,N,353,1967,Northeast,79510.93,Year,N,Denied
EZYV2918,Asia,High School,Y,N,3267,2006,West,90894.8,Year,Y,Denied
EZYV25153,North America,Bachelor's,N,N,1247,1972,West,101509.72,Year,Y,Denied
EZYV19410,North America,Master's,Y,N,4203,2011,Northeast,131641.61,Year,N,Certified
EZYV8602,Africa,Bachelor's,N,N,175,2000,Midwest,41383.14,Year,Y,Denied
EZYV24058,Asia,Doctorate,Y,N,3343,1999,South,152481.73,Year,N,Denied
EZYV3142,Asia,Master's,Y,N,2631,1986,Midwest,71558.84,Year,Y,Certified
EZYV3418,Asia,Master's,N,Y,546,1989,Midwest,161785.43,Year,Y,Denied
EZYV23862,Asia,Master's,N,N,3005,1995,West,94540.02,Year,Y,Denied
EZYV884,Asia,Bachelor's,Y,N,1849,1932,South,143260.47,Year,Y,Certified
EZYV3540,Asia,Master's,Y,N,2207,1852,West,7299.82,Year,Y,Certified
EZYV12191,Asia,Bachelor's,N,N,132,2002,Northeast,72635.23,Year,Y,Denied
EZYV4908,Asia,Master's,Y,N,3103,1877,South,101308.39,Year,Y,Certified
EZYV13332,Asia,Master's,Y,N,364,1947,South,100.93,Hour,Y,Certified
EZYV9731,South America,Doctorate,N,Y,46,1998,Northeast,34446.65,Year,Y,Certified
EZYV1208,Asia,Master's,Y,N,3908,1968,South,74537.88,Year,Y,Certified
EZYV2186,Asia,Master's,Y,N,3246,2007,South,83333.03,Year,N,Certified
EZYV20866,Asia,Master's,Y,N,4990,1970,Northeast,166396.49,Year,Y,Certified
EZYV7051,Asia,Master's,N,N,2384,1924,South,115586.74,Year,N,Certified
EZYV19748,Asia,Bachelor's,N,N,830,2008,Northeast,441.4346,Hour,Y,Certified
EZYV8084,Asia,Bachelor's,N,Y,1169,1998,Northeast,53247.02,Year,Y,Denied
EZYV10089,North America,Master's,Y,N,1892,2010,Northeast,30651.31,Year,Y,Denied
EZYV4762,South America,High School,Y,N,1318,2013,West,104428.58,Year,Y,Certified
EZYV18627,Asia,Bachelor's,N,N,1964,2007,South,58422.64,Year,Y,Certified
EZYV10184,Asia,Master's,Y,N,4387,1960,Northeast,60943.43,Year,Y,Certified
EZYV25398,Europe,Bachelor's,Y,N,416,2011,West,79547.58,Year,Y,Certified
EZYV751,Asia,Bachelor's,Y,N,4633,2011,South,23969.45,Year,Y,Certified
EZYV2932,Asia,Doctorate,N,N,3198,1982,South,591.7602,Hour,Y,Denied
EZYV18984,Europe,High School,Y,N,47,2004,West,50248.61,Year,Y,Certified
EZYV6041,Asia,Bachelor's,N,N,3235,1988,Northeast,207753.26,Year,Y,Certified
EZYV7845,Asia,Bachelor's,Y,N,341,2002,Midwest,207023.76,Year,Y,Certified
EZYV18631,Europe,Doctorate,Y,N,627,2011,West,9295.78,Year,Y,Certified
EZYV2402,Asia,Bachelor's,N,N,439,1874,Midwest,75483.07,Year,Y,Certified
EZYV23029,Asia,Master's,Y,N,4539,1996,Northeast,60896.15,Year,Y,Certified
EZYV19619,Asia,High School,Y,N,3174,1997,Northeast,152290.16,Year,Y,Certified
EZYV1405,North America,Master's,N,N,818,1984,West,79494.65,Year,Y,Denied
EZYV20061,North America,Bachelor's,N,N,2078,2005,South,72052.65,Year,Y,Denied
EZYV18225,Europe,High School,Y,N,783,1998,West,156.8268,Hour,Y,Denied
EZYV2211,Asia,Master's,N,Y,2263,2004,West,117123.26,Year,Y,Denied
EZYV8744,Asia,Bachelor's,Y,N,4878,2003,Midwest,82190.31,Year,N,Certified
EZYV12598,North America,Bachelor's,Y,Y,2216,1999,West,97.5946,Hour,Y,Denied
EZYV14715,Europe,Master's,N,N,3302,1893,Island,21802.99,Year,Y,Certified
EZYV20719,Europe,Bachelor's,Y,N,5305,1980,South,82362.28,Year,Y,Denied
EZYV21170,Asia,Doctorate,Y,N,48469,1976,Northeast,242507.42,Year,Y,Denied
EZYV12116,Asia,Bachelor's,N,N,277,1993,Midwest,113107.12,Year,Y,Denied
EZYV23818,Asia,Master's,N,Y,182,1848,Northeast,67779.03,Year,Y,Certified
EZYV13902,Asia,Master's,N,N,3276,1998,Northeast,97255.64,Year,Y,Denied
EZYV22381,Asia,Master's,Y,N,4509,2006,South,22326.45,Year,Y,Certified
EZYV20504,Asia,Master's,Y,Y,2000,1995,South,10533.99,Year,Y,Certified
EZYV16336,Asia,High School,Y,N,456,2009,South,53455.91,Year,Y,Certified
EZYV10363,North America,Master's,N,N,980,1916,Northeast,502.7575,Hour,Y,Certified
EZYV941,Asia,Master's,N,N,4498,2014,Midwest,72863.2,Year,Y,Certified
EZYV14987,Europe,Bachelor's,Y,N,1673,2010,Midwest,69522.6,Year,Y,Certified
EZYV4076,Asia,Master's,Y,N,1513,2007,West,25425.47,Year,Y,Certified
EZYV2050,Asia,Bachelor's,Y,N,22304,2002,Midwest,211527.06,Year,Y,Certified
EZYV12848,Europe,Bachelor's,Y,N,4516,1977,South,65213.68,Year,Y,Certified
EZYV12760,Africa,Master's,Y,N,1277,1993,South,117223.69,Year,Y,Certified
EZYV20359,Asia,Master's,N,N,46152,1909,Northeast,81299.86,Year,N,Certified
EZYV24786,South America,Bachelor's,Y,N,2331,2006,South,75139.53,Year,Y,Denied
EZYV25261,North America,High School,Y,N,1109,2008,Northeast,119944.02,Year,Y,Certified
EZYV20460,Asia,Master's,Y,N,2360,1998,West,45491.87,Year,Y,Denied
EZYV3306,North America,Master's,Y,N,1481,2007,South,128782.21,Year,N,Certified
EZYV23694,South America,Bachelor's,Y,N,1664,1983,Northeast,5334.93,Year,Y,Certified
EZYV9509,Asia,Master's,Y,N,108,1998,Midwest,82889.75,Year,Y,Certified
EZYV2251,North America,Master's,Y,N,3867,1999,Northeast,29840.02,Year,Y,Certified
EZYV8217,Asia,Master's,N,N,2162,2004,South,48810.04,Year,Y,Certified
EZYV22984,Asia,Master's,N,N,3484,2003,Midwest,42988.75,Year,Y,Certified
EZYV8166,North America,Doctorate,Y,N,3154,1965,Midwest,40090.06,Year,Y,Certified
EZYV8902,Asia,Bachelor's,Y,N,744,1981,West,46503.44,Year,Y,Certified
EZYV18046,Asia,Bachelor's,Y,N,1704,1997,West,79847.2,Year,Y,Certified
EZYV20798,Europe,Master's,N,N,3382,1847,West,5637.79,Year,Y,Certified
EZYV12794,Asia,Master's,Y,N,3740,1989,Northeast,75791.71,Year,Y,Certified
EZYV4645,Asia,Master's,N,N,4462,2000,Midwest,143328.88,Year,Y,Denied
EZYV4220,Asia,Bachelor's,Y,N,1991,2003,Midwest,161115.84,Year,Y,Certified
EZYV20679,Asia,Bachelor's,N,N,1525,1996,Northeast,136.5,Hour,Y,Certified
EZYV8611,Asia,Bachelor's,Y,N,4128,1968,Midwest,78268.27,Year,Y,Certified
EZYV7953,Asia,Bachelor's,N,N,1762,2009,South,43701.89,Year,Y,Denied
EZYV4779,Asia,Bachelor's,Y,N,192494,2006,West,43244.46,Year,Y,Certified
EZYV10203,Europe,Master's,N,N,2655,1989,South,26446.14,Year,Y,Certified
EZYV20862,Asia,Bachelor's,Y,N,1638,2001,Midwest,100.17,Hour,Y,Denied
EZYV17029,Asia,Master's,N,N,3441,2005,Midwest,116065.25,Year,Y,Denied
EZYV11755,Asia,Bachelor's,Y,N,658,1978,South,163916.59,Year,Y,Denied
EZYV4650,Europe,Bachelor's,N,N,1883,1866,West,119739.73,Year,Y,Certified
EZYV9757,Asia,Master's,Y,N,413,1984,Midwest,144393.35,Year,N,Certified
EZYV1895,Asia,Bachelor's,Y,N,2163,1962,Midwest,112188.0,Year,Y,Certified
EZYV12571,Asia,Bachelor's,N,N,127,2004,South,77347.46,Year,Y,Denied
EZYV4822,Asia,Bachelor's,Y,N,905,1971,Midwest,117431.5,Year,Y,Certified
EZYV592,Europe,Bachelor's,N,N,86050,2007,South,152569.46,Year,Y,Certified
EZYV21718,South America,Bachelor's,Y,N,3206,2010,West,349.994,Hour,Y,Denied
EZYV16063,Asia,Doctorate,Y,N,3306,1999,West,78911.95,Year,Y,Certified
EZYV18166,North America,High School,N,Y,2324,1997,West,82805.44,Year,Y,Denied
EZYV14428,South America,Bachelor's,N,N,1920,1976,Northeast,264.5926,Hour,Y,Denied
EZYV10391,Asia,High School,N,N,3528,1945,Midwest,47052.99,Year,Y,Denied
EZYV22455,Asia,Bachelor's,N,N,991,1931,Northeast,38334.29,Year,Y,Certified
EZYV8172,Asia,Bachelor's,Y,N,3016,1847,West,52541.66,Year,Y,Certified
EZYV17046,Asia,Doctorate,N,N,3571,1978,West,93972.3,Week,Y,Certified
EZYV7314,Asia,Master's,Y,N,3895,1904,West,20532.7,Year,Y,Certified
EZYV19342,South America,Master's,N,N,300,1974,West,74402.14,Year,Y,Certified
EZYV23785,Asia,Bachelor's,Y,N,1021,2004,West,122479.42,Year,Y,Denied
EZYV24241,Asia,Bachelor's,N,N,4286,1993,South,102281.62,Year,N,Certified
EZYV245,Europe,Doctorate,Y,N,1760,1997,South,63108.03,Year,Y,Certified
EZYV2773,North America,Master's,Y,N,75457,1963,West,739.7268,Hour,Y,Certified
EZYV11952,North America,High School,Y,N,2298,1911,South,85971.69,Year,Y,Denied
EZYV13289,North America,Master's,Y,N,3487,1910,Northeast,435.7708,Hour,Y,Certified
EZYV24711,Asia,Bachelor's,N,N,3054,2000,Midwest,30192.01,Year,Y,Denied
EZYV3754,Asia,Master's,Y,N,5696,1985,South,32864.64,Year,Y,Certified
EZYV11047,Asia,Doctorate,N,N,563,1984,Northeast,11828.57,Year,Y,Certified
EZYV11413,Asia,Master's,Y,N,1246,2011,South,87639.63,Year,Y,Certified
EZYV2676,North America,Master's,Y,N,4581,1904,West,110655.39,Year,Y,Certified
EZYV1126,Asia,Master's,Y,Y,3151,1970,West,46574.43,Year,Y,Certified
EZYV1282,Asia,Bachelor's,Y,N,1688,2003,West,191710.8,Year,Y,Certified
EZYV11848,Asia,Bachelor's,Y,N,665,2009,Northeast,136688.66,Year,Y,Denied
EZYV526,North America,Bachelor's,Y,N,180,1988,West,133468.58,Year,Y,Certified
EZYV5059,Asia,High School,Y,N,1333,1999,West,22791.31,Year,Y,Denied
EZYV12790,South America,Bachelor's,N,N,1565,1996,South,81668.0,Year,Y,Denied
EZYV17655,North America,Bachelor's,Y,N,2381,1981,Northeast,98.6015,Hour,N,Denied
EZYV8240,Asia,Master's,Y,N,98447,1838,West,10421.76,Year,N,Certified
EZYV11815,Asia,Master's,Y,N,5028,1839,Northeast,95792.06,Year,Y,Certified
EZYV15934,Asia,Master's,Y,N,2425,1922,South,103144.33,Year,Y,Certified
EZYV2442,Oceania,High School,Y,N,2477,2010,West,73542.33,Year,Y,Certified
EZYV10898,Asia,Master's,Y,N,1610,2008,West,22479.42,Year,Y,Certified
EZYV8091,North America,Bachelor's,Y,N,2552,1938,Northeast,32542.25,Week,Y,Certified
EZYV21710,Asia,Bachelor's,N,N,3967,1982,Northeast,31326.83,Year,Y,Certified
EZYV1607,Asia,High School,Y,N,637,2008,South,56618.81,Year,Y,Certified
EZYV24918,North America,Bachelor's,N,N,1040,1818,Northeast,87797.34,Year,N,Denied
EZYV22613,North America,Master's,N,N,3141,1997,West,55177.78,Year,Y,Denied
EZYV10337,Europe,Doctorate,N,N,402,1998,Northeast,22219.17,Year,Y,Certified
EZYV1015,South America,Bachelor's,N,Y,2456,1997,Northeast,94932.01,Year,Y,Denied
EZYV16287,Asia,Bachelor's,N,N,2593,2007,Northeast,148879.14,Year,N,Denied
EZYV11029,Asia,Master's,N,N,1996,2005,Midwest,158199.96,Year,Y,Certified
EZYV15007,Asia,Bachelor's,Y,N,4321,2009,South,94640.38,Year,N,Denied
EZYV5736,Asia,Master's,N,N,3687,2008,Midwest,152766.97,Year,Y,Certified
EZYV7802,Asia,Master's,Y,N,1614,2009,Northeast,146846.59,Year,N,Certified
EZYV1122,Asia,Bachelor's,Y,N,1488,2009,West,136443.09,Year,Y,Certified
EZYV20280,Asia,Master's,N,N,1641,2009,Midwest,64276.74,Year,Y,Denied
EZYV19512,South America,Bachelor's,N,N,1756,2011,Northeast,124.95,Hour,Y,Denied
EZYV11583,Europe,Bachelor's,Y,N,419,1846,South,49353.03,Year,Y,Certified
EZYV565,Europe,Doctorate,Y,N,2165,2013,West,27790.82,Year,Y,Certified
EZYV3949,Asia,Bachelor's,N,N,1656,1902,Northeast,93379.96,Year,Y,Denied
EZYV8618,Asia,Master's,Y,N,1469,2012,Northeast,100419.82,Year,Y,Certified
EZYV12431,Europe,Master's,Y,N,3640,1998,West,31653.06,Year,Y,Certified
EZYV14069,Asia,Master's,N,N,290,1979,West,111472.38,Year,N,Certified
EZYV7151,Asia,Bachelor's,N,N,27484,2008,West,2865.19,Year,Y,Denied
EZYV8750,Asia,Master's,N,N,3333,1968,South,20871.46,Year,Y,Certified
EZYV23945,Asia,Bachelor's,Y,N,1125,1995,South,111318.13,Year,Y,Denied
EZYV10455,Asia,Bachelor's,Y,N,3621,2002,Northeast,121350.04,Year,Y,Certified
EZYV21110,Asia,Bachelor's,Y,N,1236,1838,West,37463.46,Year,Y,Denied
EZYV18406,Asia,Bachelor's,N,N,102,2013,South,111644.96,Year,Y,Certified
EZYV8693,Asia,High School,Y,N,78,2010,Northeast,91489.96,Year,Y,Denied
EZYV5277,Asia,Master's,Y,N,5223,1972,West,35082.86,Year,N,Certified
EZYV20502,Europe,Bachelor's,Y,N,1407,2000,Northeast,955.736,Hour,Y,Denied
EZYV7453,Asia,High School,Y,N,3917,1998,Midwest,76269.27,Year,Y,Denied
EZYV2502,Asia,Master's,Y,N,2583,2007,Midwest,40209.75,Year,N,Certified
EZYV14104,Europe,Doctorate,N,N,4080,1990,West,6778.45,Year,Y,Certified
EZYV9676,North America,Bachelor's,Y,N,79,2002,South,192084.37,Year,N,Certified
EZYV25117,Asia,Bachelor's,N,Y,309,1916,Northeast,40702.38,Year,Y,Certified
EZYV2227,Oceania,Master's,Y,N,1479,2000,Midwest,91379.06,Year,Y,Certified
EZYV20469,Asia,Bachelor's,Y,N,1018,1981,South,293.03,Year,Y,Denied
EZYV8583,North America,Bachelor's,Y,N,2032,1997,Northeast,75288.35,Month,Y,Denied
EZYV15927,Asia,Master's,N,N,551,1935,South,125.76,Hour,Y,Denied
EZYV18582,Europe,High School,N,N,435,2005,Midwest,25533.46,Year,Y,Certified
EZYV5296,North America,Bachelor's,N,N,48,2000,West,25858.96,Year,Y,Denied
EZYV19933,Asia,Master's,Y,N,1505,1977,West,45253.18,Year,Y,Denied
EZYV11760,North America,Bachelor's,N,Y,2762,1895,West,89569.7,Year,Y,Denied
EZYV1057,Asia,Master's,N,N,1764,1960,Northeast,8352.99,Week,Y,Denied
EZYV12425,Asia,Bachelor's,N,N,3072,1934,South,44914.0,Year,Y,Denied
EZYV5248,Asia,Master's,Y,N,3564,1996,Midwest,100743.27,Year,Y,Certified
EZYV12992,Europe,Bachelor's,N,N,3859,1961,West,66223.79,Year,Y,Certified
EZYV6484,North America,High School,Y,N,4771,1999,Northeast,112270.04,Year,N,Certified
EZYV3294,Asia,Doctorate,N,N,68241,1985,West,172382.79,Year,Y,Denied
EZYV20574,Europe,Doctorate,Y,Y,875,1996,Northeast,17855.89,Year,Y,Denied
EZYV10336,Asia,Doctorate,Y,N,1283,2013,Northeast,813.4899,Hour,Y,Certified
EZYV8378,Asia,Master's,Y,N,3994,2004,Midwest,153524.1,Year,N,Certified
EZYV15627,Asia,Master's,Y,N,743,2000,Midwest,269990.25,Year,Y,Certified
EZYV22862,Asia,Bachelor's,Y,N,2447,2000,West,115485.31,Year,Y,Denied
EZYV14309,Asia,Master's,Y,N,2262,1859,Midwest,88467.88,Year,Y,Certified
EZYV10705,Europe,Doctorate,N,N,9653,2003,West,24609.11,Year,Y,Certified
EZYV8191,Asia,Master's,Y,N,4783,1997,Northeast,227035.49,Year,Y,Certified
EZYV3869,Europe,Doctorate,N,Y,467,1991,West,63059.1,Year,Y,Certified
EZYV12900,North America,Master's,N,N,5220,1979,West,257966.97,Year,Y,Denied
EZYV10351,Europe,Master's,Y,N,921,1982,Northeast,34968.74,Year,Y,Certified
EZYV19066,North America,Master's,Y,N,1687,1977,South,90441.92,Year,Y,Certified
EZYV6966,Asia,High School,N,N,576,2009,Midwest,57231.03,Year,Y,Denied
EZYV15939,Asia,Master's,N,N,2710,2006,West,148959.2,Year,Y,Certified
EZYV102,Asia,Master's,Y,N,334,2007,Midwest,43421.88,Year,Y,Certified
EZYV23213,Asia,High School,N,N,1763,2003,South,48494.37,Year,Y,Denied
EZYV17963,Asia,High School,Y,N,2150,1945,Midwest,124940.96,Year,Y,Certified
EZYV18234,Asia,Bachelor's,Y,N,692,2009,West,62554.47,Year,Y,Denied
EZYV8624,South America,Bachelor's,N,N,2872,2003,South,105011.12,Year,Y,Certified
EZYV11844,North America,High School,Y,N,6522,2008,Northeast,59432.06,Year,Y,Denied
EZYV6600,Asia,Master's,Y,N,2385,1982,Northeast,201238.34,Year,Y,Certified
EZYV16432,Asia,High School,N,N,4294,2007,Midwest,196430.88,Year,Y,Denied
EZYV17448,Asia,Master's,N,N,2201,1971,West,51343.95,Year,Y,Denied
EZYV4958,Asia,High School,Y,N,614,1996,Midwest,150652.22,Year,Y,Denied
EZYV10733,North America,Master's,Y,N,1607,2004,South,38914.42,Year,N,Denied
EZYV2557,Europe,Bachelor's,N,N,2171,1998,Midwest,92076.68,Year,Y,Certified
EZYV3340,Asia,Bachelor's,N,N,3581,1996,South,179303.8,Year,N,Denied
EZYV24600,Europe,Master's,N,N,2810,2007,Northeast,67732.08,Year,N,Certified
EZYV3534,Asia,Bachelor's,Y,N,5045,1977,West,61905.11,Year,Y,Certified
EZYV4801,Africa,Master's,N,N,563,1993,South,71466.63,Year,Y,Certified
EZYV25369,North America,Master's,Y,N,2814,2000,Northeast,110763.74,Year,Y,Certified
EZYV14834,Asia,Master's,Y,N,1279,2007,Northeast,1221.08,Year,Y,Certified
EZYV9158,Asia,Bachelor's,N,N,3203,1850,South,124587.31,Year,Y,Certified
EZYV10100,Asia,Master's,N,N,2936,1969,West,17788.97,Year,Y,Certified
EZYV8525,Asia,Bachelor's,Y,N,1552,2004,Northeast,932.1547,Hour,Y,Denied
EZYV22220,Asia,Bachelor's,Y,Y,1388,1948,Northeast,21962.01,Year,Y,Certified
EZYV6864,Asia,Master's,Y,N,2902,2013,Midwest,84662.36,Year,Y,Certified
EZYV19206,Europe,Doctorate,N,N,4763,1990,West,18727.54,Year,Y,Certified
EZYV6081,North America,High School,Y,N,2082,1820,Northeast,3727.97,Year,Y,Certified
EZYV1898,Asia,High School,Y,N,364,2004,West,34532.03,Year,Y,Denied
EZYV14684,North America,Master's,N,Y,734,2006,West,53377.14,Year,Y,Certified
EZYV23078,Asia,Doctorate,Y,Y,4901,2004,West,179886.97,Year,N,Certified
EZYV18244,Asia,Master's,Y,N,2903,1999,Midwest,63220.75,Year,Y,Certified
EZYV2731,Asia,Bachelor's,N,Y,198,1925,Northeast,92203.62,Year,Y,Denied
EZYV4950,Asia,High School,N,Y,731,1996,South,997.6877,Hour,Y,Denied
EZYV12529,Asia,Bachelor's,N,N,2693,2006,Midwest,150371.94,Year,Y,Certified
EZYV9858,Asia,Master's,Y,N,3729,1998,South,95435.32,Year,Y,Certified
EZYV19610,Asia,Bachelor's,N,N,1502,1969,South,618.1654,Hour,Y,Certified
EZYV20046,Europe,Doctorate,Y,N,914,1809,Northeast,33116.0,Year,Y,Certified
EZYV4550,Asia,Master's,Y,N,2750,1909,Northeast,159140.16,Year,N,Certified
EZYV13300,Asia,Master's,Y,N,235,1998,Midwest,105717.97,Year,Y,Certified
EZYV12839,Asia,High School,Y,N,3622,2002,South,742.6434,Hour,Y,Denied
EZYV8013,Asia,Bachelor's,N,N,432,1890,South,128.27,Hour,Y,Denied
EZYV17347,North America,High School,Y,N,5083,1973,Northeast,8850.1,Year,Y,Certified
EZYV10513,Europe,Bachelor's,Y,Y,2961,1996,South,51979.59,Year,Y,Denied
EZYV8760,Africa,Master's,Y,N,2385,2013,West,93065.51,Year,Y,Certified
EZYV10195,Asia,Master's,Y,Y,803,1993,West,36335.72,Year,Y,Certified
EZYV1794,Asia,Master's,Y,N,3496,2002,Northeast,67351.42,Year,Y,Certified
EZYV19264,Asia,Master's,Y,N,773,1946,South,267189.12,Year,Y,Certified
EZYV14389,North America,Master's,Y,N,2895,1998,Northeast,681.5492,Hour,Y,Denied
EZYV5255,Europe,Doctorate,N,N,257,2015,Northeast,553.6915,Hour,Y,Certified
EZYV1134,Asia,Master's,N,N,2004,2003,South,116179.43,Year,N,Certified
EZYV16990,Asia,Bachelor's,N,N,74639,2012,Northeast,57526.33,Year,Y,Denied
EZYV16707,Europe,Bachelor's,N,N,3371,2007,Northeast,427.8691,Hour,Y,Denied
EZYV2825,Asia,High School,Y,N,2174,1968,West,311.3324,Hour,Y,Denied
EZYV12757,Asia,Master's,N,N,3737,1818,West,251014.23,Year,Y,Denied
EZYV19405,North America,Master's,N,N,5083,2004,Midwest,69795.02,Year,Y,Denied
EZYV17024,Asia,Master's,Y,N,5807,2001,South,70857.73,Year,Y,Certified
EZYV17774,Asia,Master's,N,Y,1533,2004,South,200914.45,Year,Y,Certified
EZYV24735,Asia,Master's,Y,N,5141,2004,Northeast,35033.89,Year,Y,Certified
EZYV516,Asia,Master's,Y,N,288,1997,South,85004.99,Year,Y,Certified
EZYV14640,South America,Bachelor's,Y,N,42444,2010,Midwest,14581.15,Year,Y,Certified
EZYV4734,Asia,Master's,N,N,104,1920,South,68923.18,Year,N,Certified
EZYV10186,Asia,Bachelor's,Y,N,3424,2009,West,109689.36,Year,Y,Denied
EZYV14672,Europe,Doctorate,N,N,2610,1883,Northeast,20044.97,Year,Y,Certified
EZYV8469,Asia,Bachelor's,Y,N,1270,1977,West,92441.52,Year,Y,Denied
EZYV1132,Asia,High School,N,N,1644,1999,Midwest,129136.93,Year,Y,Certified
EZYV2316,North America,High School,Y,Y,120,2012,Northeast,45079.13,Year,Y,Certified
EZYV19945,Asia,Bachelor's,Y,N,2519,2005,South,144896.2,Year,Y,Denied
EZYV22132,Asia,Bachelor's,Y,N,2411,2011,Northeast,69193.61,Year,Y,Denied
EZYV6362,Asia,Master's,Y,N,1903,1976,Northeast,75127.44,Year,Y,Certified
EZYV23305,Asia,Bachelor's,N,Y,540,1863,South,215800.83,Year,Y,Certified
EZYV888,Asia,Master's,N,N,2323,1989,Midwest,109033.72,Year,Y,Certified
EZYV2630,Asia,High School,N,N,3227,1845,Northeast,933.976,Hour,Y,Denied
EZYV13096,Asia,Master's,Y,N,2420,1872,Northeast,86266.26,Year,Y,Certified
EZYV21297,Asia,Bachelor's,Y,N,323,1986,Midwest,115140.04,Year,Y,Certified
EZYV16815,Asia,Master's,Y,N,2855,1982,West,105065.6,Year,N,Certified
EZYV24778,Europe,Bachelor's,N,N,678,2003,West,1114.39,Year,Y,Certified
EZYV4845,Asia,High School,Y,N,1612,1999,Midwest,89004.98,Year,Y,Denied
EZYV3792,North America,Bachelor's,N,Y,4275,1919,West,3673.32,Year,Y,Denied
EZYV25456,South America,Bachelor's,N,N,24335,1993,Midwest,97393.49,Year,Y,Certified
EZYV11020,Asia,High School,N,N,710,1928,Midwest,92290.35,Year,Y,Denied
EZYV11184,Europe,Master's,N,N,1255,2005,West,105691.4,Year,Y,Denied
EZYV22725,Asia,Bachelor's,Y,N,1656,2001,Northeast,225036.07,Year,Y,Certified
EZYV17924,Europe,Doctorate,N,N,844,1952,West,42413.53,Year,Y,Certified
EZYV713,Europe,Doctorate,Y,N,2050,1999,Northeast,24439.18,Year,Y,Certified
EZYV14643,Europe,Master's,Y,N,2391,2006,West,143933.16,Year,Y,Certified
EZYV1614,Asia,Bachelor's,Y,N,1438,1911,West,133493.49,Year,Y,Certified
EZYV16454,Asia,Bachelor's,N,N,4120,2003,West,100759.08,Year,Y,Certified
EZYV25235,Asia,High School,N,N,27783,2006,Northeast,62252.38,Year,Y,Certified
EZYV16262,Asia,High School,Y,N,4003,1979,South,37307.76,Year,Y,Certified
EZYV12922,Asia,Bachelor's,N,N,2834,1978,South,128911.54,Year,Y,Certified
EZYV5610,North America,Bachelor's,Y,N,4244,2002,West,85876.28,Year,N,Denied
EZYV3013,Asia,Doctorate,Y,N,420,2007,Northeast,56289.55,Year,Y,Certified
EZYV13792,Europe,Master's,Y,N,3098,2001,South,12896.35,Year,Y,Certified
EZYV3060,North America,High School,N,N,2437,1998,Midwest,109949.91,Year,N,Denied
EZYV3536,North America,Bachelor's,Y,N,3127,1997,Northeast,116737.45,Year,Y,Certified
EZYV13215,Asia,Bachelor's,Y,N,2161,1848,South,47932.09,Year,Y,Certified
EZYV16801,Europe,Bachelor's,Y,N,4312,1924,West,30099.84,Year,Y,Certified
EZYV5731,Asia,High School,N,N,399,2006,Midwest,151692.73,Year,Y,Denied
EZYV12734,Africa,Master's,Y,N,2110,1999,Northeast,17054.94,Year,Y,Certified
EZYV24923,Asia,Master's,Y,N,4247,2007,Northeast,46829.34,Year,Y,Certified
EZYV1273,Asia,Master's,Y,N,772,2003,Midwest,53013.1,Year,N,Certified
EZYV24748,North America,Master's,N,N,182,1977,West,961.735,Hour,Y,Certified
EZYV3987,Europe,Bachelor's,Y,N,4196,1928,West,54902.11,Year,Y,Certified
EZYV12604,Europe,Master's,Y,N,4327,1915,West,11974.36,Year,Y,Certified
EZYV24481,Asia,Bachelor's,Y,N,819,1871,West,28226.79,Year,Y,Certified
EZYV11475,Asia,High School,Y,N,1335,1948,West,45422.18,Year,Y,Denied
EZYV18849,Asia,Bachelor's,N,N,121722,1997,West,97370.57,Year,Y,Denied
EZYV9005,South America,Bachelor's,N,N,759,2004,Northeast,14092.3,Year,Y,Denied
EZYV16849,Europe,Bachelor's,Y,N,2344,1942,West,28740.68,Year,Y,Certified
EZYV7757,Asia,Bachelor's,Y,N,121,1953,West,58879.71,Year,Y,Denied
EZYV13287,Asia,Bachelor's,Y,N,3662,1998,South,89795.56,Year,Y,Certified
EZYV6857,Europe,High School,Y,N,366691,2010,West,30868.9,Year,Y,Denied
EZYV21949,Asia,Master's,Y,N,2113,1901,West,120681.32,Year,N,Certified
EZYV15260,Asia,Bachelor's,N,N,3207,1986,West,116472.15,Year,Y,Certified
EZYV17334,Africa,High School,Y,N,2971,1998,Northeast,78341.93,Year,Y,Certified
EZYV14392,Asia,Master's,Y,N,372,1972,South,110095.25,Year,Y,Certified
EZYV19513,Asia,Bachelor's,N,N,824,1854,West,102.19,Hour,Y,Denied
EZYV25051,Asia,Doctorate,N,N,1413,2012,Northeast,140942.76,Year,N,Certified
EZYV13189,Asia,High School,Y,N,4013,1982,Northeast,173.24,Hour,Y,Denied
EZYV6045,Asia,Master's,Y,N,2387,1951,Northeast,39359.68,Year,Y,Certified
EZYV22009,Asia,Master's,N,N,1460,1984,Midwest,84588.46,Year,Y,Certified
EZYV20561,Asia,Bachelor's,Y,N,614,2008,Northeast,60164.02,Year,Y,Certified
EZYV5381,South America,Master's,N,N,2202,2001,Midwest,10767.77,Year,Y,Certified
EZYV19807,Africa,Bachelor's,Y,N,346,1997,South,127828.06,Week,Y,Certified
EZYV23327,North America,Bachelor's,N,N,169,2008,Northeast,159.09,Hour,Y,Denied
EZYV9882,Asia,Bachelor's,N,Y,1847,2003,Northeast,58049.13,Year,Y,Certified
EZYV2803,Europe,Bachelor's,N,Y,1113,1954,South,15197.7,Year,Y,Certified
EZYV21818,Asia,Bachelor's,Y,N,5582,1999,South,28310.81,Year,Y,Certified
EZYV20251,Asia,Master's,Y,N,1190,2005,Northeast,85658.81,Year,Y,Certified
EZYV5943,Asia,Bachelor's,N,N,4365,1996,Northeast,31883.0,Year,Y,Certified
EZYV18751,Asia,Bachelor's,N,N,3430,1976,Northeast,118086.76,Year,N,Denied
EZYV4712,Asia,Bachelor's,Y,N,1709,1982,Midwest,137014.97,Year,Y,Denied
EZYV5394,Europe,Bachelor's,N,N,4044,2005,Northeast,59344.38,Year,Y,Denied
EZYV618,Asia,Bachelor's,Y,N,3960,1968,West,35911.81,Year,Y,Certified
EZYV22431,Asia,Master's,Y,N,769,1949,South,104292.98,Year,Y,Certified
EZYV11068,North America,High School,Y,N,385,1824,Northeast,58.3954,Hour,Y,Denied
EZYV15582,South America,Bachelor's,Y,N,1608,2001,South,491.1004,Hour,Y,Certified
EZYV16216,Asia,Master's,Y,N,3386,2000,Northeast,92980.77,Year,Y,Certified
EZYV21961,Asia,Master's,Y,N,30722,1995,Northeast,48162.64,Year,N,Certified
EZYV11253,North America,Master's,N,N,866,2010,South,40224.34,Year,Y,Certified
EZYV6615,South America,High School,Y,N,1304,1990,West,147.7032,Hour,Y,Certified
EZYV1839,North America,Bachelor's,Y,N,4297,1986,South,42039.37,Year,Y,Certified
EZYV11039,Asia,Master's,Y,N,5388,2006,West,12316.36,Year,Y,Certified
EZYV3397,Asia,Master's,Y,N,1877,1847,Midwest,258292.84,Year,Y,Certified
EZYV13963,North America,High School,Y,N,2611,2012,Island,78954.88,Year,Y,Denied
EZYV5988,Asia,Master's,Y,N,2690,2007,West,85269.34,Year,Y,Certified
EZYV1182,Asia,Bachelor's,N,N,342,1843,Midwest,48931.21,Year,Y,Certified
EZYV871,Asia,Bachelor's,Y,N,1153,1995,West,103164.26,Year,Y,Certified
EZYV12300,Asia,High School,N,N,4455,1999,Midwest,157805.89,Year,Y,Denied
EZYV14644,Asia,Doctorate,Y,N,1090,1982,South,42143.81,Year,Y,Certified
EZYV5591,Asia,Bachelor's,N,N,2378,2000,South,85684.72,Year,Y,Certified
EZYV995,Asia,Bachelor's,Y,N,273,2001,West,56495.99,Year,Y,Certified
EZYV21254,Europe,Doctorate,Y,N,959,2013,West,1380.46,Year,Y,Certified
EZYV20615,Europe,Doctorate,Y,N,11013,2001,Northeast,2864.21,Year,Y,Denied
EZYV21326,Asia,Bachelor's,Y,N,1567,2007,South,8217.06,Year,Y,Certified
EZYV5485,Europe,Master's,Y,N,3405,2011,South,29151.32,Year,Y,Certified
EZYV17371,Asia,Doctorate,Y,N,2300,1999,Northeast,50565.64,Year,Y,Certified
EZYV15319,Asia,Bachelor's,N,N,737,2007,Northeast,137382.63,Year,Y,Denied
EZYV11915,Asia,Bachelor's,Y,N,1255,1924,Midwest,41310.35,Year,Y,Certified
EZYV6193,Asia,Doctorate,N,N,2345,2009,West,91818.62,Year,Y,Certified
EZYV21582,Asia,High School,Y,Y,1066,1911,South,6247.61,Year,N,Certified
EZYV4797,Asia,Bachelor's,Y,Y,3707,1984,South,61346.55,Year,Y,Denied
EZYV12828,Asia,Master's,N,N,973,1957,West,40061.46,Year,Y,Certified
EZYV487,Asia,Master's,N,N,3267,2003,South,161738.67,Year,Y,Certified
EZYV20126,Asia,Master's,Y,N,2817,2006,Northeast,60676.15,Year,Y,Denied
EZYV21201,Europe,Doctorate,N,N,4689,2003,West,198146.37,Year,Y,Certified
EZYV1545,Asia,High School,N,N,3882,1975,West,47084.35,Year,Y,Denied
EZYV2506,Asia,Bachelor's,Y,N,1838,2009,West,108861.91,Year,Y,Certified
EZYV10442,Oceania,High School,Y,N,3834,2012,South,101733.69,Year,Y,Denied
EZYV11882,Asia,Bachelor's,Y,N,30908,1996,West,45194.97,Year,Y,Denied
EZYV7584,South America,Master's,Y,N,4820,1985,Northeast,246806.65,Year,N,Certified
EZYV10342,Asia,Master's,Y,N,3117,1873,West,104978.87,Year,Y,Certified
EZYV6833,North America,Master's,Y,N,1666,1869,Northeast,30452.7,Year,Y,Denied
EZYV14014,North America,Bachelor's,N,N,1791,1970,Northeast,747.7824,Hour,Y,Denied
EZYV17432,North America,High School,Y,Y,3190,1874,South,87582.84,Year,Y,Certified
EZYV25148,South America,Bachelor's,N,N,869,2010,Northeast,85388.53,Year,Y,Denied
EZYV7635,Asia,High School,N,N,555,1978,Northeast,62238.02,Year,Y,Denied
EZYV24178,Asia,Bachelor's,Y,N,1628,1996,Northeast,167842.46,Year,Y,Certified
EZYV10161,Asia,Bachelor's,Y,N,12153,1997,West,73686.8,Year,Y,Certified
EZYV17161,Asia,Bachelor's,N,Y,1939,1980,South,194545.72,Year,Y,Denied
EZYV11166,Asia,Bachelor's,N,N,429,2006,Northeast,140684.51,Year,Y,Certified
EZYV21932,North America,Bachelor's,N,N,2815,1883,Northeast,39.8843,Hour,Y,Certified
EZYV24526,South America,Bachelor's,N,N,2075,1958,Northeast,612.6968,Hour,Y,Certified
EZYV24315,Asia,Bachelor's,Y,N,2893,2002,South,46294.88,Year,Y,Certified
EZYV22666,Asia,Master's,N,N,773,2008,South,159862.65,Year,Y,Certified
EZYV8909,Asia,Doctorate,N,N,1428,1982,West,82714.59,Year,Y,Certified
EZYV23559,Asia,Bachelor's,Y,N,1339,2007,Northeast,94603.13,Year,N,Certified
EZYV11112,North America,Bachelor's,Y,Y,987,1961,South,64279.29,Year,Y,Denied
EZYV6842,Asia,Doctorate,Y,Y,1770,2012,West,124709.19,Year,Y,Certified
EZYV4483,North America,Master's,Y,N,5495,2005,South,118334.04,Year,Y,Certified
EZYV15792,North America,Bachelor's,N,N,302,1936,South,80243.94,Year,Y,Denied
EZYV3286,Asia,High School,Y,N,6292,2001,Northeast,20195.36,Year,Y,Denied
EZYV19362,Asia,Master's,N,Y,2923,1983,Northeast,89410.52,Year,Y,Certified
EZYV23864,Asia,High School,Y,N,4174,1818,West,41220.11,Year,Y,Denied
EZYV20450,Asia,Bachelor's,N,N,1176,2001,South,45747.08,Year,Y,Denied
EZYV6341,Asia,Bachelor's,N,N,229,2005,Northeast,439.0866,Hour,Y,Denied
EZYV5376,Asia,Master's,Y,N,1031,2009,Island,53864.14,Year,Y,Certified
EZYV3239,Asia,Bachelor's,N,N,3300,1993,Northeast,116801.81,Year,Y,Denied
EZYV13891,Asia,Bachelor's,Y,N,607,2000,Northeast,104110.64,Year,Y,Certified
EZYV7424,Asia,High School,N,N,1129,1999,West,88514.13,Year,Y,Denied
EZYV11656,Asia,High School,N,N,2478,1953,Northeast,846.9207,Hour,Y,Denied
EZYV9790,Europe,Bachelor's,N,N,1094,2005,South,109203.04,Year,Y,Denied
EZYV17711,Asia,Master's,Y,N,3750,1992,West,104989.15,Year,N,Certified
EZYV105,Asia,Master's,Y,N,306,2003,Northeast,95200.86,Year,N,Certified
EZYV5955,Asia,Doctorate,Y,N,5394,1971,Northeast,59562.69,Year,Y,Certified
EZYV3836,Asia,Bachelor's,Y,N,18460,1989,West,955.07,Year,Y,Denied
EZYV18444,Asia,Doctorate,Y,N,242,1865,Midwest,33935.88,Year,Y,Certified
EZYV4601,Asia,Bachelor's,Y,N,389,2009,West,83766.6,Year,Y,Denied
EZYV8281,Europe,Doctorate,Y,N,4916,2008,Northeast,32459.98,Year,Y,Certified
EZYV5771,Asia,Bachelor's,Y,N,2624,2013,Northeast,29350.94,Year,Y,Certified
EZYV5043,Asia,Bachelor's,Y,N,1300,1982,West,35896.25,Year,Y,Denied
EZYV18231,Asia,Bachelor's,N,N,789,1961,Northeast,102746.71,Year,N,Denied
EZYV4536,Asia,Bachelor's,N,Y,4001,1973,Northeast,35315.64,Year,Y,Denied
EZYV3260,South America,High School,Y,N,10768,1946,Northeast,105.96,Hour,Y,Certified
EZYV21257,Asia,Master's,N,N,4575,2008,West,76327.31,Year,N,Certified
EZYV17132,Asia,High School,Y,N,300,1992,South,65114.98,Year,Y,Certified
EZYV20788,Asia,Master's,Y,N,97,2003,South,150107.26,Year,Y,Certified
EZYV20727,South America,Bachelor's,N,N,3683,2004,West,53769.67,Year,Y,Certified
EZYV16103,Asia,Bachelor's,Y,Y,3146,2003,West,32973.26,Year,Y,Denied
EZYV8124,Africa,High School,Y,N,101,1967,Midwest,53862.32,Year,Y,Denied
EZYV13146,North America,Bachelor's,Y,N,2703,2007,West,84088.75,Year,Y,Certified
EZYV16605,Asia,Bachelor's,Y,N,3891,1990,Midwest,20463.38,Year,Y,Certified
EZYV3258,Asia,Bachelor's,Y,N,2033,2002,West,281832.93,Year,Y,Certified
EZYV20070,Asia,High School,N,N,252,2001,South,5598.29,Year,Y,Certified
EZYV13194,Asia,Bachelor's,N,N,544,1830,West,36518.31,Year,Y,Denied
EZYV14605,Europe,Bachelor's,Y,N,2455,1969,Northeast,108609.91,Year,Y,Certified
EZYV20924,Europe,Master's,Y,N,38,2006,West,3642.07,Year,Y,Certified
EZYV17665,North America,Bachelor's,N,N,237,1966,West,109814.84,Year,N,Denied
EZYV10777,North America,High School,N,N,1046,1999,West,660.5249,Hour,Y,Denied
EZYV17750,Asia,Master's,N,N,11444,2013,Midwest,481.3452,Hour,Y,Certified
EZYV22100,Asia,Master's,Y,N,4345,1989,South,60048.45,Year,N,Certified
EZYV9335,Asia,Bachelor's,N,N,1809,2003,West,131764.85,Year,Y,Denied
EZYV10118,North America,Bachelor's,N,N,6351,2010,West,88156.87,Year,Y,Certified
EZYV22573,Asia,Bachelor's,Y,N,4622,1907,Midwest,23890.6,Year,Y,Certified
EZYV7073,Asia,High School,N,Y,519,2001,South,51284.84,Year,Y,Denied
EZYV16205,Asia,Bachelor's,Y,N,793,2010,South,100743.36,Year,Y,Certified
EZYV696,Europe,Bachelor's,N,N,5980,1986,Northeast,106725.35,Year,Y,Certified
EZYV11596,Asia,High School,Y,N,4558,1965,Midwest,45377.81,Year,Y,Denied
EZYV15909,Asia,Master's,N,N,2596,1999,Northeast,54347.45,Year,Y,Denied
EZYV5004,Asia,Bachelor's,N,N,235,1976,Midwest,145722.19,Year,Y,Certified
EZYV11658,Europe,High School,N,N,1061,1855,South,84452.71,Year,Y,Denied
EZYV22709,Asia,Master's,Y,N,1060,1978,South,117098.49,Year,Y,Certified
EZYV5431,Asia,Master's,Y,N,5710,1850,Northeast,57543.86,Year,Y,Certified
EZYV23392,North America,Master's,N,N,232,1984,South,95220.83,Year,Y,Denied
EZYV22892,Asia,Bachelor's,Y,N,4940,2008,Northeast,37015.54,Year,Y,Certified
EZYV12766,Asia,Master's,N,N,1175,1999,Midwest,85211.17,Year,Y,Certified
EZYV480,Asia,High School,Y,Y,2933,2001,West,28237.13,Year,Y,Denied
EZYV25081,Asia,Bachelor's,Y,Y,2492,2008,Northeast,97058.11,Year,Y,Certified
EZYV4042,Europe,Master's,N,N,1150,1968,West,28993.82,Year,Y,Certified
EZYV4264,Asia,Bachelor's,N,N,93,2006,West,59630.87,Year,Y,Denied
EZYV18946,Asia,Bachelor's,Y,N,4106,2003,Midwest,72082.38,Year,Y,Denied
EZYV4980,Asia,Master's,Y,N,2761,2002,Northeast,83269.02,Year,Y,Certified
EZYV21109,Asia,Master's,N,N,1843,1985,Midwest,117377.07,Year,N,Denied
EZYV11768,Europe,Doctorate,Y,N,3412,2010,South,14609.59,Year,Y,Certified
EZYV3904,Asia,High School,Y,N,909,2013,South,63945.17,Year,Y,Denied
EZYV1890,Asia,High School,N,N,1268,2012,South,234139.17,Year,Y,Certified
EZYV23095,Europe,Bachelor's,N,N,1762,1845,Northeast,79989.53,Year,Y,Certified
EZYV3818,Asia,Bachelor's,Y,N,1051,1999,South,852.32,Year,Y,Denied
EZYV8043,Asia,Bachelor's,N,N,2242,2001,South,155.0951,Hour,Y,Denied
EZYV25218,Asia,Bachelor's,N,Y,2393,1995,West,191745.22,Year,Y,Denied
EZYV24130,Oceania,Master's,Y,N,3182,2002,South,140541.17,Year,N,Certified
EZYV148,Asia,Master's,Y,N,472,2004,West,4787.43,Year,Y,Certified
EZYV11308,Asia,Bachelor's,N,N,1491,2001,South,948.0337,Hour,Y,Denied
EZYV3192,North America,Master's,Y,N,3375,1998,West,21681.15,Year,Y,Certified
EZYV2687,Asia,Doctorate,Y,N,4444,2004,Northeast,62675.26,Year,Y,Certified
EZYV4990,North America,Master's,Y,N,5557,1968,Northeast,15981.44,Year,Y,Certified
EZYV15641,Asia,High School,N,Y,163,1993,South,2309.93,Year,Y,Denied
EZYV13074,Asia,High School,Y,N,2090,2001,Midwest,82958.83,Year,Y,Denied
EZYV21133,Asia,Master's,N,N,3587,2010,South,67091.34,Year,Y,Certified
EZYV24597,Asia,Bachelor's,Y,N,616,1998,Midwest,58275.42,Year,Y,Certified
EZYV1492,Asia,Bachelor's,Y,N,1137,1900,West,72782.72,Year,Y,Certified
EZYV8623,Asia,Master's,Y,N,506,2012,South,80952.37,Year,Y,Certified
EZYV16941,Asia,Doctorate,N,Y,2134,2007,West,64393.06,Year,Y,Certified
EZYV7578,Asia,Master's,N,N,3205,2007,Northeast,50190.43,Year,N,Certified
EZYV10975,Asia,Bachelor's,N,N,1863,1998,South,83519.71,Year,N,Certified
EZYV15862,Asia,Bachelor's,N,Y,3275,1978,South,84203.35,Year,Y,Certified
EZYV25440,Asia,Bachelor's,N,N,17337,2006,South,34707.81,Year,Y,Certified
EZYV4819,Europe,Bachelor's,Y,Y,2522,1975,South,42842.74,Year,Y,Certified
EZYV7822,Asia,Master's,Y,N,4937,1903,Northeast,80981.93,Year,N,Certified
EZYV13050,North America,Bachelor's,N,N,2647,1959,Northeast,490.1982,Hour,Y,Certified
EZYV22906,Europe,Doctorate,N,N,5604,2001,Northeast,62388.78,Year,Y,Denied
EZYV1660,North America,Doctorate,N,Y,1326,1972,West,48296.42,Year,Y,Denied
EZYV20196,Asia,Bachelor's,Y,N,894,2000,South,113545.6,Year,Y,Certified
EZYV16875,Asia,High School,Y,N,2632,2001,West,69624.68,Year,Y,Denied
EZYV12903,Europe,Bachelor's,Y,N,2104,2001,Northeast,65245.85,Year,Y,Certified
EZYV21814,Asia,Bachelor's,N,N,3160,2004,Midwest,22957.74,Year,Y,Denied
EZYV13202,Asia,Bachelor's,N,N,4961,1904,Northeast,145208.38,Year,Y,Certified
EZYV4861,Asia,Bachelor's,Y,N,1220,1981,South,70710.61,Year,Y,Certified
EZYV1556,North America,Doctorate,Y,Y,3478,1997,Northeast,13391.34,Year,Y,Certified
EZYV18680,North America,High School,N,N,3017,1987,Northeast,20080.94,Year,Y,Certified
EZYV4710,Asia,High School,Y,N,1035,2012,Midwest,39060.85,Year,Y,Denied
EZYV7132,Asia,Master's,N,N,4200,1976,West,60708.26,Year,N,Certified
EZYV21002,Asia,Bachelor's,Y,N,1948,1960,Northeast,39501.8,Year,Y,Certified
EZYV4655,Asia,Master's,N,Y,961,2005,West,195883.8,Year,Y,Denied
EZYV6187,Asia,Master's,Y,N,2386,2008,Northeast,418.8264,Hour,Y,Certified
EZYV1195,Asia,Master's,Y,N,760,1989,Midwest,223128.23,Year,Y,Certified
EZYV5563,Asia,Doctorate,N,N,3214,1986,Northeast,19.3731,Hour,Y,Certified
EZYV21300,North America,Doctorate,Y,N,1763,1865,West,55913.78,Year,Y,Certified
EZYV6283,North America,Bachelor's,N,N,3445,2009,Northeast,451.5117,Hour,Y,Certified
EZYV898,Asia,Bachelor's,Y,N,802,2006,South,91167.64,Year,Y,Certified
EZYV3362,North America,Master's,Y,N,1354,1998,South,112522.92,Year,Y,Certified
EZYV22561,North America,Bachelor's,Y,N,4992,2008,South,14804.19,Year,Y,Certified
EZYV18569,Asia,Bachelor's,Y,N,2767,1855,South,86340.98,Year,Y,Certified
EZYV18148,Europe,Doctorate,N,N,3618,1987,South,44389.03,Year,Y,Certified
EZYV4108,Asia,Bachelor's,Y,N,3558,1919,West,106308.21,Year,N,Certified
EZYV3319,Europe,Doctorate,Y,N,627,1876,Northeast,94042.93,Year,Y,Certified
EZYV21127,Asia,Master's,N,N,768,2007,Northeast,121109.74,Year,N,Certified
EZYV13471,Asia,Bachelor's,Y,N,5159,1991,West,110219.12,Week,Y,Certified
EZYV15734,Asia,Master's,Y,N,5364,2004,Northeast,60451.84,Year,Y,Certified
EZYV4580,Asia,Bachelor's,Y,N,3950,1979,Midwest,50305.68,Year,Y,Certified
EZYV7741,Asia,Bachelor's,Y,Y,5289,1920,Midwest,103540.51,Year,Y,Denied
EZYV24270,Asia,Bachelor's,N,Y,1923,1997,West,54646.11,Year,Y,Certified
EZYV24293,Asia,Master's,Y,Y,2006,1970,Northeast,35188.38,Year,Y,Denied
EZYV2225,Asia,High School,Y,Y,2310,1997,Northeast,32932.77,Year,Y,Denied
EZYV22321,North America,Bachelor's,Y,N,3736,2007,West,75070.04,Year,Y,Certified
EZYV23634,Asia,High School,Y,N,2941,1985,South,90876.86,Year,N,Denied
EZYV7810,Asia,Master's,N,N,1047,1907,Midwest,36410.6,Year,N,Certified
EZYV13825,North America,Master's,Y,N,30615,2004,South,132187.31,Year,Y,Certified
EZYV17469,Asia,Bachelor's,N,N,2036,1985,West,137390.97,Year,Y,Denied
EZYV5187,Asia,Master's,Y,N,3412,1976,South,73482.24,Year,Y,Certified
EZYV15876,North America,Bachelor's,N,N,41551,1888,Northeast,274.7333,Hour,Y,Denied
EZYV23082,Europe,Doctorate,N,Y,2271,2000,Midwest,86930.85,Year,Y,Certified
EZYV11509,North America,Master's,Y,N,621,1976,Northeast,39526.46,Year,N,Certified
EZYV17923,Asia,Bachelor's,N,N,1867,1996,South,60490.62,Year,Y,Certified
EZYV10117,North America,Bachelor's,Y,N,100,2004,South,37798.6,Year,Y,Certified
EZYV22024,Asia,Bachelor's,Y,N,3743,1978,Northeast,107.36,Hour,Y,Denied
EZYV24193,North America,Doctorate,N,N,3558,2006,South,122784.9,Year,Y,Certified
EZYV12376,Asia,High School,N,Y,2353,2002,South,88854.13,Year,Y,Denied
EZYV6647,Africa,High School,Y,N,2205,2006,Midwest,46590.87,Year,Y,Denied
EZYV15230,Asia,Master's,Y,N,2044,1984,West,248533.33,Year,Y,Certified
EZYV21498,North America,Doctorate,N,N,1031,1989,South,308.3561,Hour,Y,Certified
EZYV828,Europe,Bachelor's,Y,Y,2861,1987,South,101072.99,Year,Y,Certified
EZYV15207,North America,Master's,N,N,3745,1968,Northeast,140657.03,Year,N,Denied
EZYV11038,Asia,Bachelor's,Y,N,3725,1993,Midwest,134790.91,Year,Y,Certified
EZYV5749,Asia,Bachelor's,Y,N,1285,1995,West,509.5368,Hour,Y,Denied
EZYV3031,Europe,Master's,Y,N,3394,1959,Northeast,100470.66,Year,Y,Certified
EZYV18252,Europe,Doctorate,Y,N,3207,1839,Northeast,104368.64,Year,Y,Certified
EZYV8083,Europe,Master's,Y,N,5009,1930,West,20923.14,Year,Y,Certified
EZYV18653,Asia,Bachelor's,Y,N,5968,1992,West,28510.01,Year,Y,Certified
EZYV13322,Asia,Bachelor's,Y,N,1693,1977,West,3546.21,Year,Y,Certified
EZYV9082,Asia,Master's,N,N,301,1968,Midwest,158537.93,Year,Y,Certified
EZYV15112,Asia,Master's,N,Y,3940,1986,Northeast,452.1367,Hour,Y,Certified
EZYV813,Asia,Bachelor's,N,N,2945,1986,Northeast,185.2334,Hour,Y,Denied
EZYV11477,Asia,Bachelor's,N,Y,616,1998,West,117580.38,Year,Y,Certified
EZYV11125,North America,Master's,Y,N,3115,1999,South,306206.67,Year,N,Denied
EZYV20902,Asia,Master's,N,N,4793,1979,Northeast,178481.26,Year,N,Certified
EZYV19238,North America,Bachelor's,Y,N,1249,1971,West,35516.37,Week,Y,Certified
EZYV9778,Asia,Master's,N,N,3764,1969,South,126243.05,Year,N,Certified
EZYV22605,Europe,Bachelor's,Y,N,513,1996,West,111533.56,Year,Y,Certified
EZYV12986,Europe,Doctorate,N,N,438,2005,Midwest,707.13,Year,Y,Certified
EZYV4570,Asia,High School,N,N,2733,2001,South,119529.62,Year,Y,Denied
EZYV13130,Asia,Master's,Y,N,653,1998,South,160556.98,Year,N,Certified
EZYV24985,Asia,Bachelor's,Y,N,11866,1998,West,120770.38,Year,Y,Certified
EZYV6033,Asia,Bachelor's,Y,N,651,2008,Northeast,40712.98,Year,N,Certified
EZYV15284,Asia,High School,N,N,118,1994,Northeast,140567.55,Year,Y,Denied
EZYV19495,Asia,Bachelor's,Y,N,3684,1999,Midwest,46558.83,Year,Y,Certified
EZYV18797,Asia,High School,Y,N,1614,1873,Midwest,95839.99,Year,Y,Denied
EZYV13640,Asia,Master's,N,N,2153,2002,Midwest,133235.42,Year,Y,Certified
EZYV8705,Asia,High School,Y,N,1753,2007,Midwest,123380.14,Year,Y,Denied
EZYV8556,Asia,Bachelor's,Y,N,4805,2009,Northeast,81428.85,Year,Y,Certified
EZYV16944,Asia,Master's,N,N,1456,2001,Northeast,118.29,Hour,Y,Denied
EZYV24083,Asia,Bachelor's,N,N,1085,1989,Northeast,88534.57,Year,Y,Denied
EZYV1781,Asia,Bachelor's,N,N,2640,1994,Northeast,93989.87,Year,N,Denied
EZYV22288,Europe,Bachelor's,Y,Y,34,1970,South,124973.21,Year,Y,Certified
EZYV5584,South America,Doctorate,N,N,1765,1871,West,83195.51,Year,Y,Certified
EZYV12688,Europe,Bachelor's,Y,Y,4798,1977,Northeast,6742.92,Year,Y,Denied
EZYV934,Asia,Master's,Y,N,4257,1960,South,58820.08,Year,Y,Certified
EZYV1729,Asia,Bachelor's,Y,N,2246,2000,South,118389.78,Year,N,Certified
EZYV1221,Europe,Master's,N,Y,1858,1989,Northeast,53366.36,Year,Y,Certified
EZYV2865,Asia,High School,Y,N,2012,2010,West,216708.74,Year,N,Denied
EZYV9415,Asia,Bachelor's,N,Y,1892,1977,South,55257.68,Year,Y,Certified
EZYV13446,Asia,Master's,N,N,3095,2001,Midwest,42142.55,Year,Y,Denied
EZYV10456,Asia,Master's,Y,N,3392,1985,Northeast,18674.63,Year,Y,Certified
EZYV9077,Asia,High School,Y,N,3196,1996,Midwest,59193.43,Year,Y,Denied
EZYV18030,Asia,Bachelor's,Y,Y,1459,2002,South,886.6149,Hour,Y,Denied
EZYV13932,North America,High School,Y,N,1585,1997,Northeast,430.25,Hour,Y,Denied
EZYV3724,Asia,Bachelor's,N,N,1720,1998,Northeast,105040.96,Year,Y,Denied
EZYV14593,Asia,Master's,Y,N,2333,1984,South,130.63,Hour,Y,Certified
EZYV7049,Oceania,Master's,N,N,4207,2000,West,58701.76,Year,N,Certified
EZYV1271,Asia,Bachelor's,Y,N,946,2008,Northeast,24127.86,Year,Y,Certified
EZYV10403,Asia,Master's,Y,N,186,1977,Northeast,138795.91,Year,Y,Certified
EZYV3844,Asia,Master's,Y,N,4050,1868,Midwest,19189.62,Year,Y,Certified
EZYV3919,North America,High School,N,N,477,1979,West,268.7924,Hour,Y,Denied
EZYV4005,Asia,High School,N,N,5167,1971,South,419.1893,Hour,Y,Denied
EZYV4393,Asia,Bachelor's,Y,N,1435,2010,Midwest,48974.94,Year,Y,Certified
EZYV2108,Asia,Bachelor's,N,Y,3037,2009,West,56741.44,Year,Y,Denied
EZYV19325,Europe,Master's,N,N,2972,1883,West,49953.9,Year,Y,Certified
EZYV13298,Asia,Bachelor's,N,N,12,2008,West,148920.43,Year,Y,Certified
EZYV5354,Europe,Bachelor's,Y,N,1195,2005,Northeast,139001.46,Year,Y,Certified
EZYV4316,Asia,Bachelor's,Y,Y,2913,2008,South,66153.49,Year,Y,Certified
EZYV5720,Asia,Doctorate,N,N,421,1998,Northeast,154.42,Hour,Y,Certified
EZYV8478,Europe,Bachelor's,Y,N,15626,2001,West,11071.89,Year,Y,Certified
EZYV3544,Asia,Bachelor's,N,N,410,1999,Northeast,43523.61,Year,Y,Denied
EZYV21159,South America,High School,Y,Y,2384,2010,Northeast,51517.11,Year,Y,Certified
EZYV11164,Asia,High School,Y,N,1723,1968,South,28301.07,Year,Y,Denied
EZYV7788,South America,Bachelor's,Y,N,5270,2007,West,46459.91,Year,Y,Certified
EZYV17769,Asia,Master's,N,N,2309,2004,Northeast,151380.94,Year,Y,Certified
EZYV19251,Asia,High School,N,N,3702,2008,Northeast,124129.32,Year,N,Denied
EZYV10082,Asia,Master's,N,N,1418,1978,South,939.1964,Hour,Y,Certified
EZYV6448,Asia,High School,Y,N,1189,1996,Island,69191.57,Year,Y,Denied
EZYV13813,Europe,Bachelor's,N,N,2295,1911,West,38038.5,Year,Y,Certified
EZYV16977,Africa,Master's,N,N,746,1951,South,78365.08,Year,Y,Certified
EZYV19099,Europe,Bachelor's,Y,N,1493,1974,West,75097.17,Year,Y,Certified
EZYV15051,Asia,Bachelor's,Y,N,3437,2007,Northeast,42185.68,Year,Y,Certified
EZYV19045,Asia,Master's,N,N,263,1994,Midwest,92848.49,Year,Y,Certified
EZYV21302,North America,Master's,N,N,20315,1998,Northeast,615.1306,Hour,Y,Certified
EZYV10154,Asia,Bachelor's,N,Y,4819,2001,West,142940.99,Year,Y,Certified
EZYV10430,North America,Bachelor's,Y,N,5871,1980,West,98264.58,Year,Y,Certified
EZYV12488,South America,Bachelor's,N,N,986,1981,West,105497.22,Year,Y,Certified
EZYV25288,Asia,High School,N,N,3084,1869,South,115337.75,Year,Y,Denied
EZYV5094,Asia,Bachelor's,Y,N,7991,1933,Northeast,155532.92,Year,Y,Certified
EZYV14831,Asia,Bachelor's,Y,N,2489,2004,Island,95667.83,Year,Y,Certified
EZYV11209,Asia,Master's,Y,N,4522,2009,Northeast,4978.95,Year,Y,Certified
EZYV11773,Europe,High School,N,Y,1691,1987,Northeast,92137.75,Year,Y,Denied
EZYV12428,Asia,Master's,N,N,1782,2013,South,66446.73,Year,Y,Denied
EZYV18110,Asia,Master's,N,N,2076,2008,Midwest,11582.63,Year,Y,Certified
EZYV15666,Asia,Doctorate,Y,Y,321,1897,South,119206.29,Year,Y,Certified
EZYV8394,Asia,High School,Y,N,2271,1978,Northeast,91637.13,Year,Y,Denied
EZYV14626,Asia,Doctorate,N,N,2375,2011,West,31576.24,Year,Y,Denied
EZYV14078,South America,Bachelor's,Y,N,3419,2008,Midwest,27533.65,Year,Y,Denied
EZYV22115,North America,Master's,Y,N,1377,2012,South,145103.79,Year,Y,Certified
EZYV2507,North America,Master's,Y,N,4104,1999,West,121384.75,Year,Y,Certified
EZYV3330,North America,Bachelor's,N,N,13708,2014,Northeast,98713.68,Year,Y,Denied
EZYV21031,Europe,Doctorate,Y,N,3372,2010,Northeast,33041.91,Year,Y,Certified
EZYV18388,Asia,Bachelor's,Y,N,2662,1977,West,112661.84,Year,Y,Denied
EZYV3253,Asia,Bachelor's,Y,N,1555,2007,South,17412.32,Year,Y,Certified
EZYV11502,Asia,Bachelor's,Y,N,646,1883,South,63766.42,Year,Y,Denied
EZYV16415,Asia,Bachelor's,Y,N,4009,2011,West,825.47,Year,Y,Certified
EZYV1114,Asia,Master's,Y,N,123,1945,West,115757.29,Year,N,Certified
EZYV24297,Asia,Bachelor's,Y,N,1004,1997,South,42907.31,Year,Y,Certified
EZYV5140,Asia,Bachelor's,Y,N,782,2002,South,94169.82,Year,Y,Certified
EZYV4373,Asia,Bachelor's,Y,N,1212,1998,South,3566.95,Year,Y,Denied
EZYV12544,North America,Master's,Y,N,4319,2006,West,108862.17,Year,Y,Denied
EZYV24046,Europe,Master's,Y,N,5038,2007,South,34924.08,Year,Y,Certified
EZYV5846,Asia,Doctorate,N,N,2721,1951,Northeast,40040.45,Year,Y,Certified
EZYV25068,Asia,Master's,N,Y,1062,2012,South,52834.82,Year,Y,Certified
EZYV18362,Asia,Master's,N,N,439,1998,Northeast,40588.16,Year,Y,Certified
EZYV8939,Asia,Bachelor's,Y,N,2678,1986,West,181850.95,Year,Y,Certified
EZYV5493,Asia,Master's,N,N,4206,2006,South,135580.9,Year,N,Certified
EZYV23717,Asia,Bachelor's,N,N,646,2010,West,7062.26,Year,Y,Denied
EZYV13176,Asia,Master's,Y,N,135,1935,South,84161.73,Year,Y,Certified
EZYV19556,Asia,Bachelor's,Y,N,1628,2006,South,42972.11,Year,N,Certified
EZYV11816,North America,Master's,Y,N,195,2009,South,59.848,Hour,Y,Denied
EZYV1949,Africa,Master's,N,N,5935,2012,Midwest,67149.75,Year,Y,Certified
EZYV24621,Asia,Bachelor's,N,Y,1760,1946,West,83151.49,Year,Y,Denied
EZYV11714,Asia,Bachelor's,N,Y,1839,2012,Northeast,131408.95,Year,Y,Denied
EZYV4272,Africa,Bachelor's,Y,N,4338,1855,Midwest,144189.29,Year,Y,Certified
EZYV4273,North America,Master's,N,N,2623,2006,Northeast,103849.19,Year,Y,Denied
EZYV18289,Asia,High School,Y,N,1957,2011,Midwest,222511.73,Year,Y,Certified
EZYV2176,Europe,Bachelor's,Y,N,3355,2001,Midwest,56367.49,Year,Y,Certified
EZYV22361,Asia,Master's,Y,N,886,1986,West,23957.76,Year,Y,Denied
EZYV1514,Asia,Master's,N,Y,812,1997,Northeast,42976.82,Year,Y,Denied
EZYV14456,Europe,High School,N,N,572,2012,West,123040.54,Year,N,Denied
EZYV12537,Europe,Bachelor's,Y,N,4167,1984,West,79341.16,Year,Y,Certified
EZYV2893,South America,High School,N,Y,3172,1998,West,104855.95,Year,Y,Denied
EZYV12060,Asia,Doctorate,Y,N,1007,1925,West,109717.08,Year,Y,Certified
EZYV5613,Asia,Bachelor's,N,N,1386,2002,South,72059.02,Year,Y,Certified
EZYV15094,Africa,Bachelor's,Y,N,2841,1993,South,139487.13,Year,Y,Certified
EZYV891,Asia,Master's,N,N,1385,1968,West,45108.92,Year,Y,Denied
EZYV12741,Asia,Master's,N,N,484,2003,Midwest,65418.04,Year,Y,Certified
EZYV10155,Asia,Master's,Y,N,546,1965,South,82496.73,Year,N,Certified
EZYV3196,North America,Bachelor's,N,N,4004,1978,South,713.7807,Hour,Y,Denied
EZYV17538,Asia,High School,N,N,3325,2013,Northeast,92457.34,Year,N,Denied
EZYV12069,Asia,Master's,Y,N,2380,2005,South,10794.26,Year,Y,Certified
EZYV7341,Asia,High School,Y,N,2701,1980,Midwest,195534.18,Year,Y,Denied
EZYV2302,Asia,Bachelor's,N,N,2431,1954,West,68141.75,Year,Y,Denied
EZYV17601,South America,Doctorate,N,Y,516,2005,South,145878.28,Year,Y,Certified
EZYV11772,Asia,Bachelor's,Y,N,1005,1994,Midwest,73610.04,Year,Y,Denied
EZYV12748,Asia,Bachelor's,Y,N,304,2005,Northeast,13034.51,Year,Y,Certified
EZYV9317,South America,Bachelor's,Y,N,3394,1982,Northeast,46487.01,Year,Y,Certified
EZYV5592,Asia,Bachelor's,Y,N,1111,1998,West,62998.48,Year,Y,Certified
EZYV22711,Asia,Bachelor's,Y,Y,1598,2007,Island,142808.7,Year,Y,Certified
EZYV15055,Asia,Doctorate,Y,N,3266,1991,West,142128.23,Year,Y,Certified
EZYV4176,Asia,High School,N,N,1889,1988,Midwest,57227.79,Year,Y,Denied
EZYV9068,Asia,Bachelor's,N,N,2108,1959,Northeast,17831.22,Year,Y,Certified
EZYV14151,Europe,Doctorate,Y,N,4535,1962,West,65259.67,Year,Y,Certified
EZYV3811,Asia,Master's,Y,N,5049,1997,Northeast,28573.82,Year,Y,Certified
EZYV9821,Asia,High School,Y,N,3474,2001,South,4557.53,Year,Y,Denied
EZYV18115,Asia,High School,N,N,1046,2005,Midwest,148124.24,Year,Y,Certified
EZYV4959,Asia,Bachelor's,Y,N,3772,2005,West,51166.64,Year,Y,Certified
EZYV8316,Asia,Bachelor's,Y,Y,3170,2000,West,121745.99,Year,Y,Certified
EZYV3548,Asia,Bachelor's,N,N,1242,1998,Midwest,152320.28,Year,Y,Denied
EZYV8521,North America,Bachelor's,N,N,799,1992,West,101721.37,Year,Y,Denied
EZYV4435,North America,Bachelor's,Y,Y,724,1980,West,16230.33,Year,Y,Certified
EZYV17765,North America,Bachelor's,Y,N,1838,1902,South,842.1034,Hour,Y,Denied
EZYV3939,Asia,Bachelor's,N,N,2103,2007,South,38.9863,Hour,Y,Denied
EZYV6476,North America,Master's,Y,Y,1602,1940,Northeast,817.62,Year,Y,Certified
EZYV4960,Europe,Master's,N,N,4190,2015,South,14910.74,Year,Y,Certified
EZYV16306,Oceania,Master's,Y,N,1518,2010,South,417.8557,Hour,Y,Denied
EZYV19529,Asia,Master's,Y,N,238,1999,Midwest,11892.47,Year,Y,Certified
EZYV19528,North America,High School,Y,N,13339,2005,West,37203.11,Year,Y,Certified
EZYV12863,Asia,High School,N,N,2919,1998,Northeast,58035.72,Year,Y,Denied
EZYV22828,North America,Master's,Y,N,3585,2003,South,27248.21,Year,Y,Certified
EZYV11165,Oceania,Bachelor's,N,N,872,1819,Northeast,553.2211,Hour,Y,Certified
EZYV13386,Asia,Master's,Y,N,1645,1998,Midwest,37952.89,Year,Y,Certified
EZYV22676,Asia,Master's,N,N,21690,2014,Northeast,78195.17,Year,N,Certified
EZYV1629,Asia,Master's,N,N,3058,1994,Midwest,130860.17,Year,Y,Certified
EZYV5010,Asia,Master's,N,N,1879,2005,Midwest,54983.49,Year,Y,Certified
EZYV5271,Europe,Bachelor's,Y,N,964,2000,South,61788.85,Year,Y,Certified
EZYV8702,Europe,Master's,Y,N,3207,1991,West,4084.63,Year,Y,Certified
EZYV2797,Asia,High School,Y,Y,2486,1999,South,28657.34,Year,Y,Denied
EZYV14591,North America,Master's,Y,N,4812,1974,West,46697.95,Year,Y,Certified
EZYV13293,Europe,Master's,N,Y,1873,1979,South,64927.98,Year,Y,Certified
EZYV12566,Asia,Bachelor's,N,N,1833,2008,Midwest,75471.74,Year,Y,Certified
EZYV23505,Asia,Master's,N,N,816,1993,South,168100.14,Year,Y,Denied
EZYV15064,Europe,Doctorate,Y,Y,816,2001,South,132634.15,Year,Y,Certified
EZYV7886,Europe,Master's,Y,N,2184,2004,West,21722.59,Year,Y,Certified
EZYV5274,Asia,Bachelor's,N,N,635,2001,Northeast,116280.36,Year,Y,Certified
EZYV8880,Asia,Bachelor's,Y,Y,449,2012,West,92507.55,Year,Y,Denied
EZYV14318,Africa,Bachelor's,Y,N,686,1801,West,17261.3,Year,Y,Denied
EZYV24163,Asia,Master's,N,N,165,2006,South,115776.57,Year,N,Certified
EZYV17940,Asia,Master's,Y,N,1832,2013,Northeast,27589.21,Year,Y,Certified
EZYV5334,Asia,Bachelor's,N,N,494,2010,West,774.708,Hour,Y,Denied
EZYV19684,Asia,Bachelor's,Y,Y,1035,2012,South,132295.56,Year,Y,Certified
EZYV11631,Asia,Doctorate,N,N,2553,1915,West,75599.62,Year,Y,Certified
EZYV15600,Asia,Bachelor's,N,N,341,2006,Northeast,152132.98,Year,Y,Certified
EZYV12512,Asia,Master's,Y,N,3755,2000,Midwest,63158.35,Year,Y,Certified
EZYV479,Asia,Doctorate,Y,N,1337,1988,Northeast,89443.72,Week,Y,Certified
EZYV23090,South America,Master's,N,N,1011,1842,Northeast,781.5823,Hour,Y,Certified
EZYV983,Asia,Bachelor's,N,N,2824,2010,West,95016.97,Year,Y,Denied
EZYV9608,Asia,High School,N,N,523,2013,West,126352.88,Year,Y,Denied
EZYV2885,North America,Master's,N,N,5696,2001,Northeast,52561.22,Year,Y,Denied
EZYV16477,Asia,High School,N,N,12766,2006,Midwest,75635.89,Year,N,Certified
EZYV9469,Asia,Bachelor's,Y,Y,2438,2008,South,68418.0,Year,Y,Denied
EZYV8235,Asia,Bachelor's,Y,N,1840,2005,Northeast,403.334,Hour,Y,Certified
EZYV12805,Europe,Master's,Y,N,2064,2007,Midwest,12645.53,Year,Y,Certified
EZYV13476,Asia,Bachelor's,Y,N,682,2009,West,32770.88,Year,Y,Certified
EZYV23700,Asia,Bachelor's,Y,N,1050,2012,Northeast,232111.27,Year,Y,Certified
EZYV11172,Asia,Master's,Y,N,15325,1968,South,170255.29,Year,N,Denied
EZYV24567,Asia,Bachelor's,N,N,3918,2002,South,92622.89,Year,Y,Denied
EZYV7811,Asia,High School,N,Y,3230,2004,West,127475.66,Year,Y,Denied
EZYV20793,Asia,Bachelor's,Y,N,854,2011,Northeast,112967.31,Year,Y,Certified
EZYV5571,Asia,Master's,N,N,2029,1934,Northeast,110.28,Hour,Y,Certified
EZYV18514,Europe,Doctorate,Y,N,1536,1897,Northeast,4732.79,Year,Y,Certified
EZYV17287,Asia,Bachelor's,N,N,20076,2010,West,13987.72,Year,Y,Denied
EZYV20759,South America,Bachelor's,Y,N,5223,1823,Northeast,66324.78,Year,Y,Certified
EZYV23817,Asia,Master's,Y,N,104895,2006,Northeast,11949.71,Year,Y,Certified
EZYV11627,North America,Master's,Y,N,3386,1875,Midwest,80430.01,Year,Y,Certified
EZYV6021,North America,Bachelor's,Y,N,299,1970,Northeast,89574.66,Year,Y,Certified
EZYV4381,Asia,Bachelor's,Y,N,3935,1963,Northeast,53138.65,Year,Y,Denied
EZYV19363,South America,Doctorate,Y,N,1559,2001,Northeast,67323.96,Year,Y,Denied
EZYV568,Asia,Bachelor's,Y,N,2247,2003,Northeast,130563.12,Year,Y,Certified
EZYV24586,Asia,Bachelor's,Y,N,1359,1992,West,12900.55,Year,Y,Certified
EZYV13956,Asia,Bachelor's,Y,N,3753,2003,Northeast,72836.62,Year,Y,Certified
EZYV21913,Europe,Doctorate,Y,N,1712,2010,Northeast,28185.17,Year,Y,Certified
EZYV20384,Europe,Bachelor's,Y,N,1698,1968,West,67277.42,Year,Y,Certified
EZYV332,Europe,Bachelor's,N,N,2425,2008,South,83239.29,Year,Y,Certified
EZYV3132,Asia,Master's,Y,Y,3530,1968,Northeast,73918.6,Year,Y,Certified
EZYV18902,Asia,Bachelor's,N,N,2421,2003,West,39511.27,Year,Y,Certified
EZYV10221,Asia,Bachelor's,Y,N,2886,2003,Northeast,38251.72,Year,Y,Certified
EZYV22629,Asia,Master's,N,N,296,1875,Midwest,197601.44,Year,Y,Certified
EZYV7089,Asia,Bachelor's,Y,N,2216,1993,Northeast,124435.47,Week,Y,Certified
EZYV20135,Asia,Bachelor's,N,N,4781,2002,South,47276.26,Year,N,Certified
EZYV6622,Asia,Master's,Y,N,2131,1984,Midwest,99513.35,Year,N,Certified
EZYV11097,Europe,High School,Y,N,1219,2011,West,89274.52,Year,Y,Denied
EZYV17199,Europe,Bachelor's,Y,N,9239,1837,West,78101.27,Year,Y,Denied
EZYV13511,Asia,Master's,N,N,3165,1984,South,128245.38,Year,Y,Certified
EZYV5561,North America,Master's,N,N,4651,2012,South,126.86,Hour,Y,Denied
EZYV9034,Asia,Bachelor's,Y,N,3233,1997,West,87588.5,Year,Y,Certified
EZYV5885,Europe,Bachelor's,Y,N,4790,1984,Northeast,112292.14,Year,N,Certified
EZYV14548,Asia,Bachelor's,N,N,3862,1989,South,238165.9,Year,Y,Certified
EZYV9948,Asia,Bachelor's,N,N,4713,1997,South,57844.63,Year,Y,Certified
EZYV21502,Asia,Master's,Y,N,95881,1972,Northeast,131406.67,Year,Y,Certified
EZYV19675,North America,Bachelor's,Y,N,175,1838,West,58329.92,Year,Y,Certified
EZYV19323,Asia,Master's,Y,N,3887,2012,West,6049.16,Year,Y,Certified
EZYV2220,Asia,Master's,Y,N,3669,2007,Northeast,28152.1,Year,Y,Certified
EZYV25193,North America,Bachelor's,N,N,4692,1993,South,134526.41,Year,N,Denied
EZYV21420,Asia,Bachelor's,N,N,27673,2008,West,21927.94,Year,Y,Denied
EZYV13784,Asia,Doctorate,Y,N,2293,2002,Midwest,65184.47,Year,Y,Certified
EZYV12834,Asia,Master's,Y,N,1778,2011,Midwest,84855.8,Year,Y,Certified
EZYV6827,Europe,Bachelor's,Y,N,514,1978,West,18998.73,Year,Y,Certified
EZYV23281,North America,Bachelor's,Y,N,6008,2014,South,66434.77,Year,Y,Certified
EZYV4804,Asia,Master's,Y,N,2865,2000,Northeast,38585.11,Year,N,Certified
EZYV1817,North America,Bachelor's,N,N,4478,1982,Northeast,38225.16,Year,Y,Denied
EZYV11128,Asia,Bachelor's,N,N,4990,2001,Northeast,132488.3,Year,Y,Certified
EZYV15822,Asia,Bachelor's,Y,N,4034,2012,West,84907.0,Year,Y,Denied
EZYV24298,Asia,High School,Y,N,2011,1991,South,87795.55,Year,Y,Certified
EZYV17552,Asia,Bachelor's,Y,N,597,2009,South,80102.69,Year,N,Certified
EZYV8663,Europe,Doctorate,N,Y,2038,2008,Northeast,98692.58,Year,Y,Certified
EZYV22663,North America,High School,Y,N,782,1925,Island,152721.27,Year,Y,Certified
EZYV11261,Asia,Master's,Y,N,3785,1838,South,155577.64,Year,N,Certified
EZYV14240,Asia,Master's,Y,N,5091,1946,Midwest,141944.99,Year,N,Denied
EZYV17833,Europe,Doctorate,Y,N,111687,2009,West,36956.36,Year,Y,Certified
EZYV93,Asia,Bachelor's,N,N,3667,1970,Northeast,527.8901,Hour,Y,Denied
EZYV18809,Asia,Master's,N,Y,1372,2007,West,148985.61,Year,Y,Certified
EZYV22737,Asia,Bachelor's,N,N,3747,1994,West,56315.5,Year,Y,Certified
EZYV2984,Europe,Master's,N,N,4430,1985,West,73556.14,Year,Y,Certified
EZYV14013,Asia,Bachelor's,Y,N,2304,2012,West,68978.46,Year,Y,Denied
EZYV13452,Asia,Master's,N,N,3083,2009,South,131943.22,Year,N,Denied
EZYV11636,Africa,Master's,Y,N,775,1951,Northeast,80043.94,Year,Y,Certified
EZYV20009,North America,Bachelor's,Y,N,4468,2011,Northeast,28088.6,Year,Y,Certified
EZYV13393,Asia,Bachelor's,Y,N,2350,2006,South,62890.78,Year,Y,Denied
EZYV14748,North America,Bachelor's,Y,N,1063,1989,West,41079.5,Year,Y,Denied
EZYV3133,Asia,High School,N,N,6790,1998,Midwest,81298.12,Year,Y,Denied
EZYV9308,Asia,High School,N,N,2512,2006,Northeast,35344.42,Year,Y,Denied
EZYV3588,Asia,Bachelor's,Y,N,835,1987,Northeast,134462.14,Year,Y,Certified
EZYV8625,Asia,High School,Y,N,1387,1992,Northeast,17.5508,Hour,Y,Denied
EZYV368,Europe,Master's,Y,N,81379,1999,South,49256.63,Year,Y,Certified
EZYV14199,Asia,Bachelor's,Y,N,562,2004,Northeast,80261.62,Year,Y,Certified
EZYV10628,North America,Master's,Y,N,4584,1881,South,113330.48,Year,N,Certified
EZYV2248,Asia,Doctorate,Y,Y,1929,2012,South,148048.43,Year,Y,Certified
EZYV20810,Asia,High School,Y,Y,2132,1990,Northeast,79629.24,Year,Y,Denied
EZYV6556,Asia,Bachelor's,Y,N,3008,1984,Northeast,100.66,Hour,Y,Certified
EZYV23942,Europe,High School,N,Y,4528,2012,South,104836.59,Year,Y,Certified
EZYV13611,Asia,Bachelor's,N,N,5746,1991,Northeast,145475.92,Year,Y,Certified
EZYV15444,Asia,Bachelor's,Y,N,2568,1994,West,24461.65,Year,Y,Denied
EZYV8362,Asia,High School,N,N,4054,1925,Northeast,112267.09,Year,Y,Denied
EZYV23270,Asia,Bachelor's,N,Y,1303,1991,South,45235.75,Year,Y,Certified
EZYV9826,Europe,High School,N,N,1752,1989,West,7867.1,Year,Y,Denied
EZYV23953,Asia,Bachelor's,N,N,1037,2007,South,60480.29,Year,Y,Denied
EZYV8678,Asia,Doctorate,N,N,3292,2002,Midwest,121437.39,Year,Y,Certified
EZYV13390,North America,Master's,N,Y,2507,2001,South,482.7664,Hour,Y,Certified
EZYV21661,Europe,Doctorate,Y,N,3257,1913,West,52977.42,Year,Y,Denied
EZYV226,Asia,Bachelor's,Y,N,717,1998,Northeast,100379.63,Year,Y,Certified
EZYV17431,Asia,Master's,N,N,5097,1993,Northeast,131667.4,Year,N,Certified
EZYV19579,Asia,Bachelor's,N,Y,2334,2008,West,82768.11,Year,Y,Certified
EZYV18276,Asia,Master's,Y,N,1966,1977,Midwest,66977.23,Year,Y,Certified
EZYV18129,Asia,Master's,Y,N,1959,2009,South,76124.64,Year,N,Certified
EZYV7238,Asia,Master's,N,Y,617,2013,West,78524.33,Year,Y,Certified
EZYV10610,Asia,Master's,Y,N,4585,1997,South,4860.1,Year,N,Certified
EZYV9481,Asia,Bachelor's,N,N,170,1975,West,59154.8,Year,Y,Certified
EZYV14002,Africa,Master's,Y,N,2613,1999,Midwest,129698.52,Year,Y,Certified
EZYV6783,Asia,Bachelor's,Y,N,3087,2000,South,101799.39,Year,Y,Certified
EZYV2181,North America,Bachelor's,N,N,2723,1952,Midwest,104419.01,Year,Y,Certified
EZYV3087,Asia,Master's,N,N,1874,1968,Northeast,73162.96,Year,Y,Denied
EZYV14657,Asia,Bachelor's,N,Y,621,1881,South,36187.26,Year,Y,Certified
EZYV18017,North America,Master's,N,N,186,2014,South,92524.19,Year,N,Certified
EZYV3827,Asia,Doctorate,Y,N,153,2003,West,22781.06,Year,Y,Certified
EZYV23480,Asia,Bachelor's,N,N,1548,1995,Northeast,61570.41,Year,Y,Certified
EZYV6971,Asia,Master's,Y,N,3573,1995,Northeast,122293.19,Year,Y,Certified
EZYV4599,Asia,Bachelor's,Y,N,807,1885,Midwest,166149.89,Year,Y,Certified
EZYV22601,Europe,Bachelor's,N,N,173287,1997,South,91224.26,Week,Y,Certified
EZYV2851,Asia,High School,Y,N,8948,1948,Midwest,77330.43,Year,Y,Denied
EZYV13265,South America,High School,Y,N,3164,1870,Northeast,83540.67,Year,Y,Denied
EZYV15274,South America,Master's,Y,N,2423,1993,South,176975.96,Year,Y,Certified
EZYV6207,Asia,High School,N,N,1025,2000,Northeast,78103.74,Year,Y,Denied
EZYV12008,North America,Doctorate,Y,Y,416,2013,South,139413.91,Year,Y,Certified
EZYV8615,Asia,Master's,Y,N,3342,1995,Midwest,6927.76,Year,N,Certified
EZYV2767,Asia,Master's,Y,N,1999,1971,Northeast,264760.64,Year,Y,Certified
EZYV669,Asia,Bachelor's,Y,N,5660,2000,Northeast,64938.71,Year,Y,Certified
EZYV3123,Asia,Bachelor's,N,N,1983,2009,West,45894.58,Year,Y,Denied
EZYV14795,Asia,Bachelor's,N,N,426,1998,South,123688.44,Year,Y,Denied
EZYV16235,North America,High School,Y,N,121,1968,West,61149.76,Year,N,Certified
EZYV9735,Asia,Bachelor's,Y,N,2384,1839,Northeast,161716.89,Year,Y,Certified
EZYV9194,Asia,High School,Y,N,11337,1954,Northeast,140183.65,Year,Y,Denied
EZYV18915,Europe,Master's,Y,N,4754,1996,West,40771.68,Year,Y,Certified
EZYV5990,Asia,Master's,Y,N,5443,1845,West,49649.18,Year,Y,Certified
EZYV5848,Asia,Master's,Y,N,1387,2003,South,646.7635,Hour,Y,Certified
EZYV15784,Asia,High School,Y,N,4246,1976,Midwest,147957.44,Year,Y,Denied
EZYV5149,Europe,High School,N,Y,149,1906,Northeast,48962.2,Year,Y,Denied
EZYV13869,Europe,Master's,Y,N,3855,2005,West,134690.83,Year,N,Denied
EZYV21174,South America,Bachelor's,Y,N,1198,1963,Northeast,74318.66,Year,Y,Denied
EZYV21103,North America,Master's,N,N,1053,1993,Midwest,41255.31,Year,Y,Certified
EZYV19402,Asia,Master's,Y,N,2203,2001,South,383.38,Year,Y,Certified
EZYV19726,Asia,Bachelor's,N,Y,2228,2007,Northeast,17.8912,Hour,Y,Certified
EZYV18460,Asia,Master's,N,Y,1865,2010,Northeast,474.8156,Hour,Y,Denied
EZYV11206,Asia,Bachelor's,N,N,391,1969,West,72497.3,Year,Y,Certified
EZYV22785,Asia,Master's,Y,Y,2143,2010,South,113289.14,Year,Y,Certified
EZYV12849,Asia,Bachelor's,Y,Y,4563,1999,Northeast,144320.75,Year,Y,Certified
EZYV602,North America,Master's,Y,N,1469,1981,South,27978.08,Year,Y,Certified
EZYV4771,Asia,High School,Y,N,1189,1999,Northeast,508.8883,Hour,Y,Denied
EZYV22126,North America,High School,N,N,1535,2005,Northeast,110544.24,Year,Y,Denied
EZYV13410,Asia,Bachelor's,N,N,1637,2001,West,80098.63,Year,Y,Denied
EZYV10959,Asia,Master's,Y,N,1228,2005,Midwest,128505.27,Year,Y,Certified
EZYV190,Europe,Doctorate,Y,N,2540,2003,Midwest,29469.17,Year,Y,Certified
EZYV254,Europe,Master's,Y,N,5260,1994,West,91689.54,Year,Y,Certified
EZYV20418,South America,Master's,Y,N,18167,2000,Northeast,237.9818,Hour,Y,Certified
EZYV23359,South America,Master's,N,N,4763,2008,South,64428.8,Year,N,Certified
EZYV14196,North America,Master's,Y,N,1090,2001,West,774.9171,Hour,Y,Denied
EZYV23543,Asia,Bachelor's,Y,N,2758,1975,South,52189.74,Year,Y,Denied
EZYV11297,Asia,Master's,Y,N,2387,2007,Midwest,19467.21,Year,Y,Certified
EZYV21657,Europe,Master's,N,N,387,1999,South,103662.2,Year,Y,Certified
EZYV22012,Europe,Master's,N,N,18939,1986,West,187481.92,Year,Y,Certified
EZYV137,Asia,Master's,Y,N,1933,1839,Northeast,63896.35,Year,Y,Certified
EZYV15466,Asia,Bachelor's,Y,N,3131,1982,Midwest,81354.58,Year,Y,Denied
EZYV9135,Asia,Master's,N,N,622,1954,Midwest,32705.07,Year,N,Certified
EZYV1301,Asia,Master's,N,N,711,1991,South,81410.3,Year,Y,Certified
EZYV17409,Asia,Master's,Y,N,3177,1989,West,89655.93,Year,Y,Certified
EZYV5740,North America,Bachelor's,N,N,3219,1968,Northeast,163428.04,Year,Y,Denied
EZYV2643,Africa,Doctorate,N,N,2669,2001,South,76839.65,Year,Y,Denied
EZYV13674,Asia,Bachelor's,N,N,3613,2008,Midwest,93171.62,Year,Y,Certified
EZYV5532,Asia,Master's,Y,N,1393,2007,Midwest,50748.98,Year,Y,Certified
EZYV7256,Asia,Bachelor's,N,N,1673,2006,West,222457.51,Year,Y,Certified
EZYV11887,Asia,Master's,Y,N,2048,1959,Midwest,48373.2,Week,Y,Certified
EZYV22796,Asia,Doctorate,Y,N,2668,2009,Island,83225.58,Year,Y,Certified
EZYV1850,South America,Doctorate,N,Y,2624,1885,West,65366.06,Year,Y,Denied
EZYV14720,Asia,Master's,N,N,575,2008,Midwest,78791.12,Year,Y,Certified
EZYV20718,Asia,Bachelor's,Y,N,3935,1994,West,63634.36,Year,Y,Denied
EZYV8204,Asia,High School,N,Y,1699,1999,South,129897.06,Year,Y,Denied
EZYV23481,Asia,Bachelor's,Y,N,1246,2003,West,22221.29,Year,Y,Denied
EZYV20407,Asia,Master's,N,N,3114,1920,South,97670.03,Year,Y,Certified
EZYV1245,Asia,Bachelor's,Y,Y,3984,2005,South,212459.9,Year,Y,Certified
EZYV20453,Asia,High School,N,N,4219,2000,Midwest,124265.9,Year,Y,Certified
EZYV5637,Asia,Bachelor's,N,N,267,1997,Northeast,139404.91,Year,Y,Certified
EZYV11639,Asia,Bachelor's,Y,N,1428,2010,Northeast,77252.41,Year,Y,Denied
EZYV1346,Asia,Bachelor's,N,N,594472,1887,West,87144.2,Year,Y,Denied
EZYV19049,Asia,Master's,N,N,957,2007,South,72154.66,Year,Y,Certified
EZYV23777,Asia,High School,N,N,523,2003,South,202.4744,Hour,Y,Denied
EZYV12950,Asia,High School,N,N,804,1863,Midwest,117488.78,Year,Y,Denied
EZYV4977,Asia,Master's,Y,N,618,1939,Midwest,116585.34,Year,Y,Certified
EZYV15704,Europe,High School,N,N,280,1992,West,19040.92,Year,Y,Denied
EZYV9283,Asia,Master's,Y,N,5185,2008,Northeast,50268.99,Month,Y,Certified
EZYV22008,Asia,Master's,N,N,3331,2005,Midwest,116310.52,Year,Y,Certified
EZYV23884,Asia,Master's,N,N,1880,2008,Island,275211.23,Year,N,Certified
EZYV23214,North America,Bachelor's,Y,N,737,1988,Midwest,99590.36,Year,Y,Certified
EZYV5148,Asia,High School,Y,N,3333,2006,South,136387.31,Year,N,Denied
EZYV11956,Asia,Master's,Y,N,2077,2004,Midwest,127169.72,Year,Y,Certified
EZYV15804,Asia,High School,Y,N,5404,2000,Northeast,52562.41,Year,Y,Denied
EZYV16181,Asia,Bachelor's,Y,N,819,2009,West,45363.79,Year,Y,Certified
EZYV4573,North America,Master's,Y,N,3471,2007,South,63235.89,Year,Y,Certified
EZYV18573,Asia,Master's,Y,N,4047,2001,Midwest,118256.41,Year,Y,Certified
EZYV10038,Asia,Master's,N,N,1777,1996,Northeast,146558.42,Year,Y,Certified
EZYV13747,Asia,Master's,Y,N,46,2007,South,47971.34,Year,Y,Certified
EZYV8542,Asia,Bachelor's,Y,N,91,2004,Midwest,125601.58,Year,Y,Certified
EZYV23230,Asia,Bachelor's,Y,N,1214,1954,South,148751.04,Year,Y,Certified
EZYV9403,Asia,Bachelor's,Y,N,47123,2012,Northeast,102014.84,Year,Y,Denied
EZYV22052,Asia,Doctorate,Y,N,1977,2012,Northeast,117978.66,Year,Y,Certified
EZYV18294,Asia,Bachelor's,N,N,884,1997,South,26386.26,Year,Y,Certified
EZYV7900,Europe,High School,N,N,121550,1999,West,334.46,Year,Y,Denied
EZYV13012,Europe,Master's,N,N,2467,2008,Northeast,131945.47,Year,N,Certified
EZYV4447,Oceania,Master's,N,Y,487,2008,West,56307.58,Year,Y,Denied
EZYV13712,Asia,Bachelor's,Y,N,5080,1955,West,75935.68,Year,Y,Denied
EZYV7587,Asia,Master's,N,N,969,2010,Midwest,118490.7,Year,Y,Certified
EZYV20877,Asia,Bachelor's,Y,N,3238,2006,South,63312.76,Year,Y,Denied
EZYV12918,Asia,Bachelor's,N,N,725,1981,Midwest,149740.13,Year,Y,Certified
EZYV22331,Europe,Master's,Y,N,4143,2004,West,67349.98,Year,Y,Certified
EZYV3506,Asia,Bachelor's,N,N,3613,2004,Northeast,475.2464,Hour,Y,Denied
EZYV9533,Europe,Doctorate,Y,N,2883,1963,Northeast,138536.56,Year,Y,Certified
EZYV11334,Asia,Master's,Y,N,1830,2013,Midwest,83343.92,Year,Y,Certified
EZYV11570,North America,Master's,Y,N,3641,1998,Northeast,11641.2,Year,Y,Denied
EZYV8836,Asia,High School,N,N,4193,1979,South,65971.09,Year,Y,Denied
EZYV6348,Asia,Bachelor's,Y,N,2965,2011,West,68619.16,Year,Y,Certified
EZYV21757,Asia,Bachelor's,N,N,362,1986,Northeast,537.9665,Hour,Y,Denied
EZYV16414,Asia,High School,Y,N,163,2012,South,27511.54,Year,Y,Certified
EZYV18092,Asia,Bachelor's,N,N,2427,1847,South,147320.94,Year,Y,Denied
EZYV7956,Asia,Master's,Y,N,854,1992,Northeast,172331.56,Year,Y,Certified
EZYV14861,North America,Bachelor's,Y,N,1710,1997,Northeast,45698.43,Year,Y,Certified
EZYV214,North America,Master's,N,N,5396,1963,South,101399.51,Year,N,Certified
EZYV17233,North America,Master's,N,N,2233,1998,Midwest,10393.16,Year,N,Certified
EZYV13999,Asia,Master's,N,Y,2426,1996,South,220736.86,Year,N,Denied
EZYV10493,Asia,Master's,Y,N,3563,1998,Midwest,248076.5,Year,Y,Certified
EZYV8030,Asia,Master's,Y,N,2125,1995,West,69044.4,Year,Y,Certified
EZYV13339,Europe,Master's,Y,Y,3321,1979,West,108499.93,Year,Y,Certified
EZYV695,North America,High School,Y,N,1446,1988,Northeast,62273.39,Week,Y,Certified
EZYV19371,Asia,Master's,Y,N,2807,2008,Midwest,67355.43,Year,Y,Certified
EZYV15798,South America,Bachelor's,N,Y,4363,1997,West,93278.01,Year,Y,Denied
EZYV13174,Asia,Master's,Y,N,6440,2004,West,189007.33,Year,N,Certified
EZYV17007,Asia,Doctorate,Y,N,-11,1984,West,25753.51,Year,Y,Denied
EZYV3603,Asia,Doctorate,Y,N,3282,2011,South,67689.82,Year,N,Certified
EZYV12279,Asia,Master's,N,Y,487,1968,West,150989.46,Year,Y,Denied
EZYV15982,Asia,High School,N,N,28,1983,South,55649.16,Year,Y,Certified
EZYV15517,Asia,Bachelor's,Y,N,5271,1964,Northeast,37804.72,Year,Y,Certified
EZYV11731,Asia,Bachelor's,Y,Y,123,2004,West,142968.33,Year,Y,Denied
EZYV14592,South America,Master's,Y,N,1320,1899,West,99290.77,Year,Y,Denied
EZYV12949,Asia,Bachelor's,Y,N,2820,1847,West,52152.22,Year,Y,Denied
EZYV17672,Asia,High School,Y,Y,1534,2004,Island,66211.81,Year,Y,Certified
EZYV24870,Asia,High School,Y,N,3119,2000,Midwest,79875.86,Year,Y,Certified
EZYV17789,North America,Master's,Y,Y,4168,2010,South,38374.43,Year,Y,Certified
EZYV2428,Europe,High School,Y,N,800,1999,Northeast,45383.6,Year,Y,Denied
EZYV21923,Asia,High School,Y,N,318,2011,West,65704.9,Year,Y,Certified
EZYV18507,North America,Bachelor's,N,Y,4825,1997,West,91287.87,Year,Y,Certified
EZYV874,North America,Bachelor's,Y,N,6289,2004,Northeast,12759.63,Year,Y,Certified
EZYV6705,Asia,Doctorate,Y,N,2391,2001,Midwest,157163.1,Year,Y,Certified
EZYV6267,Asia,Bachelor's,Y,N,27195,1995,Midwest,63480.82,Week,Y,Denied
EZYV17561,North America,Master's,N,N,1351,1970,Island,95330.07,Year,Y,Certified
EZYV8009,North America,Master's,N,N,20988,1994,Northeast,317.718,Hour,Y,Denied
EZYV17374,Asia,Bachelor's,Y,N,2644,2002,Midwest,17707.11,Year,Y,Certified
EZYV6572,Asia,High School,Y,N,2567,1911,West,46822.65,Year,Y,Denied
EZYV1951,Asia,Master's,N,N,1806,2005,South,231834.72,Year,Y,Certified
EZYV12640,Asia,Master's,Y,N,216,2003,Northeast,63079.62,Year,Y,Certified
EZYV19502,North America,Master's,N,N,3465,2011,South,87568.23,Year,Y,Certified
EZYV7362,Asia,Doctorate,N,N,846,1942,Midwest,115472.07,Year,Y,Certified
EZYV16571,Asia,Bachelor's,N,N,3451,2010,Northeast,65566.28,Year,Y,Certified
EZYV18164,Europe,Master's,Y,N,1516,1839,West,49458.33,Year,Y,Certified
EZYV7304,Europe,Doctorate,Y,N,2020,1994,West,23734.75,Year,Y,Certified
EZYV14185,Asia,Bachelor's,Y,N,1580,2005,Midwest,52951.85,Year,Y,Certified
EZYV3109,North America,Master's,Y,N,2563,1855,Northeast,86528.21,Year,Y,Certified
EZYV24214,Asia,Master's,Y,N,2761,1946,Island,111277.71,Year,Y,Certified
EZYV2400,Asia,High School,Y,N,171,2005,West,48301.75,Year,Y,Denied
EZYV12341,Asia,Master's,Y,N,1429,2008,Midwest,188739.22,Year,Y,Certified
EZYV10932,Asia,Master's,Y,N,4231,2004,Northeast,6008.79,Year,Y,Certified
EZYV7739,Asia,Master's,N,N,5806,2006,South,83102.31,Year,N,Certified
EZYV16891,Europe,Bachelor's,N,Y,1902,1997,Northeast,111288.81,Year,Y,Certified
EZYV15832,Asia,Master's,N,N,501,2001,South,131659.26,Year,Y,Certified
EZYV10299,North America,High School,N,Y,3397,2007,South,55377.76,Year,Y,Denied
EZYV10141,Europe,Master's,N,N,293,1998,West,36588.64,Year,Y,Certified
EZYV8094,Europe,Master's,Y,N,6446,2002,Northeast,43227.13,Year,Y,Certified
EZYV19997,Asia,Master's,N,N,2611,1934,Northeast,67532.5,Week,Y,Certified
EZYV22577,Europe,Bachelor's,Y,N,3443,1988,South,80599.46,Year,Y,Certified
EZYV14128,Asia,Bachelor's,N,N,4034,2008,South,59954.94,Year,Y,Certified
EZYV12736,Asia,Bachelor's,Y,N,1382,1981,Northeast,11631.1,Year,Y,Denied
EZYV14752,Europe,Doctorate,N,Y,1034,1962,West,31124.89,Year,Y,Certified
EZYV12969,Asia,Doctorate,Y,N,3300,1975,South,18203.9,Year,Y,Certified
EZYV16051,North America,Doctorate,Y,N,3239,2009,South,75289.08,Year,Y,Certified
EZYV7081,Europe,Master's,Y,N,131,2005,Northeast,13582.88,Year,Y,Certified
EZYV10181,Asia,Doctorate,N,N,2705,1996,South,227441.23,Year,N,Certified
EZYV3669,Asia,Bachelor's,Y,N,3039,1998,Midwest,203720.04,Year,Y,Certified
EZYV22219,Europe,Master's,Y,N,2891,1989,Northeast,130631.87,Year,Y,Certified
EZYV11328,North America,Master's,N,N,1649,1981,West,519.1258,Hour,Y,Denied
EZYV8870,North America,Bachelor's,Y,N,4659,2008,Midwest,126721.77,Year,N,Certified
EZYV7187,Asia,Bachelor's,N,N,3086,1986,Northeast,118042.2,Year,Y,Certified
EZYV9454,Oceania,Master's,Y,Y,1680,1994,Northeast,252003.71,Year,Y,Denied
EZYV14679,North America,Master's,N,N,3682,1999,West,126.4943,Hour,Y,Denied
EZYV197,Europe,Master's,N,N,2689,1998,South,15814.94,Year,Y,Certified
EZYV7347,Europe,Doctorate,Y,N,2869,1999,South,12786.13,Year,Y,Certified
EZYV15767,Asia,Bachelor's,Y,N,1410,1997,West,153076.02,Year,Y,Denied
EZYV10567,Europe,High School,N,Y,2087,1855,South,69711.24,Year,Y,Denied
EZYV3464,Asia,Bachelor's,N,N,543,1817,Northeast,88883.53,Year,Y,Denied
EZYV22078,Asia,High School,Y,N,1331,1908,Midwest,100131.58,Year,Y,Certified
EZYV8912,Asia,Master's,N,N,79,1993,West,37340.0,Year,Y,Certified
EZYV20338,Asia,Master's,Y,N,5044,1917,Northeast,57063.51,Year,N,Denied
EZYV9395,North America,Master's,Y,N,2927,2010,South,24475.84,Year,Y,Certified
EZYV5937,Asia,Bachelor's,Y,N,2433,2008,South,62324.24,Year,Y,Denied
EZYV8079,Europe,Doctorate,N,N,1705,1977,South,72445.39,Year,Y,Certified
EZYV14813,Asia,Master's,Y,N,2251,1968,Midwest,88110.88,Year,Y,Certified
EZYV5649,Asia,High School,N,N,1884,1994,West,151611.86,Year,Y,Denied
EZYV16647,Asia,Master's,Y,N,1963,2008,West,280521.57,Year,Y,Certified
EZYV24384,Asia,Bachelor's,N,N,468,1996,South,130680.27,Year,N,Certified
EZYV14811,Asia,Master's,N,N,20134,2006,Northeast,318446.05,Year,Y,Certified
EZYV14297,Asia,High School,Y,N,1503,1994,South,152.7003,Hour,Y,Denied
EZYV21560,Asia,Doctorate,Y,N,197,2007,Northeast,42953.38,Year,N,Denied
EZYV5687,Asia,Bachelor's,Y,N,1311,2002,West,38870.56,Year,Y,Certified
EZYV997,North America,Master's,N,N,2294,2005,West,109711.81,Year,N,Denied
EZYV13167,Europe,Doctorate,Y,N,1450,1897,Northeast,17030.58,Year,Y,Certified
EZYV25342,Asia,High School,Y,N,688,1984,Midwest,153694.13,Year,Y,Certified
EZYV11921,Asia,Bachelor's,Y,N,397,2013,West,70115.93,Year,Y,Denied
EZYV8627,Europe,Bachelor's,Y,N,461527,2005,South,27597.39,Year,Y,Denied
EZYV5626,Asia,Bachelor's,N,N,727,2000,West,50149.33,Year,Y,Denied
EZYV25055,Asia,Bachelor's,Y,N,3297,1998,Midwest,144870.37,Year,N,Denied
EZYV5344,Asia,Bachelor's,Y,N,135,2012,West,104726.17,Year,Y,Denied
EZYV8428,Asia,Bachelor's,Y,N,1430,1994,South,112678.24,Year,Y,Certified
EZYV16709,Europe,Bachelor's,N,N,2484,1986,South,19050.75,Year,Y,Certified
EZYV21936,Asia,Master's,N,N,893,1889,Midwest,34117.11,Year,N,Certified
EZYV7241,Asia,Master's,N,N,31502,1868,Northeast,51025.89,Year,Y,Certified
EZYV18739,Asia,Master's,N,Y,1497,1962,West,99354.15,Year,Y,Certified
EZYV21665,Asia,High School,Y,N,445,1961,West,54913.07,Year,Y,Denied
EZYV23985,North America,Bachelor's,N,N,1144,1978,Northeast,276.5056,Hour,Y,Denied
EZYV5490,Asia,Master's,N,N,1325,2008,South,77437.08,Year,Y,Certified
EZYV7966,Asia,High School,Y,N,535,2012,Midwest,95990.83,Year,Y,Denied
EZYV24287,North America,High School,Y,Y,2334,1999,West,35569.92,Year,Y,Certified
EZYV13519,North America,Master's,Y,N,2935,1980,Midwest,27486.08,Year,Y,Certified
EZYV10280,Asia,Bachelor's,Y,Y,3434,1945,West,128766.79,Year,Y,Denied
EZYV15302,Europe,High School,N,N,5649,2000,West,31556.96,Year,Y,Denied
EZYV14791,Europe,Bachelor's,N,N,1718,2013,South,36205.27,Year,Y,Certified
EZYV22896,Asia,Bachelor's,Y,N,2760,2004,West,80740.55,Year,Y,Certified
EZYV10700,Asia,Bachelor's,Y,Y,93173,2001,South,65321.58,Year,Y,Certified
EZYV24460,Asia,Master's,N,N,838,2009,West,132681.91,Week,Y,Certified
EZYV5343,South America,High School,N,N,3565,1998,West,21229.16,Year,Y,Certified
EZYV12303,South America,Master's,Y,N,2304,1838,West,44182.92,Year,Y,Certified
EZYV6832,Asia,Master's,Y,N,2767,2008,South,73539.29,Year,Y,Certified
EZYV2625,Asia,Bachelor's,Y,N,2332,2001,Northeast,124235.53,Year,Y,Certified
EZYV1962,Asia,Bachelor's,N,N,2031,1918,Northeast,46326.49,Year,Y,Denied
EZYV3610,Asia,Bachelor's,Y,N,4079,2008,Midwest,115514.03,Year,N,Certified
EZYV18700,Asia,Bachelor's,Y,N,528,2007,West,40201.08,Year,Y,Certified
EZYV3586,Asia,Master's,Y,N,3558,2009,Midwest,130652.8,Year,Y,Certified
EZYV19860,Asia,Master's,Y,N,4592,1977,Northeast,125820.7,Year,Y,Certified
EZYV7475,Asia,Master's,N,N,183,1873,Island,39280.11,Year,Y,Certified
EZYV3267,North America,Master's,Y,N,3239,1991,Northeast,65010.83,Year,Y,Certified
EZYV21,Asia,Master's,N,N,880,2008,West,71128.98,Year,Y,Denied
EZYV15080,Europe,Master's,Y,Y,198,2010,Northeast,94542.72,Year,Y,Certified
EZYV5068,North America,High School,Y,N,1910,2007,Northeast,134309.77,Year,Y,Certified
EZYV19682,Asia,Bachelor's,Y,N,3390,2003,Northeast,95321.51,Year,Y,Certified
EZYV15447,Asia,Master's,Y,N,4513,1872,Northeast,17049.74,Year,N,Certified
EZYV14653,North America,Bachelor's,Y,N,668,2007,Northeast,52095.48,Year,N,Certified
EZYV4497,Europe,Bachelor's,Y,N,5394,2001,South,53809.81,Year,Y,Certified
EZYV14472,Asia,Bachelor's,Y,N,67,2009,Northeast,72264.25,Year,Y,Certified
EZYV19376,Asia,Bachelor's,N,N,1918,1987,Midwest,107282.01,Year,Y,Certified
EZYV20659,North America,Master's,Y,N,2702,2011,West,77058.55,Year,N,Certified
EZYV23734,Asia,Bachelor's,N,N,2182,1871,West,15368.62,Year,Y,Certified
EZYV13236,Asia,Master's,N,N,403,2009,Northeast,42111.36,Year,Y,Denied
EZYV21124,Asia,Master's,N,N,1415,1968,Midwest,3708.18,Year,N,Denied
EZYV4468,North America,Bachelor's,N,N,1339,2009,West,60165.78,Year,Y,Denied
EZYV24764,Asia,Doctorate,Y,N,4369,2005,Midwest,602.5751,Hour,Y,Certified
EZYV922,Asia,Master's,Y,N,4209,1940,South,71707.36,Year,Y,Certified
EZYV9852,Asia,Bachelor's,Y,N,4678,2000,Northeast,17300.37,Year,Y,Certified
EZYV7090,Europe,Bachelor's,Y,N,743,2007,West,253915.96,Year,N,Denied
EZYV22591,Europe,High School,Y,N,3822,1992,Northeast,112220.65,Year,Y,Certified
EZYV24229,Asia,Master's,Y,N,405,2003,South,117309.25,Year,Y,Certified
EZYV24421,Asia,Bachelor's,N,N,449,2001,Midwest,163088.46,Year,Y,Certified
EZYV24413,Africa,Master's,Y,N,2605,1909,Northeast,394.3561,Hour,Y,Denied
EZYV10274,Asia,Master's,Y,N,2089,2003,West,124525.47,Year,Y,Certified
EZYV15110,Asia,Bachelor's,Y,N,1626,2002,Midwest,85026.61,Year,Y,Denied
EZYV6549,Asia,Master's,Y,N,23,2010,South,63414.81,Year,Y,Certified
EZYV18859,Asia,Bachelor's,Y,N,143660,1993,Northeast,118327.7,Year,Y,Denied
EZYV4907,Asia,Bachelor's,Y,N,1978,1923,South,67981.68,Year,Y,Certified
EZYV1519,Asia,Bachelor's,N,Y,765,1962,Northeast,77697.21,Year,Y,Denied
EZYV7858,Oceania,Bachelor's,Y,N,607,2005,West,148912.29,Year,Y,Denied
EZYV9636,Asia,Master's,Y,N,257,2009,Midwest,51480.42,Year,Y,Certified
EZYV12239,Africa,Doctorate,Y,N,16,1985,West,12301.04,Year,Y,Certified
EZYV17305,North America,Bachelor's,N,N,3606,2008,West,72137.85,Year,Y,Certified
EZYV12672,Asia,Master's,Y,N,398,1995,South,917.2992,Hour,Y,Certified
EZYV5475,Asia,Bachelor's,Y,Y,2712,1985,West,107101.6,Year,Y,Certified
EZYV14785,Asia,Bachelor's,Y,N,282,2009,Northeast,74274.38,Year,Y,Denied
EZYV17995,Asia,Doctorate,Y,N,1656,2006,Northeast,63881.17,Year,Y,Certified
EZYV20079,Asia,Bachelor's,Y,N,1754,2001,West,89672.0,Year,Y,Denied
EZYV2673,Asia,Master's,Y,N,1341,2006,South,49402.34,Year,N,Certified
EZYV21389,Asia,Bachelor's,Y,Y,3971,1989,South,97151.94,Year,Y,Denied
EZYV24753,Asia,Bachelor's,Y,N,1742,1875,South,16925.4,Year,Y,Certified
EZYV2415,Asia,Master's,N,N,2686,2000,Midwest,234012.11,Year,Y,Certified
EZYV21517,Asia,Master's,Y,Y,11447,1994,Midwest,97031.67,Year,Y,Certified
EZYV10739,Oceania,Master's,N,N,17838,1916,Midwest,21601.82,Year,Y,Certified
EZYV21099,Asia,High School,Y,N,763,1995,South,95098.81,Year,Y,Certified
EZYV20031,Asia,Bachelor's,N,N,1651,1859,Midwest,47736.2,Year,Y,Certified
EZYV7262,North America,Master's,N,N,1454,2011,Northeast,44899.24,Year,Y,Certified
EZYV19757,Europe,Bachelor's,Y,N,594,2000,South,11082.06,Year,Y,Certified
EZYV5678,South America,High School,Y,N,1847,2007,South,504.8187,Hour,Y,Certified
EZYV20113,Asia,Master's,Y,N,4345,1918,Northeast,25535.59,Year,Y,Certified
EZYV13075,North America,Master's,N,N,487,1882,Midwest,211819.51,Year,N,Certified
EZYV16073,Asia,Bachelor's,Y,N,1624,1989,South,61512.15,Year,Y,Certified
EZYV21763,Asia,Bachelor's,N,N,1703,1985,Northeast,770.5779,Hour,Y,Denied
EZYV25256,Asia,Master's,N,N,144,2007,Island,135705.37,Year,Y,Certified
EZYV15676,Asia,Doctorate,Y,N,5334,2008,South,49284.93,Year,Y,Certified
EZYV11260,Asia,Bachelor's,Y,N,1586,1954,Northeast,31054.87,Year,Y,Denied
EZYV15943,North America,Bachelor's,N,N,1242,1984,South,454.0307,Hour,Y,Denied
EZYV24145,Asia,Bachelor's,Y,N,4437,2010,South,33719.85,Year,Y,Certified
EZYV5028,North America,Bachelor's,Y,N,2157,2012,West,41455.88,Year,Y,Denied
EZYV7476,Asia,Bachelor's,N,N,74,1951,Northeast,139144.05,Year,Y,Certified
EZYV18816,Asia,Bachelor's,N,N,1640,2011,South,205406.04,Year,Y,Certified
EZYV14385,Asia,Bachelor's,N,N,971,2009,South,130409.82,Year,Y,Certified
EZYV14689,Europe,Doctorate,Y,N,2131,1919,West,29423.23,Year,Y,Certified
EZYV19829,North America,Master's,N,N,720,2004,Midwest,133530.75,Year,Y,Certified
EZYV25397,Asia,Bachelor's,N,N,1755,1980,South,78572.3,Year,Y,Denied
EZYV6122,North America,Master's,N,N,953,2007,Northeast,373.7218,Hour,Y,Denied
EZYV19519,Asia,Doctorate,N,N,1826,1974,West,99957.65,Year,N,Certified
EZYV14226,Europe,High School,Y,Y,338,1913,Northeast,23641.27,Year,Y,Denied
EZYV20094,Asia,High School,N,Y,159,1977,South,117567.82,Year,Y,Certified
EZYV20526,Asia,Bachelor's,Y,N,1611,1997,Northeast,1330.22,Year,Y,Certified
EZYV19565,Oceania,Bachelor's,N,Y,1391,1996,South,57113.99,Year,Y,Certified
EZYV5363,Asia,Bachelor's,N,N,2690,2001,South,20314.12,Year,Y,Certified
EZYV5038,Asia,Bachelor's,Y,N,2960,1995,Midwest,99734.23,Year,Y,Certified
EZYV21965,Asia,Bachelor's,N,N,5590,1995,Midwest,95131.37,Year,Y,Certified
EZYV14957,Asia,Bachelor's,N,Y,1952,1985,West,77897.74,Year,Y,Certified
EZYV7967,Europe,Doctorate,N,N,4857,1885,West,28543.32,Year,Y,Certified
EZYV1457,Asia,Master's,Y,N,139,2010,West,95227.87,Year,Y,Certified
EZYV11744,North America,Bachelor's,Y,N,3062,2001,West,88731.14,Year,Y,Denied
EZYV16809,North America,Bachelor's,N,N,4014,1980,West,62043.21,Year,Y,Certified
EZYV12036,North America,Master's,N,N,2429,1989,South,149.86,Hour,Y,Denied
EZYV4231,Asia,Bachelor's,Y,N,416,1976,Northeast,543.7175,Hour,Y,Denied
EZYV14181,Asia,Master's,N,N,4763,1982,Midwest,108534.53,Year,Y,Certified
EZYV389,North America,Doctorate,N,N,1200,1996,Midwest,107875.51,Year,Y,Certified
EZYV6525,Asia,Bachelor's,Y,N,1074,1997,Northeast,164042.19,Year,Y,Denied
EZYV22880,Asia,Master's,N,N,3614,2013,Northeast,111.14,Hour,Y,Denied
EZYV2297,Asia,Doctorate,N,Y,3026,2001,South,94061.66,Year,Y,Certified
EZYV21152,Asia,Master's,Y,N,4133,1994,South,48863.44,Year,Y,Certified
EZYV23757,North America,Master's,N,N,880,1961,Northeast,496.3001,Hour,N,Denied
EZYV2886,Europe,Bachelor's,Y,N,3997,1912,West,43579.53,Year,Y,Certified
EZYV22391,North America,High School,N,N,2477,2008,Midwest,532.6818,Hour,Y,Denied
EZYV4791,North America,High School,Y,N,139451,1984,Northeast,57482.45,Year,Y,Certified
EZYV9445,Asia,Doctorate,N,Y,3720,1896,South,106988.22,Year,Y,Certified
EZYV18059,South America,Master's,Y,N,2474,1997,Northeast,336.7477,Hour,Y,Denied
EZYV23900,Europe,Master's,N,N,4557,1978,West,83149.47,Year,Y,Certified
EZYV5780,Asia,Bachelor's,Y,Y,1189,2013,West,68013.16,Year,Y,Certified
EZYV3171,Asia,Bachelor's,N,N,4396,1986,Midwest,58880.18,Year,Y,Denied
EZYV10498,Asia,Bachelor's,N,N,15097,1997,West,38600.3,Year,Y,Denied
EZYV23171,Asia,Bachelor's,Y,N,3617,1991,South,35862.09,Year,Y,Certified
EZYV3231,Asia,Master's,Y,N,2426,1977,West,140821.26,Year,Y,Certified
EZYV14723,Asia,Bachelor's,N,N,1467,2001,South,493.0842,Hour,Y,Certified
EZYV5399,Asia,Bachelor's,N,Y,103,1855,West,117982.36,Year,Y,Certified
EZYV5733,Asia,Master's,Y,N,1903,2004,Northeast,112623.74,Year,Y,Certified
EZYV8580,Asia,High School,Y,Y,3717,1994,South,74403.33,Year,Y,Denied
EZYV22414,Asia,Bachelor's,N,N,1274,2006,Northeast,53209.56,Year,Y,Certified
EZYV15986,Asia,Master's,Y,N,464,2007,West,114788.96,Year,Y,Certified
EZYV15702,North America,Master's,Y,N,4393,1997,Northeast,493.37,Year,Y,Denied
EZYV15965,Asia,Master's,N,N,170,1945,West,122013.08,Year,Y,Denied
EZYV14576,Africa,Bachelor's,Y,N,2230,1998,South,118.41,Hour,Y,Certified
EZYV20704,Asia,Doctorate,Y,N,2874,2007,South,110368.66,Year,Y,Certified
EZYV2230,South America,Master's,Y,N,869,1984,Midwest,34294.13,Year,Y,Certified
EZYV16074,Europe,Master's,N,N,3070,1996,West,9494.03,Year,Y,Certified
EZYV2807,Asia,Doctorate,Y,N,2140,1958,South,87737.39,Year,Y,Certified
EZYV642,Asia,Bachelor's,N,N,2652,2006,Northeast,94134.47,Year,Y,Denied
EZYV2520,Asia,Master's,Y,N,2454,2007,South,280661.13,Year,Y,Certified
EZYV6792,Asia,Bachelor's,N,Y,2036,1997,West,28580.39,Year,Y,Certified
EZYV15349,Europe,Bachelor's,N,N,53,1994,West,81219.22,Year,Y,Certified
EZYV11574,North America,Master's,Y,N,66,2011,Midwest,253698.68,Year,Y,Certified
EZYV12958,Asia,Bachelor's,Y,N,500,1989,Northeast,113418.8,Year,Y,Certified
EZYV18766,North America,Master's,Y,N,4742,2006,Midwest,7407.9,Year,Y,Certified
EZYV10752,Africa,Bachelor's,Y,N,20,2001,Northeast,111258.59,Year,Y,Certified
EZYV11365,Asia,Bachelor's,Y,N,2064,1847,South,189.0481,Hour,Y,Denied
EZYV4217,North America,Bachelor's,Y,N,74,2000,West,49575.84,Year,Y,Certified
EZYV7812,Asia,Bachelor's,Y,N,523,2003,West,50633.23,Year,Y,Denied
EZYV19647,Asia,Master's,N,N,2875,1999,Northeast,558.4323,Hour,Y,Denied
EZYV10262,Europe,Doctorate,Y,N,2983,2006,West,42160.9,Year,Y,Certified
EZYV11210,Asia,Bachelor's,Y,Y,1652,2012,South,4877.78,Year,Y,Denied
EZYV17623,Asia,High School,Y,N,4712,1971,South,59780.53,Year,Y,Certified
EZYV17195,Asia,Master's,Y,N,1394,2007,South,88770.22,Year,Y,Certified
EZYV12207,Asia,Master's,N,N,4994,1892,South,59890.78,Year,N,Certified
EZYV5487,South America,Doctorate,N,N,1512,1867,Northeast,139276.04,Year,Y,Certified
EZYV6518,Asia,High School,Y,N,6188,2006,Midwest,97570.45,Year,Y,Denied
EZYV9284,Asia,Master's,N,N,857,1981,Midwest,81785.13,Year,Y,Certified
EZYV22493,North America,Bachelor's,N,N,2193,2008,Midwest,35695.29,Year,Y,Certified
EZYV12103,Asia,High School,N,Y,808,1800,West,127303.96,Year,Y,Denied
EZYV1774,Europe,Bachelor's,Y,N,2054,2004,South,77357.77,Year,Y,Certified
EZYV15813,Asia,Master's,N,N,2525,2013,Midwest,92414.6,Year,Y,Certified
EZYV4852,Asia,Bachelor's,Y,N,346,1988,West,107861.36,Year,Y,Denied
EZYV7785,North America,Master's,N,N,893,1900,Midwest,74972.65,Year,Y,Denied
EZYV2144,North America,Bachelor's,Y,N,136307,1838,Northeast,113721.48,Year,Y,Certified
EZYV24119,South America,Master's,Y,N,3001,2001,Northeast,73751.23,Year,Y,Certified
EZYV2845,North America,Bachelor's,N,Y,52913,1998,South,80195.88,Year,Y,Denied
EZYV19531,North America,Master's,N,N,3412,2005,Northeast,19400.17,Year,N,Certified
EZYV19224,Asia,Bachelor's,Y,N,1758,1977,Midwest,63608.38,Year,Y,Certified
EZYV4724,South America,Master's,N,Y,17794,2005,South,33368.09,Year,Y,Certified
EZYV14514,Europe,Master's,N,N,1198,2008,Midwest,102034.54,Year,Y,Certified
EZYV3614,Asia,Master's,Y,N,6575,2005,South,121310.35,Year,N,Certified
EZYV6866,Asia,Bachelor's,N,N,2674,1988,Midwest,43281.36,Year,Y,Certified
EZYV19199,Asia,Bachelor's,Y,N,2159,2004,West,16056.01,Year,Y,Certified
EZYV11311,Asia,Bachelor's,N,Y,179,2010,South,85510.91,Year,Y,Certified
EZYV23525,Asia,Bachelor's,Y,N,2752,2005,West,17347.52,Year,Y,Denied
EZYV20496,Europe,Master's,N,N,3181,2005,Northeast,136603.07,Year,N,Certified
EZYV22851,North America,Master's,N,N,1164,2006,Northeast,85785.07,Year,Y,Certified
EZYV19173,Asia,Master's,N,N,3362,2003,Northeast,480.1643,Hour,Y,Denied
EZYV13920,Asia,Bachelor's,N,N,723,2006,Northeast,51399.08,Year,Y,Certified
EZYV11938,Asia,Bachelor's,N,Y,131738,1965,South,122062.41,Year,Y,Certified
EZYV13404,Asia,Bachelor's,N,N,4288,1995,Northeast,189.5454,Hour,Y,Denied
EZYV21607,Africa,High School,Y,N,448,1989,Midwest,69422.17,Year,Y,Certified
EZYV2110,Europe,High School,N,N,3533,1993,West,12647.14,Year,Y,Denied
EZYV233,Asia,Doctorate,Y,N,2098,2010,South,7794.05,Year,Y,Certified
EZYV16845,Asia,Bachelor's,Y,N,2939,2007,Northeast,89351.46,Year,Y,Certified
EZYV19712,Europe,Master's,Y,N,1380,2002,West,21464.83,Year,Y,Certified
EZYV11959,Asia,Bachelor's,Y,N,221303,1995,West,27920.24,Year,Y,Denied
EZYV7168,Asia,High School,Y,N,1676,2001,South,104652.75,Year,Y,Denied
EZYV19388,Europe,Doctorate,Y,N,3011,2004,West,33931.01,Year,Y,Certified
EZYV8401,Asia,High School,Y,N,4244,2003,Northeast,57006.56,Year,Y,Denied
EZYV12177,Oceania,Master's,Y,N,1131,2001,South,341.8027,Hour,Y,Certified
EZYV15581,Europe,Doctorate,Y,N,309,1999,West,36307.78,Year,Y,Certified
EZYV8984,Europe,Master's,N,N,1577,2001,South,47393.57,Year,Y,Certified
EZYV12237,Asia,Bachelor's,N,Y,385,1991,Northeast,51323.56,Year,Y,Certified
EZYV10758,Asia,Master's,Y,N,696,2013,Northeast,42278.32,Year,Y,Certified
EZYV470,North America,Master's,N,N,412,2010,West,27656.02,Year,Y,Denied
EZYV6132,Asia,Master's,Y,N,1470,1947,Northeast,25191.79,Year,Y,Certified
EZYV21929,Asia,High School,Y,N,2132,1962,South,93347.7,Year,Y,Certified
EZYV9782,Oceania,Master's,Y,N,530,1993,West,66412.32,Year,Y,Certified
EZYV740,Asia,High School,N,Y,819,2002,South,26055.3,Year,Y,Certified
EZYV6994,Asia,Master's,Y,N,649,2006,Northeast,4144.82,Year,Y,Certified
EZYV6145,Asia,Bachelor's,N,N,3415,1920,South,34796.5,Year,Y,Denied
EZYV23883,Asia,Bachelor's,N,N,2209,1933,Northeast,480.8811,Hour,Y,Certified
EZYV3549,North America,Master's,Y,N,3579,2001,South,10122.3,Year,Y,Certified
EZYV5001,Asia,Master's,N,N,972,1995,West,61196.16,Year,Y,Certified
EZYV2408,Asia,Bachelor's,N,N,1823,2006,South,67804.73,Year,Y,Certified
EZYV5534,Asia,Master's,Y,N,146,1998,South,61635.37,Year,Y,Certified
EZYV16274,Asia,Bachelor's,Y,N,3084,2008,Northeast,30642.2,Year,Y,Certified
EZYV17049,North America,High School,Y,N,1300,1988,Midwest,103907.63,Year,Y,Certified
EZYV11911,Europe,Doctorate,N,N,1581,1991,West,9748.39,Year,Y,Certified
EZYV14637,Europe,Bachelor's,Y,N,1777,2002,West,34508.24,Year,Y,Certified
EZYV1557,Asia,Bachelor's,N,N,878,2003,Midwest,66022.81,Year,Y,Certified
EZYV3585,Asia,Bachelor's,Y,N,3319,2007,South,15448.66,Year,Y,Certified
EZYV24027,Asia,High School,Y,N,1584,1987,Northeast,71652.43,Year,Y,Denied
EZYV8903,North America,Master's,N,N,1504,2010,Northeast,118187.3,Year,Y,Denied
EZYV16215,Europe,Master's,N,N,1238,1946,Northeast,135678.88,Year,Y,Certified
EZYV9988,Asia,Bachelor's,Y,N,786,2001,South,89608.82,Year,Y,Certified
EZYV9419,Asia,Master's,Y,N,2035,1998,South,56025.43,Year,N,Certified
EZYV6192,Asia,High School,Y,Y,3724,1977,Midwest,29480.3,Year,Y,Denied
EZYV1633,Asia,Bachelor's,Y,N,2575,1997,Northeast,55928.49,Year,Y,Certified
EZYV5441,North America,Master's,N,N,150,2004,Northeast,61406.91,Year,N,Certified
EZYV9597,Europe,Bachelor's,Y,N,1486,1997,West,103168.2,Year,Y,Certified
EZYV5949,Europe,Bachelor's,Y,N,3176,1994,West,77160.43,Year,Y,Certified
EZYV9950,Asia,Master's,N,N,2457,2011,West,79984.1,Year,N,Certified
EZYV3422,Asia,Master's,Y,N,57,1998,Midwest,84064.35,Year,Y,Certified
EZYV21953,Europe,Bachelor's,N,N,1854,1914,South,118482.92,Year,Y,Certified
EZYV12189,Asia,Bachelor's,N,N,354,1999,West,65529.45,Year,Y,Certified
EZYV8761,Asia,Master's,N,N,443,2008,Midwest,129462.04,Year,Y,Certified
EZYV22530,Asia,Bachelor's,Y,Y,4582,1968,West,68345.92,Year,Y,Certified
EZYV8881,South America,Master's,Y,N,232,2001,South,92542.35,Year,Y,Certified
EZYV24280,Asia,Bachelor's,N,N,2585,2005,Midwest,90321.05,Year,Y,Certified
EZYV6807,Asia,Master's,N,N,1128,2007,Northeast,162354.7,Year,N,Certified
EZYV8164,Asia,Master's,Y,N,3119,2006,Island,155918.24,Year,N,Certified
EZYV13208,Africa,Master's,N,N,2942,2011,Northeast,18046.09,Year,Y,Certified
EZYV8143,Asia,Bachelor's,N,N,2163,1969,West,119911.64,Year,Y,Certified
EZYV4699,Asia,High School,Y,N,945,1998,Northeast,72030.98,Year,Y,Denied
EZYV15612,Asia,Bachelor's,Y,N,2970,1997,South,29061.54,Year,Y,Certified
EZYV660,Asia,Bachelor's,Y,N,298,2008,West,98135.46,Year,Y,Certified
EZYV240,Europe,Master's,Y,N,5504,1996,South,59125.18,Year,Y,Certified
EZYV12249,Europe,Bachelor's,N,N,2945,2010,West,78579.46,Year,Y,Certified
EZYV8743,Asia,Master's,N,N,1744,1988,Northeast,55479.27,Year,Y,Certified
EZYV20412,Europe,Doctorate,N,Y,4320,2010,Northeast,912.98,Year,Y,Certified
EZYV12477,Asia,High School,Y,N,2473,2011,South,82678.69,Year,Y,Denied
EZYV9831,Asia,Master's,N,N,921,2007,Northeast,121165.35,Year,N,Certified
EZYV18815,Europe,High School,N,Y,573,2001,South,221588.52,Year,Y,Certified
EZYV12966,North America,Master's,N,N,2041,2006,South,6437.77,Year,N,Denied
EZYV21983,Asia,Master's,Y,N,1663,1998,Midwest,123447.58,Year,Y,Certified
EZYV15309,North America,Bachelor's,Y,N,3055,2000,South,875.4869,Hour,Y,Certified
EZYV4574,Europe,Master's,N,N,538,1968,West,149091.25,Year,Y,Certified
EZYV12112,Asia,Master's,N,N,4170,1998,Northeast,110907.55,Year,Y,Denied
EZYV11063,Asia,Bachelor's,N,N,2198,1984,South,148729.09,Year,Y,Certified
EZYV10143,Asia,Master's,Y,N,5197,2000,South,32801.38,Year,Y,Certified
EZYV2852,South America,Master's,N,N,1848,1961,South,151.7829,Hour,Y,Denied
EZYV11870,Asia,Master's,Y,N,1225,1999,West,37849.73,Year,Y,Certified
EZYV6151,Asia,High School,N,Y,1916,2004,West,115287.21,Year,Y,Denied
EZYV5984,Asia,Bachelor's,N,N,1023,2012,Midwest,66392.67,Year,Y,Certified
EZYV9389,Europe,Master's,Y,N,98170,1858,South,27152.33,Year,Y,Certified
EZYV6453,Asia,Doctorate,N,N,1157,2000,South,68324.71,Year,Y,Certified
EZYV12785,Asia,Bachelor's,N,N,91,1948,Northeast,73177.0,Year,Y,Certified
EZYV18265,Asia,Bachelor's,Y,N,957,1948,Northeast,21801.25,Year,Y,Denied
EZYV6770,South America,Master's,N,N,1034,1999,South,121584.6,Year,Y,Certified
EZYV18313,Asia,Master's,Y,N,5255,2008,West,47178.53,Year,Y,Certified
EZYV4816,Asia,Master's,Y,N,27749,2003,South,93627.77,Year,Y,Certified
EZYV13547,Asia,Bachelor's,N,N,101,2001,South,529.5431,Hour,Y,Certified
EZYV4988,Asia,Bachelor's,N,Y,832,2009,West,107867.44,Year,Y,Certified
EZYV1524,North America,Bachelor's,Y,N,741,1904,South,80340.89,Year,N,Certified
EZYV4606,Asia,High School,N,N,197,2006,Midwest,35642.79,Year,Y,Denied
EZYV16922,North America,Master's,Y,N,2821,2011,South,7399.86,Year,Y,Certified
EZYV16008,Asia,Bachelor's,N,N,2781,2011,Northeast,72.7666,Hour,Y,Certified
EZYV13377,Asia,Doctorate,Y,N,3669,1996,Northeast,88062.64,Year,N,Certified
EZYV17883,Asia,Doctorate,N,Y,1162,2013,South,14164.91,Year,Y,Certified
EZYV20173,Asia,Bachelor's,N,N,3335,1998,South,67253.64,Year,Y,Certified
EZYV849,Asia,High School,N,N,1640,2007,South,702.8717,Hour,Y,Certified
EZYV17414,Asia,Master's,Y,N,219,1985,West,120509.61,Year,N,Certified
EZYV1745,North America,Bachelor's,Y,N,2342,1979,Northeast,212.2737,Hour,Y,Certified
EZYV16914,Asia,Master's,Y,N,4640,1961,West,33139.46,Year,Y,Denied
EZYV18862,Asia,Master's,Y,N,2287,2001,West,80920.24,Year,Y,Denied
EZYV3193,South America,High School,N,N,1236,1890,South,329.1874,Hour,Y,Denied
EZYV561,Asia,Bachelor's,N,N,1056,2010,West,122141.55,Year,Y,Denied
EZYV12705,Europe,High School,N,N,595,1969,Northeast,122697.43,Year,Y,Denied
EZYV23456,Asia,High School,N,N,516,1997,South,104274.88,Year,Y,Certified
EZYV25217,North America,Bachelor's,Y,N,1398,1996,West,25181.4,Year,Y,Certified
EZYV9985,North America,Master's,N,N,3917,2001,Northeast,80361.42,Year,N,Certified
EZYV20088,Europe,Master's,Y,N,5342,1855,West,63845.57,Year,Y,Certified
EZYV17408,Europe,Master's,Y,Y,5342,1919,South,109399.4,Year,Y,Certified
EZYV17899,Asia,Master's,Y,N,3780,1930,West,157071.33,Year,Y,Certified
EZYV17240,Asia,Bachelor's,Y,N,728,1966,South,66561.26,Year,Y,Certified
EZYV3514,Asia,Doctorate,N,Y,106,2006,West,47645.58,Year,Y,Denied
EZYV8789,Europe,Bachelor's,Y,Y,390,1969,South,32694.85,Year,Y,Certified
EZYV19710,Asia,Master's,N,N,238,2015,West,100.4576,Hour,Y,Denied
EZYV12406,South America,Master's,N,N,4015,1965,Northeast,506.6736,Hour,Y,Certified
EZYV6610,Asia,Master's,N,N,3945,1994,Northeast,193901.32,Year,Y,Certified
EZYV2578,Asia,Bachelor's,Y,Y,746,1936,South,92211.18,Year,Y,Certified
EZYV18456,Asia,Bachelor's,Y,N,28,1997,Northeast,124686.12,Year,Y,Certified
EZYV16232,Europe,Bachelor's,N,Y,1864,1997,West,96831.56,Year,Y,Denied
EZYV24454,Asia,Bachelor's,N,N,1166,2004,West,105408.45,Year,Y,Certified
EZYV22938,Asia,Master's,Y,N,2990,1987,West,135809.61,Year,N,Certified
EZYV2262,Asia,Master's,Y,N,2577,1984,Midwest,79026.05,Year,Y,Certified
EZYV9660,Asia,Master's,Y,N,2458,1988,South,106083.45,Year,Y,Certified
EZYV16843,Asia,Bachelor's,Y,N,1895,2007,South,53889.99,Year,Y,Denied
EZYV13854,Asia,High School,N,N,1452,1873,Midwest,187906.94,Year,Y,Denied
EZYV21939,Asia,Bachelor's,Y,N,3003,2011,Midwest,87843.17,Year,Y,Certified
EZYV12732,South America,Bachelor's,Y,N,4283,2003,West,15735.97,Year,Y,Denied
EZYV23842,Asia,Master's,N,N,909,1971,West,43432.67,Year,Y,Denied
EZYV21530,Europe,Bachelor's,N,N,4718,1856,South,418.7553,Hour,Y,Denied
EZYV19516,North America,Doctorate,Y,N,652,1999,Northeast,40221.54,Year,Y,Certified
EZYV23661,South America,Bachelor's,N,N,3890,1977,South,460.7064,Hour,Y,Denied
EZYV12263,Asia,Bachelor's,N,Y,2728,1874,South,785.764,Hour,Y,Denied
EZYV14478,North America,Doctorate,N,N,3616,1998,West,132.24,Hour,Y,Denied
EZYV15270,Europe,High School,Y,Y,4078,1911,Midwest,39544.25,Year,Y,Denied
EZYV15652,Asia,Master's,N,N,2324,2006,Midwest,115365.49,Year,Y,Certified
EZYV3913,North America,Doctorate,Y,N,1458,2011,South,40286.12,Year,Y,Certified
EZYV2289,North America,Doctorate,N,N,2095,1987,West,43023.29,Year,Y,Denied
EZYV15831,North America,Bachelor's,N,N,2970,2004,South,67267.39,Year,N,Certified
EZYV14920,North America,Bachelor's,N,N,419,2009,Midwest,107053.91,Year,Y,Certified
EZYV11948,Asia,Bachelor's,Y,N,4161,1972,Northeast,130852.41,Year,Y,Certified
EZYV17108,Asia,Bachelor's,N,Y,2162,2012,Northeast,76189.23,Year,Y,Certified
EZYV12780,Asia,Master's,N,Y,1035,2013,Northeast,66127.78,Year,Y,Denied
EZYV15026,Europe,High School,N,N,4986,1995,West,10865.39,Year,Y,Denied
EZYV14641,Asia,Master's,Y,N,12145,2009,Northeast,55516.45,Year,Y,Certified
EZYV13219,Asia,Bachelor's,N,Y,231,1969,South,99685.31,Year,Y,Denied
EZYV16248,Asia,High School,Y,N,2664,2004,South,76416.02,Year,Y,Denied
EZYV17243,Asia,Bachelor's,N,N,138,1977,West,70036.21,Year,Y,Denied
EZYV9437,Asia,Bachelor's,Y,N,4007,1934,South,107651.48,Year,Y,Certified
EZYV11712,Asia,Bachelor's,Y,Y,654,1871,Northeast,123707.36,Year,Y,Certified
EZYV15651,Asia,Bachelor's,N,N,74,1965,Northeast,48993.9,Year,Y,Denied
EZYV2637,Asia,Master's,Y,N,2688,1976,Northeast,15389.43,Year,Y,Certified
EZYV13212,South America,Master's,N,N,567,2005,West,87458.58,Year,Y,Certified
EZYV14880,Asia,Bachelor's,Y,N,1809,1989,Northeast,59815.88,Year,Y,Certified
EZYV7026,North America,Bachelor's,Y,Y,722,2010,West,74315.41,Year,Y,Denied
EZYV10107,Asia,Bachelor's,N,N,1018,2006,Northeast,10595.4,Year,N,Denied
EZYV4467,Europe,Doctorate,Y,N,2254,2007,West,19367.92,Year,Y,Certified
EZYV24488,Asia,Master's,Y,N,3783,2004,Northeast,76081.23,Year,Y,Certified
EZYV4809,North America,Bachelor's,Y,N,3047,1807,West,67540.05,Week,Y,Certified
EZYV7599,Asia,Master's,Y,N,1069,2006,Northeast,103135.73,Year,N,Certified
EZYV23588,Asia,Master's,Y,N,1546,1984,Midwest,66300.4,Year,Y,Certified
EZYV8981,Europe,Doctorate,N,N,3365,2010,Northeast,3663.12,Year,Y,Certified
EZYV4174,Europe,High School,Y,N,3199,2008,South,1872.9,Year,Y,Denied
EZYV9665,Asia,Master's,Y,N,786,1929,Northeast,81412.15,Year,N,Certified
EZYV20097,Asia,Bachelor's,Y,N,2546,2007,West,89350.33,Year,Y,Certified
EZYV4014,Asia,Master's,Y,N,3781,1994,Northeast,81775.16,Year,Y,Certified
EZYV2860,Asia,Bachelor's,N,N,2345,2004,South,103491.14,Year,Y,Denied
EZYV10122,Asia,Master's,N,N,3719,1865,South,64945.74,Year,Y,Certified
EZYV4322,Europe,Bachelor's,Y,N,1679,2007,Midwest,85253.63,Year,Y,Certified
EZYV19445,Asia,Master's,Y,N,3278,1901,Northeast,232389.85,Year,N,Certified
EZYV9760,Asia,Master's,Y,N,1255,1996,Northeast,65716.54,Year,Y,Certified
EZYV18056,North America,Doctorate,Y,N,2141,1837,Midwest,64806.5,Year,Y,Certified
EZYV7736,North America,Bachelor's,Y,N,2560,2007,Northeast,80560.83,Year,Y,Certified
EZYV569,Asia,High School,N,N,3085,1928,West,35504.93,Week,Y,Denied
EZYV14948,Asia,Master's,N,N,470,1984,Midwest,134.15,Hour,Y,Certified
EZYV13224,Asia,Master's,Y,N,341,2007,South,100536.97,Year,Y,Certified
EZYV5143,Asia,Bachelor's,Y,N,1374,2002,South,76390.79,Year,Y,Denied
EZYV22093,Asia,Bachelor's,N,N,673,1995,Northeast,69095.72,Year,Y,Denied
EZYV7533,Asia,High School,N,Y,1362,2000,South,703.3133,Hour,Y,Denied
EZYV22844,Asia,Bachelor's,Y,N,2858,1997,West,19101.15,Year,Y,Denied
EZYV3779,Asia,Bachelor's,Y,N,1878,2004,West,2570.36,Year,N,Certified
EZYV2890,Asia,High School,Y,N,968,2004,South,10073.51,Year,Y,Denied
EZYV23184,Europe,Doctorate,Y,Y,5392,2001,West,112193.76,Year,Y,Certified
EZYV10464,Asia,Master's,N,N,3086,1995,Northeast,64182.92,Year,Y,Certified
EZYV16842,Asia,Bachelor's,Y,N,4137,1965,West,142579.35,Year,Y,Denied
EZYV24739,Asia,Bachelor's,N,N,1555,2011,West,62465.41,Year,Y,Certified
EZYV13184,Asia,Bachelor's,Y,N,639,1996,Northeast,31345.01,Year,Y,Certified
EZYV11769,Asia,Bachelor's,Y,N,1017,2011,South,8299.73,Year,Y,Denied
EZYV16853,Asia,Master's,N,N,1277,2004,Midwest,115218.94,Year,Y,Certified
EZYV1800,North America,Bachelor's,N,N,2682,1995,Northeast,78310.69,Year,Y,Denied
EZYV8248,Europe,Bachelor's,Y,N,724,2008,Northeast,38593.46,Year,Y,Certified
EZYV20691,Asia,Bachelor's,N,N,3903,2009,South,43010.88,Year,Y,Denied
EZYV9313,Asia,Master's,N,N,596,1972,Northeast,31901.89,Year,Y,Certified
EZYV5603,Europe,High School,N,Y,3062,2014,South,70225.78,Year,Y,Denied
EZYV24606,Asia,Bachelor's,N,N,4050,1989,West,75869.59,Year,Y,Certified
EZYV10237,Asia,Master's,Y,N,2121,2007,Island,4890.41,Year,Y,Certified
EZYV1248,North America,Master's,Y,N,548,2005,Northeast,130181.59,Year,Y,Certified
EZYV15801,Asia,Master's,N,N,707,2008,South,161238.43,Year,Y,Certified
EZYV6587,Asia,Bachelor's,N,N,2885,1900,South,793.4325,Hour,Y,Denied
EZYV2005,Asia,High School,Y,N,2285,1871,South,645.353,Hour,Y,Certified
EZYV19058,Asia,High School,Y,N,4154,2010,Northeast,68471.32,Year,Y,Certified
EZYV6810,Europe,Doctorate,Y,Y,3665,1991,South,15079.42,Year,Y,Certified
EZYV24466,Asia,Bachelor's,Y,N,3816,2009,Midwest,60948.15,Year,Y,Certified
EZYV19741,North America,Bachelor's,N,N,11485,1948,Northeast,152.59,Hour,Y,Certified
EZYV23152,Asia,Bachelor's,Y,N,1051,1975,South,124382.47,Year,Y,Denied
EZYV23084,Asia,High School,Y,N,154,2003,West,146460.97,Year,Y,Certified
EZYV2649,North America,Master's,Y,N,4241,1993,South,195755.09,Year,N,Certified
EZYV24418,Asia,High School,Y,N,1147,2000,Midwest,65284.38,Year,Y,Certified
EZYV13805,Asia,Doctorate,N,Y,86,2000,South,47116.64,Year,Y,Certified
EZYV21919,Asia,Master's,Y,N,2628,1877,West,52523.24,Week,Y,Denied
EZYV6414,Asia,Bachelor's,Y,N,1127,2001,Midwest,2728.1,Year,N,Denied
EZYV10517,North America,High School,Y,N,220,2008,West,207632.04,Year,N,Denied
EZYV10775,South America,Doctorate,N,N,885,1979,West,42035.83,Year,Y,Certified
EZYV13647,Europe,Master's,Y,N,240,1994,Northeast,52647.59,Year,Y,Certified
EZYV11727,Asia,Bachelor's,Y,N,1446,1980,South,72046.27,Year,Y,Certified
EZYV10241,Asia,Master's,Y,N,2212,2010,Northeast,28753.04,Year,Y,Certified
EZYV2848,Europe,Bachelor's,Y,N,3032,2010,West,13830.8,Year,Y,Certified
EZYV14947,Asia,Bachelor's,N,N,533,1997,South,152133.71,Year,Y,Certified
EZYV2730,Asia,High School,Y,N,1250,2006,South,21930.08,Year,Y,Denied
EZYV14406,Asia,Bachelor's,Y,N,1723,1858,West,132966.33,Year,Y,Certified
EZYV12908,Europe,Bachelor's,Y,N,4640,1985,West,32882.25,Year,Y,Certified
EZYV1574,Europe,Master's,Y,N,3255,1966,South,98988.1,Year,Y,Certified
EZYV6115,Asia,High School,N,N,1268,2012,Northeast,21888.82,Year,Y,Denied
EZYV22268,Europe,Bachelor's,Y,N,1986,1977,Northeast,3514.75,Year,Y,Certified
EZYV24104,North America,Master's,Y,N,412,1998,Northeast,61662.19,Year,N,Denied
EZYV13753,Asia,Bachelor's,Y,N,1059,2008,Midwest,122090.06,Year,N,Certified
EZYV3321,North America,Master's,Y,N,1498,1999,South,30103.71,Year,Y,Certified
EZYV5049,North America,Master's,N,N,4310,1822,South,115624.13,Year,N,Certified
EZYV15435,North America,Master's,Y,N,3709,1989,West,117069.02,Year,Y,Denied
EZYV1776,Asia,Master's,Y,N,3540,1987,South,69884.01,Year,Y,Certified
EZYV13910,Europe,Doctorate,Y,Y,2196,2010,Northeast,101261.16,Year,Y,Certified
EZYV20740,Asia,Master's,Y,N,23246,1954,Midwest,46879.5,Year,N,Denied
EZYV21641,Asia,Master's,Y,N,3933,1972,South,86853.57,Year,N,Certified
EZYV14,Asia,Bachelor's,Y,N,1652,2007,Midwest,107196.03,Year,Y,Certified
EZYV9770,South America,Master's,N,N,4413,1941,Midwest,800.2398,Hour,Y,Denied
EZYV6101,Asia,Bachelor's,N,N,1797,1992,Northeast,249.9158,Hour,Y,Denied
EZYV11951,Asia,Master's,Y,N,2020,1930,West,48711.22,Year,Y,Certified
EZYV2026,Asia,Master's,Y,N,1542,1989,South,132938.31,Year,N,Certified
EZYV1560,Asia,Master's,Y,Y,5743,2001,West,139640.89,Year,Y,Certified
EZYV2920,Europe,Doctorate,N,N,2159,2001,West,23697.88,Year,Y,Certified
EZYV13915,Asia,Master's,Y,N,619,1999,South,62699.28,Year,N,Certified
EZYV11809,North America,Master's,Y,N,694,2002,Midwest,464.6041,Hour,Y,Certified
EZYV22748,Asia,Master's,Y,N,63,1998,West,60996.5,Year,Y,Certified
EZYV17048,Europe,Doctorate,Y,N,1683,1990,West,46216.56,Year,Y,Certified
EZYV2653,Asia,Bachelor's,N,N,2112,2006,South,242.0347,Hour,Y,Denied
EZYV18366,Asia,Bachelor's,Y,N,25782,1837,South,83597.5,Year,Y,Denied
EZYV17741,Asia,Bachelor's,N,N,237,2016,Northeast,83780.23,Year,Y,Denied
EZYV6580,Asia,Master's,Y,Y,43,1997,West,108092.95,Year,Y,Certified
EZYV5788,Asia,Bachelor's,N,N,3456,2008,South,103121.88,Year,Y,Certified
EZYV3056,Asia,Master's,Y,N,2511,1974,South,65972.06,Year,Y,Certified
EZYV8415,Asia,Bachelor's,Y,N,484,1877,South,106315.4,Year,Y,Certified
EZYV21536,Asia,High School,Y,N,2392,2009,Northeast,4175.77,Year,Y,Certified
EZYV14992,Asia,Bachelor's,N,N,5816,2012,Northeast,98525.42,Year,Y,Denied
EZYV24862,Asia,High School,Y,N,2489,1933,Midwest,98342.8,Year,Y,Certified
EZYV2561,Asia,Master's,Y,N,1236,2001,Midwest,90489.51,Year,Y,Certified
EZYV12718,Asia,Bachelor's,N,Y,2440,2010,Midwest,131126.46,Year,N,Denied
EZYV1201,North America,Bachelor's,Y,N,3374,2012,Midwest,124864.48,Year,Y,Certified
EZYV18695,Asia,Bachelor's,Y,N,7290,2011,Midwest,56998.23,Year,Y,Certified
EZYV20169,Asia,Master's,N,N,5190,2013,South,100826.54,Year,Y,Certified
EZYV2318,Europe,Master's,N,N,3866,2006,West,19160.25,Year,Y,Certified
EZYV3450,Asia,High School,Y,N,3470,2001,South,52057.9,Year,Y,Denied
EZYV18893,Asia,Master's,Y,N,358,2002,Northeast,100975.92,Year,N,Certified
EZYV14959,Asia,Bachelor's,N,N,478,2000,South,153040.93,Year,Y,Certified
EZYV13509,Asia,Master's,N,N,1139,2008,Northeast,77169.96,Year,Y,Denied
EZYV24582,Asia,Master's,Y,N,4503,2000,Midwest,154937.84,Year,Y,Certified
EZYV12061,North America,Bachelor's,Y,N,4704,2003,Northeast,28084.24,Year,Y,Certified
EZYV5700,Asia,Doctorate,Y,N,4016,2003,Midwest,34744.45,Year,Y,Certified
EZYV24816,Asia,Master's,Y,N,1359,1999,Northeast,67250.43,Year,Y,Certified
EZYV18917,North America,Master's,N,N,5838,1990,South,43121.83,Year,N,Certified
EZYV4741,Asia,High School,N,N,1749,1989,West,120378.21,Year,N,Denied
EZYV22511,Asia,Bachelor's,N,N,414,1986,South,91191.77,Year,Y,Certified
EZYV23888,Asia,Master's,Y,N,2111,2004,West,373.8311,Hour,Y,Certified
EZYV8655,Asia,Master's,N,N,1169,1962,South,152496.33,Year,N,Certified
EZYV9207,Asia,Master's,N,N,405,1987,South,136430.49,Year,Y,Certified
EZYV25049,Europe,Doctorate,Y,N,3913,2010,Northeast,59658.36,Year,Y,Certified
EZYV17605,North America,Doctorate,Y,N,1444,2002,Midwest,60411.22,Year,Y,Certified
EZYV1442,Asia,Master's,Y,N,6245,2002,Northeast,30991.38,Year,Y,Certified
EZYV3628,Asia,Master's,N,N,1124,1997,Northeast,105491.53,Year,N,Denied
EZYV7648,Africa,Master's,Y,N,851,2008,South,20239.6,Year,Y,Certified
EZYV14502,Asia,Master's,Y,N,3263,1986,South,43920.86,Year,Y,Certified
EZYV1143,North America,Master's,Y,N,3783,2006,West,31191.28,Year,Y,Certified
EZYV5231,Europe,Doctorate,Y,Y,1031,1998,Northeast,103668.66,Year,Y,Certified
EZYV14716,North America,High School,N,N,590,2009,Northeast,65588.4,Year,N,Denied
EZYV10615,Asia,Bachelor's,Y,N,32,2004,Northeast,20500.74,Year,Y,Certified
EZYV15700,Europe,High School,Y,N,329,1987,West,50726.95,Year,Y,Denied
EZYV13558,North America,High School,Y,Y,2029,1832,Midwest,102362.51,Year,Y,Denied
EZYV18266,Asia,Master's,N,N,65340,2004,Midwest,167627.37,Year,Y,Certified
EZYV25029,Asia,High School,Y,N,2168,1977,Midwest,126506.11,Year,Y,Certified
EZYV7092,Asia,High School,Y,Y,2156,2014,South,4291.28,Year,Y,Denied
EZYV12093,Asia,Bachelor's,N,N,1266,2001,West,193.0432,Hour,Y,Denied
EZYV23198,Europe,Bachelor's,Y,N,108339,1996,Northeast,66342.21,Year,Y,Certified
EZYV8547,Asia,Bachelor's,Y,N,1514,2009,Northeast,134481.28,Year,N,Certified
EZYV12474,Asia,Master's,Y,N,4527,2004,Midwest,86902.89,Year,Y,Certified
EZYV18396,Asia,Bachelor's,Y,N,2160,1999,West,112116.98,Year,Y,Denied
EZYV10845,Asia,Bachelor's,Y,N,5076,2000,South,82394.86,Year,Y,Certified
EZYV22433,Asia,Master's,N,N,117226,2008,Northeast,17257.46,Year,Y,Denied
EZYV21644,Europe,Bachelor's,N,Y,3126,1800,South,192806.06,Year,Y,Certified
EZYV24751,Asia,Master's,Y,N,3567,1965,Northeast,86666.84,Year,Y,Certified
EZYV18615,Asia,Master's,N,N,1208,2010,Midwest,44755.01,Year,Y,Certified
EZYV10587,Asia,High School,Y,N,2907,2006,Midwest,171229.26,Year,Y,Denied
EZYV21132,Asia,Bachelor's,N,N,1438,1998,West,219.0587,Hour,Y,Denied
EZYV18465,Asia,Bachelor's,Y,N,6445,2003,Northeast,16413.1,Year,Y,Certified
EZYV3879,Asia,Bachelor's,N,N,3016,1993,Northeast,53.535,Hour,Y,Denied
EZYV19919,Asia,Bachelor's,Y,N,370,2012,Northeast,75992.9,Year,Y,Certified
EZYV24890,Asia,Bachelor's,Y,N,1016,2002,South,111963.5,Year,Y,Certified
EZYV5309,North America,Bachelor's,Y,N,4475,1985,Northeast,10433.3,Year,Y,Certified
EZYV7144,North America,Master's,N,N,1200,1992,Northeast,100581.34,Year,Y,Denied
EZYV19446,Africa,Bachelor's,N,N,4105,2010,Northeast,152094.86,Year,N,Denied
EZYV23893,Europe,Doctorate,N,N,3355,1997,West,140834.06,Year,Y,Certified
EZYV16600,Asia,Doctorate,Y,N,4188,2008,West,48770.49,Year,Y,Certified
EZYV14885,Asia,Master's,Y,N,1819,1993,Midwest,126350.08,Year,Y,Certified
EZYV12251,Asia,Master's,Y,N,4757,1996,West,56079.82,Year,Y,Certified
EZYV19507,Asia,Bachelor's,N,N,4127,1968,West,115757.73,Year,Y,Certified
EZYV25014,Europe,Master's,N,N,57272,1985,West,134632.02,Year,Y,Denied
EZYV22861,Europe,Bachelor's,Y,N,3132,2004,West,134801.96,Year,Y,Denied
EZYV17813,Europe,Master's,Y,N,4548,2001,South,67891.84,Year,Y,Certified
EZYV12101,Asia,Master's,Y,N,1517,1953,South,75088.13,Year,Y,Certified
EZYV7071,Asia,Bachelor's,Y,N,3645,2014,South,65132.85,Year,Y,Certified
EZYV928,North America,Master's,Y,N,5087,2005,West,28399.22,Year,Y,Certified
EZYV24343,Asia,Bachelor's,N,N,4467,2004,Northeast,69622.0,Year,Y,Denied
EZYV13362,Asia,Doctorate,N,N,1874,1888,South,164556.19,Year,Y,Denied
EZYV25127,Asia,Master's,N,N,1085,1989,Midwest,205180.27,Year,Y,Denied
EZYV16199,Asia,Bachelor's,N,N,2007,2003,West,20108.95,Year,Y,Denied
EZYV12167,North America,Doctorate,N,N,2091,2013,Northeast,82547.42,Year,Y,Certified
EZYV2077,Asia,High School,Y,Y,1256,1919,South,104509.0,Year,Y,Certified
EZYV16576,Europe,Doctorate,N,N,32415,2010,West,682.51,Year,Y,Certified
EZYV4235,Asia,Bachelor's,N,N,93,2009,West,38270.49,Year,Y,Denied
EZYV14021,Africa,High School,Y,N,2653,1941,Midwest,94768.17,Year,Y,Denied
EZYV22362,Asia,High School,N,N,3581,2007,Northeast,79960.59,Year,Y,Certified
EZYV7902,Asia,Master's,Y,N,97122,1994,Midwest,118723.89,Year,N,Certified
EZYV19562,Asia,Master's,Y,N,1868,1999,West,89218.19,Year,Y,Certified
EZYV273,Asia,High School,N,N,1681,1999,West,85218.35,Year,Y,Denied
EZYV6926,Asia,Master's,N,Y,1330,2013,Midwest,91335.08,Year,Y,Certified
EZYV19490,Asia,Bachelor's,N,Y,2107,2008,Midwest,24728.24,Year,Y,Certified
EZYV20283,Asia,Master's,Y,N,49,1919,Midwest,127655.87,Year,N,Certified
EZYV3209,Asia,Bachelor's,Y,N,3817,2000,Northeast,79439.67,Year,Y,Certified
EZYV13581,North America,Master's,Y,N,3914,2009,West,134390.7,Year,N,Certified
EZYV23604,North America,Master's,N,N,2158,1977,West,424.768,Hour,Y,Denied
EZYV9716,Asia,Master's,N,N,3351,1997,South,190513.22,Year,N,Certified
EZYV19657,Asia,Bachelor's,Y,N,1757,2004,West,105011.29,Year,Y,Denied
EZYV21565,Asia,Bachelor's,Y,N,2001,2009,West,152133.79,Year,Y,Certified
EZYV22846,Asia,High School,Y,N,6068,1954,West,14512.78,Year,Y,Certified
EZYV13965,Asia,Bachelor's,N,N,2669,1982,South,57842.46,Year,Y,Denied
EZYV6028,Asia,Master's,Y,Y,1900,2005,Northeast,72782.53,Year,Y,Certified
EZYV2426,Asia,Master's,Y,N,3083,2005,Midwest,80224.21,Year,Y,Certified
EZYV21863,Asia,High School,N,Y,12944,1984,West,83539.1,Year,Y,Certified
EZYV10960,Europe,Master's,Y,N,776,2003,Northeast,94497.67,Year,Y,Certified
EZYV1635,Asia,Doctorate,N,N,1743,2005,West,87580.04,Year,Y,Denied
EZYV19191,South America,Master's,N,N,2771,2002,Island,255771.26,Year,Y,Denied
EZYV1256,North America,Master's,Y,N,1904,1911,South,5805.5,Year,Y,Certified
EZYV21084,Europe,Master's,N,N,1680,1958,Midwest,87030.16,Year,Y,Certified
EZYV21476,Asia,High School,Y,N,2876,1992,West,45234.64,Year,Y,Denied
EZYV2277,Asia,Master's,N,N,2067,2010,West,18833.11,Year,Y,Denied
EZYV8869,Europe,High School,Y,N,1915,2001,West,31524.7,Year,Y,Denied
EZYV51,Asia,Bachelor's,N,N,746,1991,Midwest,66191.41,Year,Y,Certified
EZYV21080,Europe,Bachelor's,Y,N,831,1998,South,70269.84,Year,Y,Certified
EZYV23107,Asia,Bachelor's,N,N,208,2003,Northeast,38212.24,Year,Y,Denied
EZYV10309,Asia,Doctorate,N,N,781,1998,South,12646.71,Year,Y,Certified
EZYV3580,Europe,High School,Y,N,2343,1990,West,109127.28,Year,Y,Denied
EZYV3783,Asia,Bachelor's,N,N,1337,2003,West,84935.96,Year,Y,Denied
EZYV8862,Asia,Bachelor's,Y,N,3831,1855,South,122648.11,Year,Y,Certified
EZYV17792,North America,Master's,Y,N,2991,1932,West,102446.51,Year,N,Certified
EZYV19256,North America,Bachelor's,Y,N,3235,2010,Northeast,95955.98,Year,Y,Certified
EZYV17591,Asia,Master's,N,N,1809,2001,West,141.72,Hour,Y,Denied
EZYV14452,Asia,Bachelor's,N,Y,232,2004,South,119524.71,Year,Y,Denied
EZYV19200,Asia,Bachelor's,Y,N,3510,1980,South,84976.22,Year,Y,Certified
EZYV21125,Asia,Bachelor's,Y,N,1574,2004,Northeast,188453.92,Year,Y,Certified
EZYV1054,Asia,High School,N,N,2221,1973,Northeast,140100.65,Year,Y,Denied
EZYV4897,Asia,High School,N,N,2403,2000,Midwest,129169.76,Year,Y,Denied
EZYV24565,Asia,Bachelor's,N,N,1653,1989,South,36794.0,Year,Y,Denied
EZYV4808,Asia,Master's,N,Y,487,1982,Northeast,109.4171,Hour,Y,Certified
EZYV12359,Asia,Bachelor's,N,N,87,2005,Northeast,152634.4,Year,N,Denied
EZYV17654,Asia,Bachelor's,Y,N,1962,2000,South,80565.69,Year,Y,Certified
EZYV6343,Asia,High School,N,N,2315,2010,West,743.7198,Hour,Y,Denied
EZYV15403,Europe,Doctorate,Y,N,783,2007,Northeast,18913.79,Year,Y,Certified
EZYV8725,Asia,Bachelor's,Y,N,3234,1968,West,38646.03,Year,Y,Certified
EZYV7145,Asia,Master's,Y,N,657,1980,South,112538.43,Year,N,Certified
EZYV15631,Asia,Bachelor's,Y,N,3177,1977,Midwest,61730.58,Year,Y,Certified
EZYV9586,Asia,High School,Y,N,753,1992,Midwest,123102.04,Year,Y,Denied
EZYV4720,Asia,Master's,N,N,2524,2005,Midwest,68577.13,Year,Y,Denied
EZYV20756,Asia,High School,Y,N,3502,2008,West,154365.87,Year,Y,Certified
EZYV3467,Africa,Doctorate,Y,N,166,1993,Midwest,99197.99,Year,Y,Certified
EZYV21797,Europe,Doctorate,N,N,1347,2001,Northeast,38601.12,Year,Y,Certified
EZYV7683,North America,Master's,Y,N,3703,1997,South,89737.44,Year,Y,Certified
EZYV4329,Asia,Bachelor's,Y,N,337,1997,Midwest,55402.33,Year,Y,Denied
EZYV16734,Asia,Bachelor's,Y,N,3135,1954,Northeast,334.8349,Hour,Y,Certified
EZYV14409,Europe,Master's,N,N,1084,1863,West,15254.39,Year,Y,Certified
EZYV8877,Asia,Bachelor's,Y,N,724,2008,Northeast,101118.4,Year,Y,Certified
EZYV6107,Asia,Master's,N,N,2298,2008,Northeast,38191.89,Year,N,Certified
EZYV799,Asia,Bachelor's,N,N,520,1984,Northeast,26164.47,Year,Y,Denied
EZYV3355,South America,Doctorate,N,Y,62,2010,West,51900.22,Year,Y,Denied
EZYV22752,Asia,Bachelor's,Y,N,1161,2009,West,52396.71,Year,Y,Denied
EZYV17554,Europe,Doctorate,N,N,3330,2010,West,35952.16,Year,Y,Certified
EZYV6954,Oceania,Bachelor's,N,N,2703,1984,Northeast,49829.96,Year,Y,Denied
EZYV4133,Europe,Bachelor's,Y,N,3006,1978,Northeast,34934.98,Year,Y,Certified
EZYV19543,Asia,Bachelor's,N,N,1913,1999,West,91028.46,Year,Y,Certified
EZYV15838,Asia,Doctorate,Y,N,376,1980,South,135262.4,Year,Y,Certified
EZYV3971,Asia,Bachelor's,Y,N,3691,1854,Northeast,155524.27,Year,Y,Certified
EZYV13829,Asia,Bachelor's,Y,N,863,2009,South,148967.73,Year,Y,Certified
EZYV4900,Asia,Bachelor's,Y,N,4849,2007,West,40813.43,Year,Y,Certified
EZYV5704,Europe,Master's,N,N,1382,2006,Northeast,53004.55,Year,Y,Certified
EZYV23652,Asia,Bachelor's,Y,N,1767,2013,South,137067.88,Year,Y,Certified
EZYV22546,Asia,Doctorate,N,N,5033,1968,South,74751.42,Year,N,Certified
EZYV23907,North America,Bachelor's,Y,N,216,1920,West,28703.15,Year,Y,Certified
EZYV1968,Asia,Master's,N,N,4261,1986,Northeast,141382.33,Year,N,Denied
EZYV14075,Asia,Master's,Y,N,4225,1989,Northeast,128093.42,Year,N,Denied
EZYV21226,Asia,Master's,Y,N,84,1918,Midwest,69494.95,Year,Y,Certified
EZYV23611,Asia,Master's,N,N,16633,2000,West,899.4135,Hour,Y,Denied
EZYV9801,South America,Bachelor's,Y,N,642,1997,Northeast,252.2732,Hour,Y,Denied
EZYV844,Asia,Bachelor's,N,N,2228,2005,West,113260.07,Year,Y,Denied
EZYV24993,South America,Bachelor's,N,N,2754,2000,Northeast,115.0661,Hour,N,Denied
EZYV22202,North America,Bachelor's,Y,N,2484,1886,Northeast,171.9695,Hour,Y,Certified
EZYV23744,Asia,High School,N,N,678,1987,South,423.9645,Hour,Y,Certified
EZYV2198,Asia,Bachelor's,Y,N,261,2006,Island,8516.76,Year,Y,Certified
EZYV222,North America,Doctorate,Y,Y,2518,2010,South,219529.62,Year,Y,Certified
EZYV19001,Asia,High School,Y,N,23239,2003,Northeast,79982.62,Year,Y,Denied
EZYV7404,Asia,Bachelor's,N,N,986,2004,West,44077.46,Year,Y,Denied
EZYV6465,Asia,Bachelor's,N,N,3461,2005,South,158552.72,Year,Y,Certified
EZYV11524,Asia,High School,Y,Y,2171,1950,Northeast,125325.51,Year,Y,Denied
EZYV23833,Asia,High School,Y,N,3122,2000,South,182.37,Hour,Y,Denied
EZYV23566,Asia,Master's,Y,N,279,1993,Midwest,140116.03,Year,Y,Certified
EZYV18070,North America,Bachelor's,Y,N,3903,1998,South,100124.1,Year,Y,Denied
EZYV13029,Asia,Bachelor's,N,N,2158,1950,West,128877.33,Year,Y,Denied
EZYV8513,Asia,Bachelor's,Y,Y,615,1985,South,93973.1,Year,Y,Certified
EZYV12642,Asia,Master's,Y,N,1250,2007,West,146169.22,Year,Y,Certified
EZYV13071,Asia,High School,Y,N,6001,2001,Northeast,46693.54,Year,Y,Denied
EZYV17812,Asia,High School,N,Y,710,1984,Midwest,47720.44,Year,Y,Denied
EZYV24592,Asia,Master's,Y,N,3061,2004,South,61145.87,Year,Y,Certified
EZYV19530,Asia,Master's,Y,N,296252,2003,Northeast,28077.99,Year,Y,Denied
EZYV8944,Asia,Master's,Y,N,69956,2001,Midwest,73779.04,Year,Y,Certified
EZYV24811,Asia,Doctorate,Y,N,3970,2012,Midwest,46784.59,Year,Y,Certified
EZYV2453,Asia,Master's,Y,N,15383,2004,West,82540.63,Year,Y,Certified
EZYV16702,Asia,Bachelor's,N,N,3407,1963,Midwest,100.41,Hour,Y,Certified
EZYV7921,Asia,Bachelor's,Y,N,3625,2012,Northeast,76516.01,Year,Y,Denied
EZYV7964,Africa,Master's,Y,N,134470,1926,Northeast,79726.76,Year,Y,Certified
EZYV24716,North America,Doctorate,N,N,620,2012,Northeast,332.9846,Hour,Y,Denied
EZYV24367,Asia,High School,N,N,3028,2004,Midwest,133622.73,Year,Y,Certified
EZYV16855,Asia,High School,N,N,873,1996,Midwest,224151.28,Year,Y,Certified
EZYV22555,Asia,Master's,N,N,1358,2000,Northeast,105570.5,Year,N,Certified
EZYV13484,Asia,Master's,N,N,3475,1929,West,46571.67,Year,Y,Denied
EZYV3106,South America,High School,N,N,337,1889,South,145.1134,Hour,Y,Denied
EZYV465,Asia,Bachelor's,N,N,3039,1994,Midwest,115034.46,Year,Y,Certified
EZYV17544,Asia,Bachelor's,Y,N,4661,1928,West,99455.96,Year,Y,Certified
EZYV7426,Asia,High School,N,Y,577,2005,South,123597.59,Year,Y,Denied
EZYV3911,Europe,Master's,Y,N,3950,1981,West,32517.96,Year,Y,Certified
EZYV17558,Asia,Bachelor's,Y,N,3705,2005,Northeast,62359.2,Year,Y,Certified
EZYV947,Asia,Master's,Y,Y,2596,2012,Northeast,36364.29,Year,Y,Certified
EZYV15048,Asia,Bachelor's,N,N,3201,1998,South,67618.74,Year,Y,Certified
EZYV15387,North America,Doctorate,Y,N,4928,1996,Northeast,7268.68,Year,Y,Denied
EZYV22539,Asia,Bachelor's,Y,N,2632,1917,West,170882.09,Year,Y,Certified
EZYV13563,Asia,Master's,Y,N,4254,2005,West,9992.13,Year,Y,Certified
EZYV17722,Asia,Bachelor's,Y,N,177,1994,South,156350.9,Year,Y,Denied
EZYV2666,Europe,Master's,Y,Y,4008,1987,South,63677.55,Year,Y,Certified
EZYV23464,South America,Master's,Y,N,4410,2007,Island,24183.69,Year,Y,Denied
EZYV16059,Asia,Master's,Y,N,2556,2006,Northeast,39891.3,Year,Y,Certified
EZYV21663,Asia,Bachelor's,N,N,31,2008,Midwest,213720.36,Year,Y,Certified
EZYV23674,Asia,Bachelor's,N,N,171,1963,Midwest,107106.7,Year,Y,Certified
EZYV20127,Asia,Master's,Y,N,4879,2010,Northeast,72361.75,Year,Y,Certified
EZYV16313,Asia,Bachelor's,N,N,1622,2004,Northeast,52484.46,Year,Y,Certified
EZYV4964,Oceania,Master's,Y,N,42733,1964,Northeast,60979.69,Year,Y,Certified
EZYV3091,North America,High School,Y,N,1965,2014,Midwest,54050.9,Year,N,Certified
EZYV19548,Asia,Bachelor's,Y,N,2738,2005,Northeast,214358.18,Year,Y,Certified
EZYV21136,Europe,Bachelor's,N,N,2000,2006,West,52082.06,Year,Y,Certified
EZYV6149,Asia,Bachelor's,Y,Y,964,2011,South,240798.56,Year,Y,Certified
EZYV13502,Asia,Master's,Y,N,4059,2009,Northeast,65934.83,Year,Y,Certified
EZYV8604,North America,Bachelor's,Y,N,3364,2001,West,8270.66,Year,Y,Certified
EZYV17652,Asia,Bachelor's,Y,N,2821,1997,Northeast,47210.93,Year,Y,Denied
EZYV15929,South America,Doctorate,Y,Y,195,1999,Midwest,114575.71,Year,Y,Denied
EZYV15928,Asia,Master's,Y,N,2287,1997,West,64646.42,Year,Y,Certified
EZYV8149,Asia,Bachelor's,Y,N,520,1947,South,129235.76,Year,Y,Certified
EZYV4702,North America,Bachelor's,Y,N,5940,1970,West,34893.31,Year,Y,Denied
EZYV17026,North America,Master's,N,N,1601,1963,South,63277.43,Year,N,Certified
EZYV24032,Asia,Bachelor's,N,N,2138,2000,Midwest,96660.29,Year,Y,Certified
EZYV14302,Europe,Master's,Y,N,652,1925,South,140327.45,Year,Y,Certified
EZYV2598,Asia,High School,Y,N,23573,2005,South,773.1065,Hour,Y,Denied
EZYV1433,Asia,High School,Y,N,3729,1998,South,99865.67,Year,Y,Certified
EZYV4369,Asia,Bachelor's,N,N,5702,2006,West,66851.07,Year,Y,Denied
EZYV18325,Asia,Bachelor's,N,N,3668,1972,Northeast,638.9747,Hour,Y,Denied
EZYV5903,South America,High School,N,N,343,1852,West,95912.09,Year,Y,Certified
EZYV19067,Asia,High School,Y,N,3885,1868,Northeast,144344.5,Year,Y,Certified
EZYV10779,Asia,Bachelor's,Y,N,565,1981,Northeast,67954.04,Year,Y,Certified
EZYV735,Asia,Doctorate,N,N,206,2001,West,382.2433,Hour,Y,Denied
EZYV11633,Asia,Master's,N,N,2517,1958,Northeast,113596.11,Year,N,Certified
EZYV20998,Asia,Master's,N,N,130,1999,South,126.67,Hour,Y,Certified
EZYV2299,Asia,Bachelor's,Y,N,2581,1974,Midwest,99064.63,Year,Y,Certified
EZYV22620,Europe,Bachelor's,Y,N,6398,1999,West,117761.07,Year,Y,Certified
EZYV12896,Asia,Bachelor's,Y,N,2585,1978,Northeast,97862.01,Week,Y,Denied
EZYV22547,Asia,Master's,N,N,6595,2001,Midwest,114036.66,Year,Y,Denied
EZYV23307,Asia,Master's,N,N,2315,2012,Northeast,221757.19,Year,N,Denied
EZYV4375,Europe,Bachelor's,Y,N,3938,1999,West,38424.53,Year,Y,Certified
EZYV4920,Asia,Bachelor's,Y,N,3187,1987,Northeast,45182.96,Year,Y,Certified
EZYV20852,Europe,Bachelor's,Y,N,2385,2010,West,42522.66,Year,Y,Certified
EZYV7727,Asia,Bachelor's,N,Y,8789,1993,South,108619.03,Year,Y,Denied
EZYV24025,Asia,High School,Y,N,2289,1898,South,147776.29,Year,Y,Certified
EZYV13271,Asia,Doctorate,Y,Y,2346,1999,South,84650.77,Year,Y,Certified
EZYV24309,Asia,Bachelor's,N,N,1334,1998,Northeast,30869.08,Year,Y,Certified
EZYV17790,North America,Bachelor's,Y,N,1167,2009,Northeast,87751.88,Week,Y,Certified
EZYV23580,Europe,Master's,Y,N,764,1998,West,13239.84,Year,Y,Certified
EZYV10278,Asia,Bachelor's,Y,N,1393,1838,Northeast,122080.87,Year,Y,Denied
EZYV12258,Europe,Bachelor's,N,Y,55693,1999,Northeast,80690.23,Year,N,Denied
EZYV15072,Asia,Bachelor's,N,N,123,1974,West,32714.4,Year,Y,Denied
EZYV6999,Europe,Master's,Y,N,3651,2008,Midwest,121336.88,Year,Y,Certified
EZYV24078,Europe,Doctorate,N,Y,574,2005,South,54989.01,Year,Y,Certified
EZYV14570,Europe,Bachelor's,N,Y,2177,1955,Northeast,114910.73,Year,Y,Denied
EZYV9280,Asia,Bachelor's,N,N,3160,1973,Northeast,146170.16,Year,Y,Certified
EZYV21909,Asia,Master's,Y,N,1416,1961,Northeast,105047.44,Year,N,Certified
EZYV22270,Asia,Master's,N,N,1969,1995,Northeast,166818.97,Year,N,Certified
EZYV4677,Asia,High School,N,N,1656,1977,South,303.0795,Hour,Y,Denied
EZYV22449,North America,Master's,Y,N,5197,1977,South,110184.98,Week,Y,Denied
EZYV15454,Asia,High School,N,Y,1791,1997,Northeast,102957.55,Year,Y,Denied
EZYV6309,Asia,Master's,N,Y,15205,2000,West,103394.94,Year,Y,Certified
EZYV19203,Europe,Bachelor's,N,N,501,2014,South,106701.9,Year,Y,Certified
EZYV11093,Asia,Master's,Y,Y,2401,2004,Northeast,54400.64,Year,Y,Certified
EZYV3053,Europe,Master's,Y,N,2984,1994,West,38136.75,Year,Y,Certified
EZYV2215,North America,Bachelor's,N,N,4907,2008,South,288.4735,Hour,Y,Certified
EZYV15427,Europe,Doctorate,N,Y,1265,2001,South,116453.56,Year,Y,Denied
EZYV21015,North America,Master's,Y,N,90320,1837,Island,127248.19,Year,Y,Certified
EZYV22229,Africa,Bachelor's,Y,N,985,1988,Northeast,69719.8,Year,Y,Certified
EZYV7480,North America,Master's,N,N,137,1968,Northeast,106782.97,Year,Y,Certified
EZYV8774,Asia,Master's,Y,N,4697,1997,South,42492.2,Year,Y,Certified
EZYV6068,Asia,High School,N,N,4104,2007,Midwest,43133.71,Year,Y,Denied
EZYV5503,Asia,Bachelor's,N,N,1147,1981,South,79251.87,Year,Y,Certified
EZYV11218,Europe,Bachelor's,N,N,4334,2012,Northeast,25997.89,Year,Y,Certified
EZYV7978,Europe,Doctorate,N,N,1685,2007,West,23911.18,Year,Y,Certified
EZYV17776,Europe,Bachelor's,Y,Y,404,1970,West,53546.52,Year,Y,Certified
EZYV13650,Asia,Doctorate,N,Y,19885,1990,West,83787.64,Year,Y,Certified
EZYV10069,North America,Bachelor's,Y,N,501,1940,Northeast,395.8561,Hour,Y,Certified
EZYV24544,Asia,Master's,Y,N,4705,1969,Northeast,27036.48,Year,Y,Certified
EZYV10750,North America,Bachelor's,N,N,1432,2011,Midwest,131073.31,Year,Y,Denied
EZYV19638,Europe,Bachelor's,Y,Y,427,1985,Northeast,81287.52,Year,Y,Denied
EZYV12080,Asia,High School,Y,N,79,1874,South,102719.92,Year,Y,Denied
EZYV4688,Asia,Master's,N,N,1290,2013,West,100.5384,Hour,Y,Denied
EZYV3503,Asia,Bachelor's,N,N,3442,1901,South,62556.65,Year,Y,Denied
EZYV23348,Asia,Bachelor's,Y,N,748,1943,Midwest,67535.72,Year,Y,Certified
EZYV12655,Asia,Master's,N,N,2615,2001,Northeast,63221.56,Year,N,Denied
EZYV328,Europe,Doctorate,Y,N,5075,1981,Northeast,36028.54,Year,Y,Certified
EZYV9522,Asia,Bachelor's,Y,N,758,1971,Northeast,56001.24,Year,Y,Certified
EZYV15763,Europe,Master's,N,N,5459,1882,Northeast,71819.68,Year,Y,Certified
EZYV7278,Asia,Master's,Y,N,897,2002,Midwest,85842.62,Year,Y,Certified
EZYV24876,Africa,Master's,Y,N,3287,2011,Northeast,81248.19,Year,Y,Certified
EZYV13097,Asia,Master's,Y,N,4629,1999,Northeast,45903.53,Week,Y,Certified
EZYV19341,Asia,Master's,N,N,4409,1863,Northeast,2192.78,Year,Y,Denied
EZYV15286,Asia,High School,N,N,3941,1999,Northeast,23722.89,Year,Y,Denied
EZYV19692,Asia,Bachelor's,N,N,9306,1991,South,105035.67,Year,Y,Certified
EZYV22283,North America,Master's,N,N,25733,1920,West,128367.28,Year,N,Certified
EZYV8272,North America,Master's,Y,N,2532,1977,West,125625.87,Week,Y,Denied
EZYV7569,Asia,Master's,N,N,1502,2005,West,103686.03,Year,Y,Certified
EZYV25262,North America,Bachelor's,N,N,457,2012,West,580.1652,Hour,Y,Denied
EZYV6678,Europe,High School,Y,N,499,1838,Northeast,590.56,Year,Y,Denied
EZYV14800,Asia,Master's,N,Y,768,1989,Northeast,87557.45,Year,Y,Certified
EZYV1550,Asia,Bachelor's,Y,N,3702,1952,South,107686.68,Week,Y,Certified
EZYV10111,North America,Master's,Y,N,3939,1878,Northeast,37480.14,Year,Y,Certified
EZYV22239,Asia,Bachelor's,N,N,1229,1983,Northeast,687.06,Year,Y,Denied
EZYV8953,South America,Bachelor's,N,N,931,2001,South,60900.95,Year,Y,Denied
EZYV7131,Asia,High School,N,N,4132,2005,South,103819.7,Year,Y,Denied
EZYV1621,Asia,Bachelor's,Y,N,3302,2002,South,56875.61,Year,Y,Certified
EZYV6427,Asia,Bachelor's,N,N,3083,2013,West,215234.01,Year,Y,Certified
EZYV11538,Asia,High School,Y,N,3441,1997,Northeast,16853.64,Year,Y,Denied
EZYV4285,Asia,Master's,Y,N,2503,1855,South,99846.26,Year,Y,Certified
EZYV4411,Asia,High School,Y,N,1346,1998,Island,162945.06,Year,Y,Denied
EZYV1600,Asia,Bachelor's,N,N,917,2002,West,206060.69,Year,Y,Denied
EZYV21847,Asia,Bachelor's,Y,N,1495,2005,Midwest,85822.84,Year,Y,Certified
EZYV3336,Asia,Master's,Y,N,2904,2010,West,40999.3,Year,Y,Certified
EZYV19930,Europe,Master's,Y,N,2138,1991,West,23291.96,Year,Y,Certified
EZYV20341,Europe,Doctorate,N,N,3316,1947,South,37283.08,Year,Y,Denied
EZYV25412,Asia,Master's,Y,N,1963,1999,West,49482.51,Year,Y,Denied
EZYV9330,Asia,High School,N,N,2644,2000,Midwest,61499.17,Year,Y,Denied
EZYV23143,Asia,Master's,N,N,3578,1905,Midwest,30245.21,Year,Y,Certified
EZYV6595,Europe,Master's,Y,N,3623,1984,Northeast,25189.99,Year,Y,Certified
EZYV4475,Asia,High School,N,N,1024,2011,West,75680.3,Year,Y,Denied
EZYV7960,Asia,High School,N,N,1353,2002,Midwest,37967.63,Year,Y,Denied
EZYV11456,Asia,Bachelor's,N,N,4138,1990,West,104054.92,Year,Y,Certified
EZYV15714,North America,Bachelor's,Y,N,423,1995,Midwest,68153.44,Year,N,Certified
EZYV14425,Europe,Master's,N,N,1909,1999,South,90324.07,Year,N,Certified
EZYV5188,Asia,Bachelor's,Y,N,2397,2008,Northeast,15272.48,Year,Y,Denied
EZYV17270,Europe,Master's,Y,N,1001,1953,South,50436.32,Year,Y,Certified
EZYV15238,Asia,Bachelor's,N,Y,20536,2016,South,117973.61,Year,Y,Certified
EZYV446,Asia,Doctorate,N,N,894,1851,West,170188.95,Year,Y,Denied
EZYV21208,Europe,High School,N,N,2322,1994,West,45328.72,Year,Y,Certified
EZYV2201,Asia,Bachelor's,Y,N,5140,1993,West,22856.14,Year,Y,Certified
EZYV510,Asia,High School,Y,Y,936,1855,South,144869.09,Year,Y,Certified
EZYV9319,Asia,Bachelor's,N,N,2293,2007,Midwest,91164.51,Year,Y,Certified
EZYV18298,Asia,Bachelor's,N,N,1991,2005,Midwest,89939.32,Year,Y,Certified
EZYV6773,Europe,Master's,Y,N,476,1990,West,120289.91,Week,Y,Certified
EZYV24847,North America,Master's,N,N,50,1979,South,283.2243,Hour,Y,Denied
EZYV8748,Europe,High School,N,Y,430,2011,Northeast,35785.02,Year,Y,Denied
EZYV9285,Asia,Master's,Y,N,22399,1869,West,66501.85,Year,Y,Certified
EZYV21375,Asia,Master's,Y,N,1467,2006,Midwest,14890.6,Year,Y,Certified
EZYV6064,Asia,Bachelor's,Y,N,667,1997,South,67663.21,Year,Y,Certified
EZYV18500,Asia,Master's,N,N,3060,2001,Northeast,106200.19,Year,Y,Certified
EZYV10448,Asia,Bachelor's,N,N,3960,1870,Northeast,48348.59,Year,Y,Denied
EZYV23557,Asia,Master's,N,N,595,1997,West,60421.35,Year,Y,Denied
EZYV18973,Oceania,High School,Y,N,3399,1998,Midwest,162579.62,Year,Y,Denied
EZYV7351,Asia,Bachelor's,N,N,373,1997,South,452.037,Hour,Y,Denied
EZYV23933,Asia,Bachelor's,Y,Y,1037,2006,Northeast,109188.76,Year,Y,Certified
EZYV11102,Europe,Bachelor's,N,N,2879,1981,South,110905.75,Year,Y,Certified
EZYV5871,Asia,Master's,Y,N,4110,1994,South,73826.51,Year,Y,Certified
EZYV6794,Asia,Master's,Y,N,2921,1979,Midwest,89640.28,Year,Y,Certified
EZYV7492,Asia,Bachelor's,Y,N,72,1840,South,40830.05,Year,Y,Certified
EZYV11693,Europe,High School,Y,N,1419,2009,Midwest,84773.61,Year,Y,Denied
EZYV24365,Asia,Bachelor's,Y,N,444,2012,South,35378.68,Year,Y,Denied
EZYV17084,North America,Bachelor's,Y,N,1324,1985,West,371.0813,Hour,Y,Denied
EZYV12057,North America,Bachelor's,N,N,3191,1977,West,170236.68,Year,Y,Certified
EZYV24822,Europe,Master's,Y,N,2766,2003,Midwest,42943.44,Year,Y,Certified
EZYV10218,Asia,Bachelor's,Y,N,5824,1989,Northeast,55947.9,Year,Y,Certified
EZYV18426,Asia,Bachelor's,Y,N,2149,2001,West,82560.14,Year,Y,Denied
EZYV1065,Asia,Bachelor's,Y,N,3260,1983,Northeast,100672.28,Year,Y,Certified
EZYV24953,North America,Master's,Y,N,23419,1946,West,9832.11,Year,Y,Denied
EZYV3517,Asia,Bachelor's,Y,N,4069,1984,South,61313.77,Year,Y,Certified
EZYV8658,Asia,Bachelor's,Y,N,19,2007,Northeast,8933.57,Year,Y,Denied
EZYV23232,Europe,Bachelor's,N,N,387,2011,Northeast,79574.54,Year,Y,Denied
EZYV11567,Asia,Master's,Y,N,732,1937,Northeast,53552.67,Year,N,Certified
EZYV6934,Asia,Master's,N,N,17692,2010,Midwest,75867.09,Year,Y,Certified
EZYV8296,Asia,Master's,N,N,2525,1892,South,171075.49,Year,N,Certified
EZYV22241,Europe,Master's,N,Y,2366,1981,West,28643.83,Year,Y,Denied
EZYV17587,Asia,Master's,N,Y,839,2005,West,10814.15,Year,Y,Certified
EZYV1522,Europe,High School,Y,N,867,1946,South,8257.35,Year,Y,Certified
EZYV24697,Asia,Master's,Y,N,1873,1897,Northeast,126538.01,Year,Y,Denied
EZYV25101,Asia,Master's,N,N,3018,1959,Midwest,69449.42,Year,Y,Certified
EZYV8349,Asia,High School,N,Y,1318,2013,West,112247.36,Year,Y,Denied
EZYV17478,Oceania,Bachelor's,Y,N,3349,1977,Northeast,95162.71,Year,Y,Denied
EZYV23603,Asia,Master's,Y,N,3190,1995,West,29062.21,Year,Y,Certified
EZYV12171,Asia,Master's,Y,N,401,1989,Northeast,58489.89,Year,Y,Certified
EZYV15100,Asia,High School,Y,N,674,2002,South,149698.04,Year,Y,Denied
EZYV18382,North America,Master's,Y,N,634,1993,West,55105.56,Year,Y,Certified
EZYV9482,Asia,High School,N,Y,3463,1978,South,70185.45,Year,Y,Denied
EZYV12697,Asia,High School,Y,N,2903,1998,Northeast,107103.39,Year,Y,Denied
EZYV7020,Asia,Master's,Y,N,582,1973,South,225.4865,Hour,Y,Certified
EZYV21445,Asia,Master's,Y,N,568,2001,South,46104.94,Year,N,Certified
EZYV20055,Asia,Bachelor's,Y,N,74693,1926,South,10820.13,Year,Y,Certified
EZYV16898,Africa,Bachelor's,Y,N,3497,1980,South,88604.22,Year,Y,Certified
EZYV19776,South America,Bachelor's,N,N,676,2001,South,118118.37,Year,Y,Denied
EZYV5351,Asia,Bachelor's,Y,N,1026,2003,West,55901.31,Year,Y,Denied
EZYV12772,North America,High School,Y,N,2305,2007,West,32828.75,Year,Y,Denied
EZYV8846,Asia,Doctorate,N,Y,3006,1822,South,92050.86,Year,Y,Certified
EZYV4881,Asia,Master's,N,N,1522,1987,West,678.6486,Hour,Y,Certified
EZYV2540,Asia,Master's,Y,N,3631,2002,West,38680.32,Year,Y,Certified
EZYV5696,Europe,Doctorate,Y,N,5160,1996,South,48554.06,Year,Y,Certified
EZYV11169,Asia,Master's,Y,N,5337,2007,South,98271.46,Year,N,Certified
EZYV4086,Asia,Master's,N,N,3405,1921,South,61261.02,Year,Y,Denied
EZYV14767,Asia,Master's,Y,N,4979,2010,Northeast,8922.74,Year,Y,Certified
EZYV984,Asia,Master's,Y,N,1836,1975,West,16780.57,Year,Y,Certified
EZYV5904,North America,High School,Y,N,739,1995,Northeast,4201.92,Year,Y,Certified
EZYV8063,Asia,High School,Y,N,469,1986,West,72210.94,Year,Y,Denied
EZYV6185,Asia,High School,Y,N,680,1848,Midwest,146548.12,Year,Y,Denied
EZYV2954,Asia,High School,Y,N,2601,1919,West,94985.97,Year,Y,Denied
EZYV1724,Europe,Bachelor's,N,N,1828,1898,West,254.937,Hour,Y,Certified
EZYV17846,North America,Master's,Y,N,5546,1996,South,29592.4,Year,Y,Certified
EZYV7337,North America,Master's,Y,N,1658,1977,West,53884.03,Year,Y,Certified
EZYV22926,North America,Bachelor's,Y,N,3460,2008,West,16825.53,Year,Y,Certified
EZYV15762,North America,Doctorate,Y,N,1296,2005,West,281590.41,Year,N,Certified
EZYV24615,Asia,Master's,Y,N,2966,1882,Northeast,33428.28,Year,Y,Denied
EZYV16361,Africa,Doctorate,N,N,183,2010,Northeast,19425.4,Month,Y,Certified
EZYV22750,North America,Bachelor's,Y,N,2594,1995,Northeast,36467.45,Year,N,Certified
EZYV14184,Asia,High School,N,N,2647,1985,South,69254.2,Year,Y,Denied
EZYV14177,Asia,Master's,Y,N,1332,1861,South,58991.09,Year,Y,Certified
EZYV8010,Asia,High School,Y,Y,1622,1976,Northeast,44127.86,Year,Y,Denied
EZYV21371,Asia,Bachelor's,N,N,1737,2003,South,61155.52,Year,Y,Denied
EZYV13313,Asia,Bachelor's,N,Y,1748,2001,Northeast,82612.39,Year,Y,Certified
EZYV1035,Asia,Doctorate,Y,N,1945,2005,West,170656.55,Year,N,Certified
EZYV16349,Asia,Bachelor's,Y,N,2686,2005,Midwest,50955.21,Year,Y,Denied
EZYV18013,Asia,Bachelor's,Y,N,2843,1987,Northeast,262777.69,Year,Y,Certified
EZYV10909,Europe,Bachelor's,Y,N,3057,1999,South,95249.45,Year,Y,Denied
EZYV20376,Asia,Master's,N,N,882,1976,South,153744.28,Year,Y,Denied
EZYV5416,Asia,Master's,Y,N,2704,2014,Island,123423.01,Year,Y,Certified
EZYV12487,Asia,Bachelor's,Y,N,2467,1986,South,93026.69,Year,Y,Certified
EZYV2314,Asia,Master's,Y,N,1011,2001,West,34111.84,Year,Y,Certified
EZYV8603,Asia,Bachelor's,N,Y,1846,1981,Midwest,184489.89,Year,Y,Certified
EZYV23622,Oceania,Master's,Y,N,1820,1904,West,92178.26,Year,Y,Certified
EZYV15133,Asia,High School,N,N,352,1884,Northeast,36180.2,Year,Y,Denied
EZYV15917,Asia,Bachelor's,N,N,845,1946,South,62528.22,Year,Y,Certified
EZYV18135,Asia,Master's,Y,N,3326,2007,South,105869.16,Year,Y,Certified
EZYV19436,Europe,High School,Y,N,2994,1961,South,3048.5,Month,Y,Certified
EZYV1788,Asia,Doctorate,Y,N,10449,1976,South,52287.64,Year,Y,Certified
EZYV20074,Asia,Master's,N,Y,375,1997,Northeast,49546.12,Year,Y,Certified
EZYV10675,Asia,Master's,Y,N,7015,2012,Northeast,87975.29,Year,Y,Certified
EZYV4084,North America,Master's,Y,N,4050,2014,Northeast,77701.72,Year,Y,Certified
EZYV7173,Asia,Bachelor's,N,Y,2324,1937,Island,93560.12,Year,Y,Certified
EZYV22631,Asia,Doctorate,Y,N,156,2009,South,56459.72,Year,Y,Certified
EZYV15708,Asia,Bachelor's,Y,N,1996,1995,South,118230.11,Year,Y,Certified
EZYV21004,North America,Bachelor's,Y,N,1861,1979,South,94785.32,Year,Y,Certified
EZYV11623,Africa,Bachelor's,N,N,451,2000,South,66.1509,Hour,Y,Certified
EZYV2577,Asia,Master's,Y,N,4041,2006,West,56544.67,Year,Y,Certified
EZYV8818,Asia,Master's,Y,N,1530,1987,West,131241.28,Year,Y,Certified
EZYV12195,South America,Master's,Y,N,3504,1989,South,75063.57,Year,Y,Certified
EZYV24912,Asia,Bachelor's,Y,N,2913,2011,Northeast,101317.47,Year,Y,Certified
EZYV13635,Asia,Bachelor's,Y,N,3942,2007,Northeast,96480.76,Year,Y,Denied
EZYV4646,Europe,Doctorate,N,Y,2320,1872,West,4011.29,Year,Y,Certified
EZYV5976,Asia,Master's,N,N,2584,2010,Midwest,136159.98,Year,Y,Certified
EZYV24948,Asia,Master's,Y,N,4962,2011,West,67150.82,Year,N,Certified
EZYV4194,Asia,Master's,Y,N,2724,2013,Midwest,16285.97,Year,Y,Certified
EZYV17878,Asia,Master's,Y,N,981,1986,West,54621.91,Year,Y,Certified
EZYV13058,Asia,Doctorate,Y,N,2683,1982,Northeast,66566.56,Year,Y,Certified
EZYV8288,Europe,High School,Y,N,397,1992,Midwest,95111.16,Year,Y,Denied
EZYV1059,Asia,High School,Y,N,3448,2006,South,49453.08,Year,Y,Certified
EZYV23718,South America,Bachelor's,Y,N,269,1914,Midwest,243190.47,Year,Y,Certified
EZYV19989,Asia,Master's,Y,N,5194,2003,South,31682.52,Year,Y,Certified
EZYV21478,Asia,Master's,Y,N,4374,2002,West,122203.35,Year,Y,Denied
EZYV17237,Asia,Master's,N,N,3788,1995,Northeast,82201.17,Year,Y,Denied
EZYV3581,North America,Bachelor's,N,N,3010,2006,Northeast,469.7371,Hour,Y,Denied
EZYV5569,Asia,Bachelor's,N,Y,4383,2013,West,16220.77,Year,Y,Certified
EZYV2826,Europe,High School,Y,N,1542,1902,West,76719.33,Year,Y,Denied
EZYV3304,Asia,High School,Y,N,4568,1992,Northeast,67072.82,Year,Y,Denied
EZYV13214,Asia,Bachelor's,Y,N,2227,1994,Northeast,43779.72,Year,Y,Certified
EZYV23040,Asia,Bachelor's,Y,N,4738,2004,Northeast,12501.73,Year,Y,Certified
EZYV8037,Africa,Bachelor's,Y,N,4039,2000,Midwest,82582.93,Year,Y,Certified
EZYV11823,Asia,Doctorate,N,N,341,1997,South,431.9931,Hour,Y,Certified
EZYV11984,Asia,Doctorate,Y,Y,510,1992,Midwest,215141.66,Year,Y,Certified
EZYV18307,Asia,High School,N,N,657,1970,Midwest,124215.92,Year,Y,Certified
EZYV9913,Asia,Master's,Y,N,313,1874,South,191578.46,Year,Y,Certified
EZYV12361,Asia,Master's,N,N,177,1991,Northeast,325.346,Hour,Y,Certified
EZYV7729,Asia,High School,Y,Y,1704,1997,South,136534.18,Year,Y,Denied
EZYV21712,Asia,Master's,N,N,2511,1848,Northeast,136974.24,Year,Y,Denied
EZYV24141,Asia,Master's,N,N,1011,1994,West,138708.21,Year,Y,Denied
EZYV13324,Europe,Master's,Y,N,3568,2010,South,49642.64,Year,Y,Certified
EZYV3570,Asia,Master's,Y,Y,1318,1908,South,87227.16,Year,Y,Certified
EZYV20489,Europe,Master's,Y,N,216,1968,South,80039.81,Year,Y,Certified
EZYV7157,South America,Master's,N,N,695,1997,West,8575.23,Year,Y,Certified
EZYV17157,Asia,High School,N,N,4892,2010,Northeast,54969.76,Year,Y,Denied
EZYV17438,Asia,Doctorate,Y,N,61171,1987,Island,198846.65,Year,Y,Certified
EZYV13954,Asia,Master's,N,N,5371,1964,Northeast,110650.93,Year,N,Certified
EZYV1109,Asia,Bachelor's,N,N,6043,2001,Northeast,43633.69,Year,N,Denied
EZYV3199,Asia,Bachelor's,N,N,100070,1818,South,56845.52,Year,Y,Denied
EZYV16654,Asia,Bachelor's,N,N,876,1981,South,34115.93,Year,Y,Denied
EZYV12844,Asia,Doctorate,N,Y,2927,1970,West,69019.9,Year,Y,Certified
EZYV3907,Asia,Bachelor's,N,N,1308,2007,West,36831.93,Year,Y,Denied
EZYV10444,Asia,Master's,N,N,2872,2002,South,98336.18,Year,Y,Certified
EZYV2743,Asia,Master's,Y,N,1172,2002,West,158.5,Year,Y,Certified
EZYV20897,Europe,Doctorate,Y,N,2189,2005,South,8977.46,Year,Y,Certified
EZYV11300,Asia,High School,Y,N,3763,2004,West,157559.04,Year,Y,Denied
EZYV153,Asia,High School,Y,N,255,2003,Northeast,412.3476,Hour,Y,Denied
EZYV12541,Asia,Bachelor's,Y,N,4523,2001,South,220817.57,Year,Y,Certified
EZYV4229,Asia,Master's,Y,N,2253,1946,Northeast,7333.24,Year,Y,Certified
EZYV21896,Asia,Master's,Y,N,170,1998,West,53723.3,Year,Y,Denied
EZYV3448,Europe,High School,Y,N,1495,1999,Midwest,112188.11,Year,Y,Denied
EZYV11332,Europe,Doctorate,Y,N,907,1970,South,61999.27,Year,Y,Certified
EZYV23851,Asia,Bachelor's,Y,N,445,2006,South,60473.56,Year,Y,Denied
EZYV23925,Asia,Doctorate,N,N,1524,2008,South,86798.82,Year,Y,Certified
EZYV9320,North America,Master's,Y,N,3253,2009,Northeast,23130.58,Year,Y,Denied
EZYV20319,Europe,High School,N,N,1956,1970,Northeast,24347.32,Year,Y,Certified
EZYV17564,Asia,Master's,Y,N,977,1997,Northeast,74149.97,Year,N,Denied
EZYV25313,North America,Master's,N,N,3298,1948,Midwest,98554.98,Year,N,Certified
EZYV12855,South America,High School,Y,N,3500,2007,West,118484.48,Year,Y,Denied
EZYV9410,North America,Master's,N,N,895,1988,Midwest,63210.22,Year,N,Certified
EZYV3019,North America,Master's,Y,N,5174,1991,West,16774.53,Year,N,Certified
EZYV18558,Asia,High School,Y,N,1870,2004,West,85979.34,Year,Y,Certified
EZYV11013,Asia,Master's,N,N,4746,2003,Midwest,127706.35,Year,N,Certified
EZYV17277,Asia,Bachelor's,N,N,2382,1933,South,219321.41,Year,N,Certified
EZYV10075,Asia,Master's,Y,N,45,1838,Northeast,24364.9,Year,Y,Certified
EZYV11531,Asia,Master's,Y,N,6237,2008,Northeast,54822.52,Year,Y,Certified
EZYV17948,South America,Bachelor's,N,Y,4932,2003,South,72224.12,Year,N,Denied
EZYV8213,Asia,Bachelor's,N,Y,244,1999,West,104840.07,Year,Y,Denied
EZYV13679,South America,Master's,N,N,2661,2010,West,216011.19,Year,N,Certified
EZYV20669,Asia,Master's,N,Y,1623,1997,West,63931.26,Year,Y,Certified
EZYV6694,Asia,Master's,Y,N,99,1895,Midwest,167433.25,Year,Y,Certified
EZYV8423,Asia,Bachelor's,Y,N,70952,2014,West,90738.04,Year,Y,Certified
EZYV15675,Asia,Master's,Y,N,357,1943,South,49762.6,Year,Y,Certified
EZYV20354,South America,High School,N,N,2893,1884,South,689.9597,Hour,Y,Denied
EZYV13701,Asia,High School,N,N,1305,1851,South,343.5729,Hour,Y,Denied
EZYV13350,Asia,High School,Y,N,3782,1991,Midwest,62307.13,Year,Y,Denied
EZYV6906,South America,Bachelor's,Y,N,948,2006,Northeast,24291.5,Year,Y,Denied
EZYV23258,Asia,Bachelor's,Y,N,2213,2009,West,50232.84,Year,Y,Denied
EZYV5794,North America,Master's,N,N,2206,2001,South,121695.1,Year,Y,Certified
EZYV20578,Asia,Master's,Y,Y,1367,2009,West,124801.84,Year,Y,Certified
EZYV11832,Asia,Master's,N,N,3000,1996,Midwest,133618.25,Year,Y,Certified
EZYV4083,Europe,Bachelor's,N,N,767,2007,South,2641.28,Year,Y,Certified
EZYV9100,Asia,Master's,Y,N,3302,1954,Northeast,125916.86,Year,Y,Certified
EZYV14292,Oceania,Bachelor's,Y,N,2650,2005,Northeast,136637.29,Year,Y,Certified
EZYV1793,Asia,Bachelor's,N,N,3167,1981,Northeast,10474.05,Year,N,Denied
EZYV12540,Asia,Master's,Y,N,2394,1999,South,49758.87,Year,Y,Certified
EZYV4518,Asia,Bachelor's,Y,N,4716,2004,West,431.8261,Hour,Y,Denied
EZYV6982,Asia,Bachelor's,Y,N,1471,1956,Midwest,4502.98,Year,Y,Certified
EZYV8839,Asia,Master's,N,N,533,1958,Midwest,190371.69,Year,Y,Certified
EZYV21035,Asia,Master's,N,N,170,2003,Northeast,79789.39,Year,Y,Certified
EZYV21755,Asia,High School,Y,N,1784,2007,South,189808.85,Year,Y,Certified
EZYV20953,Asia,High School,Y,N,4406,2010,West,30393.4,Year,Y,Denied
EZYV14028,Asia,Bachelor's,Y,N,468,2000,Midwest,113779.17,Year,N,Certified
EZYV9200,Asia,High School,N,Y,1546,1993,Midwest,115755.84,Year,Y,Denied
EZYV2156,Europe,Master's,N,N,365,1948,Midwest,136294.36,Year,N,Certified
EZYV19360,Europe,Master's,Y,N,3977,2001,Northeast,40647.02,Year,Y,Certified
EZYV4185,Asia,Master's,Y,N,28059,2006,Northeast,73977.98,Year,Y,Certified
EZYV2329,Asia,Bachelor's,Y,N,180697,1904,South,191.6301,Hour,Y,Certified
EZYV5321,Asia,Master's,Y,N,2998,1987,Midwest,100211.11,Year,Y,Certified
EZYV8561,Asia,Master's,Y,N,34788,1977,West,138783.52,Year,Y,Certified
EZYV6638,North America,High School,N,N,3283,1999,South,179.6437,Hour,Y,Certified
EZYV16514,Asia,Bachelor's,N,N,744,1969,Northeast,87644.49,Year,Y,Certified
EZYV9920,Asia,Bachelor's,Y,Y,1232,1992,Northeast,52181.5,Year,Y,Denied
EZYV20254,Asia,Master's,Y,N,759,1949,Northeast,76789.69,Year,Y,Certified
EZYV2708,Asia,High School,N,N,1124,2004,Northeast,15705.08,Year,Y,Denied
EZYV8544,Europe,Master's,Y,N,630,1997,Northeast,52832.65,Year,Y,Certified
EZYV6059,Asia,Master's,Y,N,3077,1971,South,5632.25,Year,Y,Certified
EZYV5282,North America,Bachelor's,Y,N,3816,2008,South,26451.92,Year,N,Denied
EZYV7361,Asia,Master's,N,N,2256,1998,West,59087.27,Year,Y,Certified
EZYV11016,Asia,Doctorate,Y,N,25255,2001,Midwest,157034.33,Year,Y,Certified
EZYV22478,Europe,Master's,Y,N,1471,1834,Midwest,115523.78,Year,Y,Certified
EZYV19288,North America,Bachelor's,Y,Y,4651,1984,South,21650.68,Year,Y,Denied
EZYV6991,Asia,Bachelor's,N,N,1498,2000,West,100240.42,Year,N,Denied
EZYV17851,Asia,High School,Y,N,1456,1998,West,29755.58,Year,Y,Certified
EZYV21087,Europe,Doctorate,N,N,882,2007,West,27172.0,Year,Y,Denied
EZYV18274,South America,Bachelor's,N,Y,677,2003,West,52154.61,Year,Y,Certified
EZYV3470,Europe,Doctorate,Y,N,2569,2001,Northeast,39460.63,Year,Y,Certified
EZYV17582,Asia,Bachelor's,Y,N,2527,1984,West,99965.81,Year,Y,Denied
EZYV8452,Asia,Bachelor's,N,N,2448,2009,Midwest,124252.65,Year,Y,Certified
EZYV18422,Europe,Doctorate,Y,N,2098,1855,Northeast,101422.95,Year,Y,Certified
EZYV19283,South America,Master's,Y,N,553,1998,Northeast,129819.33,Year,Y,Certified
EZYV22395,Europe,Doctorate,N,N,218,2010,Midwest,78484.73,Year,Y,Certified
EZYV7940,South America,Bachelor's,N,N,664,2005,South,59789.05,Year,Y,Certified
EZYV21260,Asia,Master's,Y,N,2031,1993,South,91545.59,Year,N,Certified
EZYV513,Asia,Master's,Y,N,2020,2000,South,795.4405,Hour,Y,Certified
EZYV8393,Asia,Bachelor's,Y,N,335,1892,South,136736.98,Year,Y,Certified
EZYV17622,Africa,Master's,Y,N,348,2009,Midwest,31106.89,Year,Y,Certified
EZYV10007,North America,Master's,N,N,2816,1974,Northeast,9.5331,Hour,Y,Denied
EZYV20447,North America,Master's,N,N,481,2002,Northeast,124658.25,Year,Y,Denied
EZYV19204,Europe,Bachelor's,N,N,1729,1854,South,632.4488,Hour,Y,Denied
EZYV20403,Asia,High School,N,N,1435,2002,West,83829.72,Year,Y,Certified
EZYV23772,Asia,High School,Y,N,3483,1980,Northeast,43352.31,Year,Y,Certified
EZYV1258,Asia,Master's,Y,N,711,1998,Midwest,107059.97,Year,Y,Certified
EZYV15398,Asia,Bachelor's,N,Y,331,2012,South,98178.33,Year,Y,Certified
EZYV10335,Asia,Bachelor's,N,N,4418,2011,West,89092.19,Year,Y,Certified
EZYV10697,Asia,Bachelor's,Y,N,1738,1978,Northeast,85489.26,Year,Y,Certified
EZYV15662,Asia,Bachelor's,Y,N,5338,2005,West,61838.26,Year,Y,Certified
EZYV14661,Asia,Master's,N,N,755,2000,Northeast,160078.93,Year,Y,Denied
EZYV8178,Europe,Master's,N,N,575,2009,West,7402.21,Year,Y,Certified
EZYV5120,Asia,Bachelor's,N,N,546,1994,South,122591.85,Year,Y,Certified
EZYV20663,North America,Master's,Y,N,1347,1997,Northeast,36966.56,Year,N,Certified
EZYV11182,Asia,Bachelor's,N,N,1315,1999,South,21691.27,Year,Y,Certified
EZYV19107,Asia,Bachelor's,Y,N,858,2008,Midwest,61678.24,Year,Y,Certified
EZYV178,Asia,Bachelor's,Y,N,2708,2010,Northeast,109921.68,Year,Y,Certified
EZYV15223,North America,Doctorate,Y,N,1700,1997,West,39102.35,Year,Y,Certified
EZYV2473,Asia,Master's,N,Y,4274,1904,Northeast,41774.3,Year,Y,Denied
EZYV13328,Europe,Bachelor's,Y,N,1219,1985,West,18203.27,Year,Y,Certified
EZYV15750,Asia,Master's,N,N,639,1882,Northeast,962.8543,Hour,Y,Certified
EZYV16257,North America,Bachelor's,Y,N,3241,1993,Northeast,123.15,Hour,Y,Certified
EZYV11238,Asia,Bachelor's,Y,N,1642,1996,Northeast,149550.35,Year,Y,Certified
EZYV23472,Asia,Master's,N,N,3610,2004,Northeast,185167.96,Year,Y,Certified
EZYV20827,Asia,High School,Y,N,2481,1996,West,47748.6,Year,Y,Denied
EZYV10770,Asia,Master's,N,N,66191,1996,South,119908.2,Year,N,Denied
EZYV16279,Asia,Master's,Y,N,37,1968,South,42289.48,Year,Y,Certified
EZYV11491,Asia,Master's,N,N,3208,2001,South,81536.29,Year,Y,Certified
EZYV23050,Asia,Bachelor's,N,N,1217,1902,West,351.7109,Hour,Y,Denied
EZYV48,Asia,High School,Y,N,226,1991,Midwest,156251.17,Year,Y,Certified
EZYV24713,Asia,Master's,Y,N,850,2001,South,109.97,Hour,Y,Certified
EZYV17920,Europe,Master's,Y,N,768,2013,South,83415.56,Year,Y,Certified
EZYV12094,Africa,Master's,Y,N,116,1963,West,85108.78,Year,Y,Certified
EZYV9589,Asia,Bachelor's,N,N,1768,1994,West,55340.98,Year,Y,Certified
EZYV3756,South America,Bachelor's,Y,N,3019,1944,Midwest,27291.1,Year,Y,Certified
EZYV21340,North America,Doctorate,Y,N,602069,2011,Northeast,25181.63,Year,Y,Certified
EZYV20703,Asia,Master's,N,N,1453,1989,South,75829.13,Year,Y,Certified
EZYV11564,Asia,Bachelor's,Y,N,1116,1998,South,18821.35,Year,Y,Denied
EZYV19146,Asia,Bachelor's,N,N,1327,2013,Northeast,92222.04,Year,Y,Certified
EZYV24692,Asia,Bachelor's,Y,N,1229,1996,Northeast,115000.96,Year,Y,Certified
EZYV12521,Asia,Bachelor's,N,N,1736,2002,West,107578.85,Year,Y,Denied
EZYV11695,Asia,Bachelor's,N,N,23239,1953,Northeast,88924.34,Year,Y,Denied
EZYV18543,North America,Bachelor's,N,N,1399,1838,Northeast,89379.99,Year,Y,Certified
EZYV15475,Asia,Master's,N,N,876,1817,Northeast,1730.2,Year,Y,Denied
EZYV7495,North America,Bachelor's,Y,N,1342,1991,South,130318.3,Year,N,Certified
EZYV23916,Asia,Bachelor's,Y,N,1399,2007,Midwest,46291.81,Year,Y,Certified
EZYV8093,North America,Bachelor's,N,N,58990,1986,West,43458.59,Year,Y,Certified
EZYV19187,Asia,Master's,Y,N,2343,1986,South,2647.81,Year,Y,Certified
EZYV16696,Europe,Doctorate,Y,N,4281,2006,South,77814.14,Year,Y,Certified
EZYV6566,North America,Master's,Y,N,117,1996,West,69144.58,Year,Y,Certified
EZYV17886,Asia,Bachelor's,N,N,1946,2006,West,127548.46,Year,Y,Denied
EZYV7399,Asia,Master's,N,N,469,1993,South,117.42,Hour,Y,Certified
EZYV6630,North America,High School,Y,N,683,2010,West,38437.85,Year,Y,Certified
EZYV22185,North America,Master's,N,N,2841,1977,Northeast,17364.35,Year,N,Certified
EZYV5713,Asia,Master's,Y,N,952,1984,West,59862.76,Year,Y,Certified
EZYV20459,Asia,Master's,Y,N,3881,1996,South,54279.24,Year,Y,Certified
EZYV3994,Asia,Master's,Y,N,1300,1960,Midwest,165240.73,Year,N,Certified
EZYV17096,Asia,Master's,N,Y,4833,1998,South,153272.28,Year,Y,Certified
EZYV13447,North America,Master's,Y,N,3181,2007,Northeast,109622.56,Year,Y,Certified
EZYV22879,Asia,Master's,Y,N,744,2014,South,26735.44,Year,Y,Certified
EZYV257,Asia,Master's,Y,N,1721,2009,South,62730.52,Year,Y,Certified
EZYV23322,Europe,Bachelor's,N,Y,627,1988,Midwest,117257.64,Year,Y,Denied
EZYV7793,Asia,Master's,Y,N,435,1981,Northeast,247935.5,Year,N,Certified
EZYV22466,Asia,Bachelor's,N,N,29062,1995,Northeast,641.5868,Hour,Y,Denied
EZYV1948,Europe,Master's,Y,N,2326,2003,Midwest,78321.5,Year,Y,Certified
EZYV9449,North America,Bachelor's,N,N,1011,2007,Northeast,48322.71,Year,Y,Certified
EZYV15529,Europe,Bachelor's,Y,N,77643,1994,Midwest,101920.89,Year,Y,Certified
EZYV13942,Asia,Bachelor's,Y,N,3818,1988,Midwest,93274.3,Year,Y,Certified
EZYV18255,Asia,Master's,Y,N,18144,2009,Northeast,138135.87,Year,Y,Denied
EZYV1115,Asia,Bachelor's,Y,Y,2569,1915,South,51862.76,Year,N,Certified
EZYV22344,Asia,Master's,Y,N,595,1969,South,154789.23,Year,N,Certified
EZYV14440,Europe,Doctorate,Y,N,2521,1988,South,76424.81,Year,Y,Certified
EZYV16679,Asia,Bachelor's,N,N,1335,1999,Northeast,26843.93,Year,Y,Denied
EZYV1450,Asia,Bachelor's,N,N,568,2005,Northeast,37301.16,Year,Y,Denied
EZYV1169,Africa,Doctorate,N,N,4244,2006,West,76923.49,Year,Y,Denied
EZYV14115,Asia,High School,N,N,380,1996,Midwest,146194.06,Year,Y,Denied
EZYV6575,Asia,Bachelor's,Y,N,2145,2006,West,45497.73,Year,Y,Denied
EZYV10555,Asia,Bachelor's,Y,N,50,1993,West,104502.66,Year,Y,Denied
EZYV7911,Asia,Bachelor's,Y,N,501,1998,Northeast,132232.88,Year,Y,Denied
EZYV2081,North America,Bachelor's,Y,N,2464,1989,West,344.2022,Hour,Y,Denied
EZYV21972,Asia,Bachelor's,N,N,1171,1946,West,23916.45,Year,Y,Certified
EZYV16356,North America,Bachelor's,Y,N,1940,2002,South,88199.87,Year,Y,Certified
EZYV11255,Europe,Master's,N,N,81,1982,West,100195.89,Year,Y,Certified
EZYV2855,Asia,Master's,Y,N,3202,2005,Midwest,91881.06,Year,Y,Certified
EZYV18192,Asia,Bachelor's,Y,N,255,2001,Midwest,61907.18,Year,Y,Denied
EZYV13931,Asia,Bachelor's,Y,N,2475,1993,South,33408.6,Year,Y,Certified
EZYV9270,Europe,Bachelor's,Y,Y,1890,2008,West,131789.31,Year,Y,Denied
EZYV2163,Asia,Bachelor's,N,N,28916,1968,Northeast,101389.25,Year,N,Denied
EZYV23073,Asia,Master's,Y,N,3583,2002,West,137117.4,Year,Y,Denied
EZYV8047,Asia,Bachelor's,Y,N,962,2011,Northeast,4509.75,Year,Y,Certified
EZYV15961,Asia,Master's,N,N,3942,2014,South,131.8251,Hour,Y,Certified
EZYV8621,Europe,Master's,N,N,1091,1974,Northeast,43622.41,Year,Y,Denied
EZYV18844,Asia,Bachelor's,Y,N,3900,2010,Midwest,114683.22,Year,Y,Denied
EZYV23593,Africa,Bachelor's,Y,N,14866,1963,West,77104.74,Year,Y,Denied
EZYV11474,Asia,Bachelor's,Y,N,18958,2009,Midwest,85241.06,Year,Y,Denied
EZYV9031,Asia,Bachelor's,Y,N,979,1996,Midwest,28856.32,Year,Y,Certified
EZYV18079,Asia,Master's,Y,N,4011,2000,Northeast,165398.74,Year,N,Denied
EZYV10709,Asia,Master's,Y,Y,1596,1930,West,107553.04,Year,Y,Certified
EZYV13018,Europe,Master's,Y,N,1893,1908,Midwest,41579.85,Year,Y,Certified
EZYV24589,Asia,Bachelor's,Y,N,1426,1972,Midwest,133262.0,Year,N,Certified
EZYV11865,Asia,High School,N,N,2657,1873,South,134525.35,Month,Y,Denied
EZYV14888,Asia,Bachelor's,Y,N,4374,1985,Midwest,107692.42,Year,Y,Certified
EZYV6695,South America,Bachelor's,N,N,1039,1998,West,149957.62,Year,N,Denied
EZYV1654,Asia,Master's,Y,N,332,2001,West,140471.1,Year,N,Certified
EZYV24458,Asia,Doctorate,N,N,3529,1925,Midwest,66659.34,Year,Y,Certified
EZYV15973,Asia,Master's,Y,N,5041,1994,West,44474.85,Year,Y,Certified
EZYV20531,Asia,Master's,Y,N,3808,2011,Northeast,5085.89,Year,Y,Certified
EZYV16255,Asia,Bachelor's,N,N,110,1959,Midwest,128831.85,Year,Y,Certified
EZYV3917,Asia,Bachelor's,N,Y,693,1979,South,81296.02,Year,Y,Denied
EZYV25045,Asia,Master's,Y,N,2148,1979,West,51707.75,Year,Y,Denied
EZYV12324,Europe,Doctorate,Y,N,517,1999,Northeast,10644.42,Year,Y,Certified
EZYV16902,Asia,Bachelor's,N,N,2099,2001,Northeast,40104.3,Year,Y,Denied
EZYV23548,Europe,Doctorate,N,N,3001,1998,West,79802.25,Year,Y,Denied
EZYV15018,Asia,Master's,Y,N,1426,1999,Northeast,54028.03,Year,Y,Certified
EZYV18242,North America,High School,N,N,452,1978,West,61855.7,Year,Y,Denied
EZYV10235,Asia,Master's,Y,N,30441,1997,West,93918.51,Year,Y,Certified
EZYV5627,North America,Bachelor's,Y,N,453,2007,Northeast,294.882,Hour,Y,Denied
EZYV2641,Asia,Doctorate,N,N,2662,1911,Northeast,774.2597,Hour,Y,Denied
EZYV14096,Asia,Doctorate,Y,N,4456,2013,Northeast,82799.09,Year,Y,Certified
EZYV15371,North America,Bachelor's,Y,N,3825,1880,West,85024.68,Week,Y,Certified
EZYV23952,Oceania,Bachelor's,N,N,619,1938,Midwest,66419.98,Year,Y,Certified
EZYV13198,Asia,Master's,N,N,83186,1987,Northeast,100802.96,Year,N,Certified
EZYV24379,Asia,High School,N,N,369,1940,Midwest,107563.18,Year,Y,Certified
EZYV195,Africa,Master's,Y,N,2180,1992,Midwest,113637.4,Year,Y,Certified
EZYV24327,Europe,Master's,Y,N,1775,2010,Midwest,70423.69,Year,Y,Certified
EZYV13005,Asia,Master's,Y,N,2219,2010,South,91404.59,Year,Y,Certified
EZYV3746,Asia,Master's,Y,N,4048,2007,Midwest,137458.66,Year,Y,Certified
EZYV19785,Asia,Master's,N,N,2086,1996,Northeast,206686.57,Year,Y,Certified
EZYV6742,Europe,Master's,Y,Y,441,1999,Midwest,88872.12,Year,Y,Certified
EZYV13959,Europe,Master's,Y,N,1978,2013,Northeast,23311.5,Year,Y,Certified
EZYV21379,Asia,High School,Y,N,3700,2004,Northeast,14407.48,Year,Y,Certified
EZYV17631,Asia,Bachelor's,Y,N,628,1972,West,94057.99,Year,Y,Denied
EZYV1537,South America,Bachelor's,Y,N,2940,2011,West,38581.12,Year,Y,Certified
EZYV1578,North America,Bachelor's,N,N,1893,1998,West,26886.44,Year,Y,Denied
EZYV17785,Asia,Master's,Y,N,92,1996,South,9132.93,Year,Y,Certified
EZYV12476,South America,High School,Y,Y,1818,2006,Midwest,22300.68,Year,Y,Denied
EZYV17541,Europe,Bachelor's,Y,N,2915,1968,West,67610.02,Year,Y,Certified
EZYV15825,North America,Master's,Y,N,1297,2007,Midwest,47997.26,Year,Y,Certified
EZYV3752,Asia,Bachelor's,Y,N,2282,2009,West,70558.66,Year,Y,Certified
EZYV15487,Europe,Bachelor's,N,N,16425,2005,West,17411.95,Year,Y,Certified
EZYV13062,Asia,Bachelor's,Y,N,1785,1876,West,56651.12,Year,Y,Denied
EZYV10258,Asia,Master's,N,N,203,2008,Northeast,165482.01,Year,N,Certified
EZYV11100,Asia,Master's,Y,N,4028,2003,Northeast,52214.04,Year,Y,Certified
EZYV1504,North America,Bachelor's,N,N,2457,1857,Northeast,649.5659,Hour,Y,Denied
EZYV24584,Asia,Master's,Y,N,5283,2002,Northeast,43214.89,Year,Y,Denied
EZYV811,Asia,Bachelor's,N,N,869,1948,Northeast,116374.69,Year,Y,Denied
EZYV15279,Asia,Master's,N,N,2445,2005,Midwest,111414.5,Year,Y,Certified
EZYV16184,Asia,Master's,Y,N,5525,1949,West,61599.94,Year,Y,Certified
EZYV16650,Asia,Bachelor's,N,N,1217,2003,Midwest,119552.13,Year,Y,Denied
EZYV4782,Asia,Bachelor's,Y,Y,117,1868,South,123092.29,Year,Y,Certified
EZYV16934,Asia,Bachelor's,Y,N,960,1993,South,90257.41,Year,N,Certified
EZYV4136,Europe,Doctorate,N,N,3274,1981,West,24269.88,Year,Y,Certified
EZYV18000,Europe,High School,Y,N,4689,1996,Northeast,32960.69,Year,Y,Certified
EZYV16116,Asia,Bachelor's,Y,N,5135,2001,West,78054.28,Year,Y,Certified
EZYV20899,Asia,High School,Y,N,3909,2000,South,164418.44,Year,Y,Denied
EZYV12923,South America,Doctorate,Y,N,1141,2013,West,278.9787,Hour,Y,Certified
EZYV9026,Asia,Bachelor's,N,N,1416,1911,South,20855.48,Year,Y,Certified
EZYV16624,North America,Master's,Y,N,3723,2014,Midwest,15091.01,Year,Y,Certified
EZYV1829,Asia,Master's,N,N,1039,1992,West,52619.45,Year,Y,Denied
EZYV13343,South America,Master's,N,N,691,1871,Northeast,23334.16,Year,Y,Certified
EZYV20171,Asia,Bachelor's,N,N,1918,2007,Northeast,42855.55,Year,Y,Denied
EZYV12942,Africa,Master's,Y,N,1729,2008,South,129391.67,Year,Y,Certified
EZYV23712,South America,Master's,Y,N,2300,2007,Northeast,93706.38,Year,Y,Certified
EZYV15458,North America,Bachelor's,N,N,2153,1980,South,73.582,Hour,Y,Denied
EZYV19003,North America,Master's,N,N,1317,1817,South,44889.24,Week,Y,Denied
EZYV18884,Europe,Master's,Y,Y,167,1960,West,12621.24,Year,Y,Certified
EZYV5957,Asia,High School,Y,N,1454,1834,South,74377.42,Year,Y,Denied
EZYV7085,Asia,Bachelor's,Y,N,3064,2006,Northeast,95.7322,Hour,Y,Certified
EZYV10815,Asia,Master's,N,N,400,1838,Midwest,39184.99,Year,N,Certified
EZYV7279,Europe,Bachelor's,Y,N,275,2008,Midwest,574.55,Year,Y,Certified
EZYV9010,Asia,High School,N,N,1325,2005,Midwest,83574.18,Year,Y,Denied
EZYV15034,North America,Master's,Y,N,3010,1998,West,32705.24,Year,Y,Denied
EZYV16157,Europe,Master's,Y,N,2009,1933,Northeast,73810.32,Year,Y,Certified
EZYV23992,Asia,Bachelor's,N,N,1443,1900,Midwest,80723.73,Year,Y,Certified
EZYV10133,Asia,Master's,Y,N,1272,1850,Northeast,596.4455,Hour,Y,Certified
EZYV23265,Asia,Bachelor's,Y,N,2487,1947,West,55660.32,Year,Y,Denied
EZYV21018,Africa,Master's,Y,N,2413,1997,Northeast,62417.24,Year,Y,Certified
EZYV8048,Asia,Master's,N,N,2986,1999,South,118359.06,Year,N,Certified
EZYV1925,North America,Master's,Y,N,3385,1997,Northeast,76221.68,Year,Y,Certified
EZYV15474,Asia,Bachelor's,Y,N,1939,1972,West,60354.14,Year,Y,Denied
EZYV23903,Asia,Bachelor's,N,Y,400,1997,Northeast,40845.8,Year,Y,Certified
EZYV17548,Asia,Bachelor's,Y,N,3194,1944,Northeast,60333.82,Year,Y,Certified
EZYV17836,Asia,Bachelor's,Y,N,1178,2001,West,50175.01,Year,Y,Denied
EZYV10196,Asia,Bachelor's,Y,N,3151,1958,Northeast,425.0178,Hour,Y,Denied
EZYV5264,North America,Master's,N,N,3688,1996,South,91607.25,Year,N,Certified
EZYV14231,Asia,Bachelor's,Y,N,1560,2005,Northeast,67957.66,Year,Y,Certified
EZYV20875,Asia,High School,Y,N,106,1871,West,195924.53,Year,Y,Certified
EZYV4453,Asia,Master's,Y,N,1614,1899,Northeast,27948.84,Year,Y,Certified
EZYV13253,North America,Bachelor's,Y,N,4949,1984,South,74782.43,Year,N,Certified
EZYV18256,Asia,Bachelor's,N,N,1628,2009,South,105353.23,Year,Y,Certified
EZYV4992,Europe,Doctorate,Y,N,3680,1981,Midwest,10921.36,Year,Y,Certified
EZYV5959,Asia,Bachelor's,Y,N,1772,2004,Northeast,17920.45,Year,N,Certified
EZYV17743,Asia,Bachelor's,N,N,5460,1979,Northeast,68115.66,Year,Y,Denied
EZYV24480,Asia,Bachelor's,Y,N,1489,1943,West,41943.52,Year,Y,Denied
EZYV9518,Europe,Master's,Y,N,2589,1993,West,56113.16,Year,Y,Certified
EZYV3853,North America,Bachelor's,Y,N,1148,2003,Northeast,37999.89,Year,Y,Certified
EZYV6222,Asia,Master's,Y,N,29560,1968,Northeast,69009.97,Year,Y,Certified
EZYV5793,Asia,Doctorate,Y,N,1487,1969,South,54329.86,Year,Y,Certified
EZYV8533,Asia,High School,N,N,1598,2005,Midwest,58966.58,Year,Y,Denied
EZYV11248,Asia,Bachelor's,Y,N,4389,1855,Midwest,67132.25,Year,Y,Certified
EZYV1129,Asia,Master's,Y,Y,414,1986,South,158559.86,Year,Y,Certified
EZYV17445,Asia,Master's,Y,N,2763,1987,West,2994.77,Year,Y,Certified
EZYV25160,Asia,Master's,N,N,205,1946,South,196608.35,Year,Y,Certified
EZYV24245,Europe,Doctorate,Y,N,1869,1946,Northeast,72280.91,Year,Y,Certified
EZYV16597,Europe,Master's,N,N,673,1989,Northeast,102819.6,Year,Y,Certified
EZYV16744,South America,Master's,N,N,464,1980,Midwest,155.98,Hour,Y,Denied
EZYV1680,Asia,Bachelor's,Y,N,2194,2001,Northeast,82262.63,Year,Y,Certified
EZYV6646,North America,Doctorate,N,Y,501,1993,Northeast,70308.53,Year,Y,Certified
EZYV1242,North America,Bachelor's,N,Y,2388,1997,West,33311.22,Year,Y,Denied
EZYV6061,Europe,Doctorate,Y,N,4057,1996,South,36307.58,Year,Y,Certified
EZYV8203,South America,Doctorate,Y,N,4300,1997,West,47568.68,Year,Y,Certified
EZYV9157,Asia,Master's,N,N,3064,1999,Northeast,131422.21,Week,Y,Certified
EZYV624,Europe,Bachelor's,Y,N,4746,1980,West,209993.78,Year,Y,Denied
EZYV22323,Asia,Bachelor's,Y,N,1682,2000,Midwest,30174.12,Year,Y,Certified
EZYV14068,Asia,Master's,Y,N,927,2005,Midwest,55351.49,Year,Y,Certified
EZYV15739,Asia,Bachelor's,Y,Y,1393,1998,South,199324.37,Year,Y,Certified
EZYV5756,Asia,Master's,N,N,2900,1838,Northeast,246955.19,Year,N,Certified
EZYV16171,Asia,Bachelor's,Y,N,4923,2001,Northeast,115026.7,Year,Y,Denied
EZYV12242,Europe,Bachelor's,N,N,1615,1987,Northeast,182.8141,Hour,Y,Denied
EZYV1961,Europe,Doctorate,N,N,33130,1990,South,80677.44,Year,Y,Certified
EZYV6347,Asia,Master's,Y,N,848,2006,South,73021.59,Year,Y,Certified
EZYV8302,Asia,Master's,N,N,4121,1939,Midwest,51254.52,Year,Y,Certified
EZYV3998,Asia,Master's,N,Y,1888,1957,Northeast,105194.33,Year,Y,Denied
EZYV5031,North America,Bachelor's,N,N,3731,2004,Northeast,26441.91,Year,Y,Certified
EZYV6950,Asia,Master's,Y,N,3177,1999,South,72974.58,Year,Y,Certified
EZYV8303,Asia,High School,Y,N,3677,2010,Midwest,70394.69,Year,Y,Denied
EZYV12627,Asia,Bachelor's,N,N,4611,1866,Northeast,387.3308,Hour,Y,Denied
EZYV2431,Asia,Master's,N,N,1791,2003,West,80766.56,Year,Y,Denied
EZYV16537,Asia,High School,N,N,1179,2015,Midwest,175346.84,Year,Y,Certified
EZYV23686,Asia,Master's,N,N,5476,1984,South,35035.36,Year,Y,Denied
EZYV24033,Asia,Bachelor's,N,N,96,1969,Midwest,72274.95,Year,Y,Certified
EZYV21036,Asia,Bachelor's,N,Y,500,1901,West,84460.97,Year,Y,Denied
EZYV11235,Asia,Master's,N,N,2237,1989,Midwest,106140.97,Year,Y,Certified
EZYV17200,North America,Doctorate,N,N,3706,2004,Northeast,94510.83,Year,Y,Denied
EZYV24039,Asia,Master's,N,N,4784,2010,Northeast,30359.58,Year,Y,Certified
EZYV5014,Asia,Bachelor's,Y,N,2665,1997,West,66561.93,Year,Y,Denied
EZYV4994,Oceania,Master's,N,Y,3855,1960,West,42424.06,Year,Y,Denied
EZYV16965,Europe,Bachelor's,Y,N,2660,2010,South,3119.39,Year,Y,Certified
EZYV12461,Asia,Bachelor's,Y,Y,1157,2010,South,102606.02,Year,Y,Certified
EZYV25384,Asia,Bachelor's,N,N,1575,2004,West,90268.22,Year,Y,Denied
EZYV14788,Asia,Master's,Y,N,405,2007,Northeast,87315.43,Year,Y,Certified
EZYV17353,Asia,Bachelor's,Y,N,1355,2013,West,37220.87,Year,Y,Certified
EZYV11674,North America,High School,Y,N,3299,2001,West,23827.69,Year,Y,Denied
EZYV8986,Asia,Master's,Y,N,2170,1923,South,13440.32,Year,Y,Certified
EZYV23791,Asia,Bachelor's,Y,N,26685,2011,West,44466.28,Year,Y,Certified
EZYV18348,Asia,Bachelor's,N,Y,14083,1914,West,70048.73,Year,Y,Denied
EZYV24474,Asia,Bachelor's,N,N,1892,1988,Northeast,242247.08,Year,Y,Denied
EZYV14761,Asia,Bachelor's,N,N,3322,2001,Northeast,49969.15,Year,Y,Denied
EZYV21769,Asia,High School,N,N,3382,1947,South,70286.66,Year,Y,Denied
EZYV18113,Asia,Master's,Y,N,3209,1998,Northeast,95354.17,Year,Y,Certified
EZYV23930,South America,Master's,Y,N,753,1998,Island,108392.22,Year,Y,Certified
EZYV9191,Asia,Bachelor's,Y,N,853,1961,West,40200.87,Year,Y,Certified
EZYV13451,Asia,Master's,Y,N,1875,2002,West,46908.07,Year,Y,Certified
EZYV12313,Asia,Master's,Y,N,120,1925,Midwest,96114.87,Year,Y,Certified
EZYV9407,Asia,Bachelor's,Y,N,1920,1988,Northeast,63123.02,Year,Y,Certified
EZYV10290,Asia,Master's,Y,N,76,2006,Midwest,97399.81,Year,Y,Certified
EZYV12162,Asia,Master's,N,N,87792,2001,Northeast,54.5863,Hour,Y,Certified
EZYV16121,Europe,Master's,N,N,4030,1817,Midwest,135074.79,Year,N,Denied
EZYV24842,Europe,Bachelor's,Y,N,2998,2000,South,13358.8,Year,Y,Denied
EZYV2045,Asia,Bachelor's,N,N,2998,1998,West,4043.55,Year,Y,Denied
EZYV20545,Asia,Master's,N,N,5162,1983,South,93155.68,Year,Y,Certified
EZYV14054,North America,Bachelor's,Y,N,2969,1993,South,119719.88,Year,Y,Certified
EZYV8540,Asia,Bachelor's,Y,N,5575,1902,Northeast,7676.07,Year,Y,Certified
EZYV2523,Europe,Doctorate,Y,N,731,2005,West,29309.97,Year,Y,Certified
EZYV18354,Asia,Bachelor's,N,N,2008,1998,West,64649.54,Year,Y,Denied
EZYV9911,North America,High School,Y,N,616,1993,Midwest,67954.38,Year,Y,Denied
EZYV13030,Asia,High School,N,N,1628,1929,South,151791.14,Year,Y,Denied
EZYV15569,Asia,Bachelor's,Y,N,1927,2005,South,114151.37,Year,Y,Denied
EZYV5994,Asia,Bachelor's,Y,N,3143,2001,Northeast,26946.53,Year,Y,Denied
EZYV6040,Asia,Master's,Y,N,1976,2001,South,101497.72,Year,Y,Certified
EZYV19211,North America,Master's,N,N,317,1997,Northeast,97368.52,Week,Y,Denied
EZYV10772,Europe,Master's,Y,N,874,1994,West,4972.57,Year,Y,Certified
EZYV7934,Asia,Bachelor's,N,N,1043,1887,West,79393.31,Year,Y,Certified
EZYV1723,Asia,Master's,Y,N,665,1900,South,94808.52,Year,Y,Certified
EZYV10315,Asia,Bachelor's,Y,N,151,1981,South,85062.46,Year,Y,Certified
EZYV12725,Asia,High School,Y,N,2836,1926,Midwest,81898.81,Year,Y,Denied
EZYV1171,Europe,Doctorate,N,N,3958,1977,West,73402.28,Year,Y,Certified
EZYV630,Europe,Bachelor's,Y,Y,2188,2007,South,123316.75,Year,Y,Certified
EZYV10819,South America,Bachelor's,N,Y,187,2009,Northeast,80239.66,Year,Y,Denied
EZYV20778,Asia,Master's,Y,N,910,2010,South,51251.35,Year,N,Denied
EZYV2397,Asia,Master's,N,Y,126,2013,West,163591.27,Year,Y,Denied
EZYV18139,Asia,High School,Y,N,1735,2004,South,121012.65,Year,Y,Certified
EZYV12369,Africa,Master's,N,N,1852,2010,Northeast,134172.96,Year,Y,Certified
EZYV5869,North America,Bachelor's,N,N,4784,2009,Midwest,35976.41,Year,Y,Certified
EZYV10929,Asia,Bachelor's,Y,N,2742,1987,West,122376.73,Year,Y,Denied
EZYV491,Asia,Master's,N,N,3697,2001,West,64422.65,Year,Y,Denied
EZYV19949,Asia,Bachelor's,Y,N,3758,1993,Midwest,81239.76,Year,Y,Certified
EZYV21237,Asia,Bachelor's,Y,N,2835,1980,South,31425.15,Year,Y,Denied
EZYV10487,Asia,Master's,N,N,1966,1981,Midwest,67131.81,Year,Y,Certified
EZYV24412,Asia,Master's,Y,N,203,1985,Midwest,252661.63,Year,Y,Certified
EZYV13839,Europe,Doctorate,Y,N,101293,1999,South,10705.54,Year,Y,Certified
EZYV11734,Asia,High School,Y,N,391,1994,Midwest,103381.93,Year,Y,Denied
EZYV15486,Europe,Doctorate,N,N,24,2001,West,27026.49,Year,Y,Certified
EZYV11526,Asia,Bachelor's,N,N,2206,1940,West,130837.35,Year,Y,Denied
EZYV4290,Asia,High School,N,N,2297,1999,Midwest,108404.3,Year,Y,Denied
EZYV714,Asia,High School,N,N,416,1841,Northeast,138.69,Hour,Y,Denied
EZYV450,North America,Master's,N,N,781,1983,Midwest,78096.9,Year,N,Certified
EZYV7166,Asia,Master's,N,N,4322,2005,West,145074.67,Year,Y,Certified
EZYV20292,Asia,Bachelor's,Y,N,2076,2006,Northeast,127247.75,Year,Y,Certified
EZYV2276,Asia,High School,Y,N,3763,2001,Midwest,58043.36,Year,Y,Certified
EZYV2955,Asia,Doctorate,N,N,3931,2002,Northeast,55552.35,Year,Y,Denied
EZYV1324,Asia,Bachelor's,Y,N,2259,2004,South,64825.9,Year,Y,Certified
EZYV9946,North America,Master's,N,N,588,2001,Northeast,111435.77,Year,N,Certified
EZYV25450,Asia,Bachelor's,Y,N,3017,2000,West,39313.0,Year,Y,Certified
EZYV10250,Asia,Master's,Y,N,4859,1959,Northeast,97454.05,Year,Y,Certified
EZYV10291,Europe,Master's,Y,N,2330,1992,West,9828.98,Year,Y,Certified
EZYV5498,South America,Master's,N,N,2169,1993,Northeast,36691.33,Year,N,Certified
EZYV4594,Asia,Bachelor's,N,N,447,1998,Northeast,103421.73,Year,Y,Denied
EZYV15963,Asia,Master's,N,N,2432,1999,South,304.0015,Hour,Y,Denied
EZYV21944,Asia,Bachelor's,Y,Y,1251,1939,West,100056.86,Year,Y,Certified
EZYV1901,Asia,High School,N,Y,365,2005,Midwest,88330.46,Year,Y,Certified
EZYV23331,Asia,Master's,N,N,4312,1838,Midwest,94706.17,Year,Y,Certified
EZYV16286,Asia,Bachelor's,Y,N,1790,2007,South,28714.71,Year,Y,Certified
EZYV24897,Europe,Bachelor's,Y,N,140990,1999,Northeast,99326.01,Year,Y,Certified
EZYV11459,Asia,Bachelor's,Y,Y,2425,1972,South,157482.58,Year,Y,Certified
EZYV6080,North America,Bachelor's,Y,N,142,2001,Northeast,44434.86,Year,Y,Denied
EZYV6218,Asia,Master's,N,N,3279,1992,Midwest,84584.46,Year,Y,Certified
EZYV12049,Europe,Master's,N,N,2230,1981,West,78179.27,Year,Y,Certified
EZYV5163,Asia,Bachelor's,Y,N,500,2016,Northeast,12476.4,Year,Y,Certified
EZYV16376,Asia,Master's,Y,N,3859,1989,Midwest,69697.14,Year,Y,Certified
EZYV3363,North America,Doctorate,N,N,30923,2005,Midwest,476.24,Year,Y,Denied
EZYV4733,Asia,Master's,N,N,930,2001,Northeast,121880.69,Year,Y,Certified
EZYV6778,Asia,High School,Y,N,2169,2001,Northeast,187279.29,Year,N,Denied
EZYV4099,Asia,Bachelor's,N,N,55138,2009,South,25396.48,Year,Y,Denied
EZYV13857,Asia,Master's,N,N,587,1977,South,97534.67,Year,Y,Certified
EZYV9702,Europe,Master's,Y,N,427,1977,South,137479.06,Year,Y,Certified
EZYV8081,Asia,Master's,Y,N,28992,2008,Northeast,28970.68,Year,Y,Certified
EZYV17926,Europe,Bachelor's,Y,N,2284,2006,Island,35841.92,Year,Y,Certified
EZYV4875,North America,Master's,N,N,2660,2005,Midwest,131032.71,Year,Y,Certified
EZYV21053,Asia,Master's,Y,N,4411,1838,Northeast,87019.13,Year,N,Certified
EZYV15450,Asia,Master's,Y,N,854,2010,Midwest,81735.79,Year,N,Certified
EZYV21186,Asia,Bachelor's,N,N,411,2005,West,174689.15,Year,Y,Certified
EZYV21415,Asia,Master's,Y,N,14593,1968,Midwest,80031.52,Year,Y,Certified
EZYV14631,Asia,High School,Y,N,704,2009,Midwest,22842.07,Year,Y,Denied
EZYV12380,Europe,High School,Y,N,2488,1908,South,103769.93,Year,Y,Denied
EZYV13118,Asia,Master's,N,N,3497,1995,South,22848.67,Year,Y,Certified
EZYV2363,North America,Master's,Y,N,1503,2001,Island,116345.97,Year,N,Certified
EZYV4125,Europe,Doctorate,Y,N,2752,2005,West,30947.93,Year,Y,Certified
EZYV1190,Asia,Master's,N,N,1723,1960,Midwest,39501.79,Year,N,Certified
EZYV18161,Asia,Bachelor's,Y,N,882,1947,Midwest,167811.85,Week,Y,Certified
EZYV21897,Asia,Bachelor's,Y,N,1281,1831,Northeast,13127.45,Year,Y,Denied
EZYV7219,North America,Master's,N,N,2362,1999,Midwest,10200.79,Year,Y,Certified
EZYV14638,Asia,Bachelor's,N,Y,332,1999,West,70194.71,Year,Y,Denied
EZYV3344,Europe,Bachelor's,Y,N,4138,1951,Midwest,49518.65,Year,N,Certified
EZYV15572,Asia,High School,Y,N,414,2012,Northeast,82042.03,Week,Y,Denied
EZYV19123,Asia,Master's,Y,N,16089,1951,South,958.758,Hour,Y,Certified
EZYV4672,Asia,Bachelor's,Y,N,1660,1998,South,52290.62,Year,Y,Denied
EZYV7752,Asia,Master's,N,N,3519,1996,Midwest,48831.06,Year,Y,Certified
EZYV840,Asia,High School,Y,N,4537,1999,West,61.1329,Hour,Y,Denied
EZYV4635,North America,Bachelor's,Y,N,2627,1977,West,46565.77,Year,Y,Denied
EZYV12731,Europe,Bachelor's,Y,N,2105,2005,Midwest,1031.94,Year,Y,Certified
EZYV3264,Asia,Bachelor's,Y,N,4649,1968,Northeast,34490.17,Year,Y,Certified
EZYV7632,Asia,Master's,Y,N,4529,2008,Midwest,126727.45,Year,Y,Certified
EZYV176,Asia,Doctorate,Y,N,5820,1998,South,31986.79,Year,Y,Certified
EZYV18525,Asia,Bachelor's,Y,N,3503,2005,South,52186.44,Year,Y,Certified
EZYV19466,Europe,Bachelor's,Y,N,2764,1943,South,29627.41,Year,Y,Certified
EZYV12659,Asia,Bachelor's,N,N,1532,1920,South,218079.26,Year,Y,Denied
EZYV13368,North America,Bachelor's,Y,N,764,1986,South,137420.26,Year,Y,Certified
EZYV17126,Asia,High School,Y,N,5754,1996,South,161045.07,Year,Y,Certified
EZYV15914,Asia,High School,Y,N,1335,2003,Northeast,154191.81,Year,Y,Certified
EZYV11294,Europe,Doctorate,N,N,2036,2013,West,115933.41,Year,Y,Certified
EZYV23586,Asia,High School,Y,N,3218,1950,West,91722.93,Year,Y,Certified
EZYV12924,North America,Master's,Y,N,1610,2004,South,101407.61,Year,N,Certified
EZYV9124,Asia,Master's,Y,N,2668,2009,Northeast,143125.61,Year,Y,Certified
EZYV7112,South America,Bachelor's,Y,N,905,2011,Midwest,77472.14,Year,Y,Certified
EZYV9032,Europe,Doctorate,Y,N,3922,1986,Northeast,15073.37,Year,Y,Certified
EZYV11233,Asia,High School,Y,N,3690,1989,Northeast,10886.32,Year,Y,Denied
EZYV3932,Europe,Master's,Y,N,53960,1987,West,11588.98,Year,Y,Certified
EZYV17663,Asia,Bachelor's,Y,N,4530,1997,Midwest,20414.23,Year,Y,Certified
EZYV7225,Europe,Doctorate,N,N,-25,1998,Midwest,141435.95,Year,Y,Certified
EZYV22755,Asia,Master's,Y,N,819,2010,Midwest,136759.66,Year,Y,Certified
EZYV10559,Asia,Master's,N,N,1663,1989,Midwest,72146.55,Year,Y,Denied
EZYV6229,Asia,Master's,Y,N,552,1995,Midwest,119266.22,Year,Y,Certified
EZYV17893,North America,Doctorate,Y,N,1440,1977,South,108002.37,Year,Y,Certified
EZYV2929,Asia,Bachelor's,Y,Y,3236,1919,West,93149.96,Year,Y,Certified
EZYV10099,North America,Doctorate,Y,Y,1307,2001,South,25838.77,Year,Y,Certified
EZYV12905,Asia,Master's,N,N,265,1986,South,38265.71,Year,Y,Denied
EZYV14224,North America,Master's,Y,N,1967,1847,West,18634.55,Year,Y,Certified
EZYV12786,Asia,Bachelor's,N,N,2551,1997,South,68417.49,Month,Y,Denied
EZYV6382,Asia,Bachelor's,Y,Y,2698,1998,West,65242.29,Year,Y,Certified
EZYV21249,Asia,Bachelor's,Y,N,918,1991,Northeast,67143.76,Year,Y,Certified
EZYV21509,Asia,Master's,Y,Y,46735,1997,Midwest,36326.32,Year,Y,Certified
EZYV23824,Asia,Bachelor's,Y,N,1633,2011,West,64602.76,Year,Y,Certified
EZYV23129,Asia,Bachelor's,N,N,889,1998,Northeast,112573.24,Year,Y,Denied
EZYV20841,Asia,Bachelor's,N,N,1011,1868,West,73314.36,Year,N,Denied
EZYV12798,North America,Master's,N,N,5874,1975,West,94407.84,Year,Y,Denied
EZYV20892,Asia,Bachelor's,N,Y,554,2010,Midwest,82220.09,Year,Y,Denied
EZYV4287,North America,Bachelor's,Y,N,1379,1997,South,126270.65,Year,Y,Certified
EZYV126,North America,Master's,Y,N,2750,1997,West,38841.44,Year,Y,Certified
EZYV1651,Asia,Master's,N,N,1682,1998,South,95078.36,Year,N,Certified
EZYV16040,Asia,Master's,N,N,1829,1966,West,124851.97,Year,Y,Denied
EZYV6274,Asia,Bachelor's,Y,N,4778,2002,South,35337.63,Year,Y,Certified
EZYV296,Asia,Master's,Y,N,717,1948,South,116370.47,Year,Y,Certified
EZYV19514,South America,Doctorate,N,N,1985,1989,Northeast,221498.71,Year,Y,Certified
EZYV3337,Asia,Master's,Y,N,3774,1989,Midwest,123773.37,Year,Y,Certified
EZYV5925,Asia,High School,Y,N,2291,1978,South,138314.52,Year,Y,Denied
EZYV14335,North America,Bachelor's,Y,N,3934,1994,Northeast,617.4688,Hour,Y,Denied
EZYV22695,Asia,Master's,Y,Y,1909,2010,West,73124.29,Year,Y,Denied
EZYV2469,Asia,Bachelor's,Y,N,28060,1878,West,89546.29,Year,Y,Certified
EZYV22240,Asia,Master's,N,N,2187,2008,South,67477.03,Year,Y,Denied
EZYV13089,Asia,Doctorate,Y,N,1885,2005,Northeast,85690.49,Year,Y,Certified
EZYV2635,Asia,Bachelor's,N,N,1702,2003,West,15668.32,Year,Y,Denied
EZYV21032,Asia,Bachelor's,N,N,238,2005,Midwest,79623.51,Year,Y,Certified
EZYV22385,Asia,Master's,Y,N,1309,1855,West,87892.63,Year,N,Certified
EZYV12999,Asia,Master's,N,N,642,1998,Northeast,78408.77,Year,Y,Denied
EZYV23405,Asia,Bachelor's,N,N,90181,2009,Northeast,93944.46,Year,Y,Certified
EZYV23493,Africa,Master's,Y,N,2989,2014,West,113309.03,Year,Y,Certified
EZYV16331,Asia,High School,Y,N,2243,1998,Northeast,45474.58,Year,Y,Certified
EZYV6189,Asia,Bachelor's,N,N,3164,1994,Northeast,101.22,Hour,Y,Denied
EZYV20183,Asia,Master's,Y,N,405,2006,Midwest,185591.66,Year,Y,Certified
EZYV19079,Asia,Master's,Y,N,1885,2005,Midwest,84416.39,Year,Y,Certified
EZYV4902,Asia,Master's,N,N,781,2003,West,78704.06,Year,Y,Certified
EZYV24459,North America,Bachelor's,N,N,559,2004,Northeast,84200.89,Year,N,Denied
EZYV5157,Europe,Doctorate,N,Y,889,1980,South,80104.22,Year,Y,Certified
EZYV24230,Asia,Bachelor's,N,N,612,2009,Northeast,28429.43,Year,Y,Certified
EZYV22816,Asia,Bachelor's,Y,N,2207,2003,Northeast,59047.3,Year,Y,Denied
EZYV8442,Asia,Master's,N,N,441,1978,Midwest,11616.64,Year,Y,Certified
EZYV7732,Asia,Bachelor's,N,Y,14728,1999,South,91970.92,Year,Y,Denied
EZYV24274,Asia,Bachelor's,N,Y,1090,2014,Northeast,145386.2,Year,Y,Denied
EZYV6997,Asia,Bachelor's,Y,N,1560,1994,West,113548.21,Year,Y,Certified
EZYV24440,Asia,Master's,N,N,1177,1997,Northeast,81708.11,Year,Y,Denied
EZYV14814,Asia,Master's,N,N,2168,1840,South,399.4619,Hour,Y,Denied
EZYV20389,Asia,Master's,N,N,533,1847,Midwest,108301.89,Year,Y,Denied
EZYV23140,Asia,Bachelor's,Y,N,1167,1998,Midwest,43346.06,Year,Y,Certified
EZYV17670,Asia,Master's,Y,N,1690,2005,Midwest,66979.3,Year,Y,Certified
EZYV18637,South America,Doctorate,Y,N,1586,1888,Northeast,29490.88,Year,Y,Certified
EZYV24945,Europe,Bachelor's,Y,N,102571,1965,West,17807.48,Year,Y,Certified
EZYV11483,Asia,Bachelor's,N,N,1687,1952,Midwest,43940.9,Year,Y,Certified
EZYV15894,Europe,Bachelor's,N,Y,1238,2001,West,134702.47,Year,Y,Denied
EZYV12768,Asia,Master's,Y,N,1086,1920,South,121922.26,Year,N,Certified
EZYV21629,Asia,Master's,N,N,49374,1970,South,93017.5,Year,Y,Certified
EZYV17220,North America,Master's,Y,N,1359,2001,Northeast,92638.77,Year,N,Denied
EZYV23461,Asia,Master's,N,N,1822,1886,Midwest,44645.17,Year,Y,Certified
EZYV14079,Asia,Master's,Y,N,233852,1872,South,97196.37,Year,Y,Certified
EZYV4148,South America,Bachelor's,N,N,3705,1906,Northeast,73715.08,Year,Y,Denied
EZYV15754,Asia,Master's,Y,N,3138,1928,West,117076.5,Year,Y,Certified
EZYV2139,Asia,High School,N,N,3139,1968,Northeast,42201.57,Year,Y,Denied
EZYV18723,Asia,Bachelor's,N,N,1663,1854,West,209813.33,Year,Y,Certified
EZYV11608,Asia,Master's,N,N,1624,1988,West,46037.92,Year,N,Certified
EZYV21342,North America,Doctorate,Y,N,2974,1888,Midwest,115975.86,Year,Y,Certified
EZYV210,Asia,Master's,N,N,3233,2012,South,62640.94,Year,N,Certified
EZYV9510,Asia,High School,Y,N,5618,2009,West,56980.9,Year,Y,Denied
EZYV20034,Europe,Master's,N,N,4824,1889,West,94574.36,Year,Y,Certified
EZYV15360,Asia,Master's,Y,Y,6758,1832,Northeast,6499.53,Year,N,Certified
EZYV8186,Asia,Doctorate,N,Y,910,2012,Northeast,104019.54,Year,Y,Certified
EZYV12811,Asia,Master's,N,N,3127,1975,West,134365.09,Year,Y,Certified
EZYV14620,Asia,Bachelor's,N,N,3355,2009,South,76482.16,Year,N,Denied
EZYV13336,Asia,Bachelor's,N,N,3725,1993,West,88445.46,Year,Y,Denied
EZYV2922,Asia,Bachelor's,Y,N,2445,2004,West,199424.63,Year,N,Certified
EZYV11508,Asia,High School,Y,N,2090,1975,Midwest,82741.89,Year,Y,Denied
EZYV118,North America,Master's,Y,Y,2225,1976,Northeast,65993.21,Year,Y,Certified
EZYV1372,North America,Master's,Y,N,2499,1838,West,53900.61,Year,Y,Certified
EZYV19229,Asia,Master's,N,N,4782,1992,Northeast,70412.85,Year,Y,Certified
EZYV21357,Asia,Bachelor's,Y,N,687,1999,Northeast,2633.32,Year,Y,Denied
EZYV22570,South America,Bachelor's,Y,N,3457,1961,Midwest,107666.02,Year,Y,Certified
EZYV1501,South America,Bachelor's,Y,N,366,1973,Northeast,91121.79,Year,Y,Denied
EZYV17985,Asia,High School,N,N,1262,1987,South,145335.14,Year,Y,Certified
EZYV13193,Europe,Master's,N,Y,2754,1986,South,54215.88,Year,Y,Certified
EZYV16755,Europe,Master's,Y,N,1656,2005,West,49498.33,Year,Y,Certified
EZYV20729,Europe,Master's,N,N,5943,2007,West,769.4475,Hour,Y,Denied
EZYV21685,Europe,Bachelor's,Y,N,1342,2013,South,856.01,Year,Y,Certified
EZYV19296,North America,Master's,Y,Y,948,2012,South,87304.75,Year,Y,Certified
EZYV23630,Asia,Bachelor's,Y,N,4545,2005,South,67266.28,Year,Y,Certified
EZYV10358,Asia,Master's,Y,N,791,2008,South,118252.3,Year,Y,Certified
EZYV21450,Asia,High School,Y,N,3527,2005,Northeast,66727.69,Year,Y,Certified
EZYV1811,Europe,Doctorate,Y,Y,5815,1847,West,47486.45,Year,Y,Certified
EZYV17727,North America,Bachelor's,Y,N,4612,1984,West,43224.09,Year,Y,Certified
EZYV7076,Asia,Master's,Y,N,36928,1998,West,81888.81,Year,N,Certified
EZYV17786,Asia,Master's,N,N,741,1998,South,25621.98,Year,Y,Certified
EZYV14967,Asia,Bachelor's,Y,Y,1057,1979,West,112932.24,Year,Y,Certified
EZYV388,Africa,Master's,Y,N,4857,2001,Northeast,101949.05,Year,Y,Certified
EZYV4915,Asia,Doctorate,N,N,4767,1972,Island,96986.55,Year,Y,Certified
EZYV4096,Asia,Master's,Y,N,76,1939,South,158893.23,Year,Y,Certified
EZYV19156,South America,High School,N,N,1360,2007,Northeast,129845.83,Year,N,Denied
EZYV13209,North America,Bachelor's,N,Y,2772,2012,West,36727.92,Year,Y,Certified
EZYV23807,North America,Master's,Y,N,1794,2010,Northeast,201204.06,Year,N,Certified
EZYV25099,Asia,Bachelor's,Y,N,756,1930,Northeast,102267.42,Year,Y,Certified
EZYV25372,North America,High School,N,N,776,1995,Northeast,498.4575,Hour,Y,Denied
EZYV7982,Asia,Master's,Y,Y,86,1969,West,114438.68,Year,Y,Certified
EZYV19491,Asia,High School,Y,N,784,1981,Northeast,23418.72,Year,Y,Certified
EZYV9204,North America,Master's,Y,N,2475,2003,South,26530.15,Year,Y,Certified
EZYV22326,Asia,Master's,N,N,520,1968,Northeast,10282.76,Year,Y,Certified
EZYV8004,Asia,Master's,Y,N,1059,1999,Midwest,57037.33,Year,Y,Certified
EZYV1464,Africa,Master's,N,N,3883,1987,West,56133.23,Year,Y,Denied
EZYV16705,Asia,Master's,Y,N,579,2012,Island,184217.83,Year,Y,Denied
EZYV12288,Asia,Bachelor's,N,N,1078,1974,Midwest,31432.68,Year,N,Certified
EZYV5315,Asia,Bachelor's,Y,N,2265,2011,West,73056.68,Year,Y,Denied
EZYV14173,Asia,Bachelor's,Y,N,2368,1951,West,121532.01,Year,Y,Certified
EZYV11808,Asia,Bachelor's,N,N,2572,1990,Northeast,931.3662,Hour,Y,Denied
EZYV24819,Asia,Bachelor's,Y,N,1462,1949,Northeast,126453.44,Year,Y,Denied
EZYV8845,Asia,Master's,Y,N,490,2001,South,189361.4,Year,N,Certified
EZYV20557,Asia,Bachelor's,Y,N,1094,1997,South,207045.48,Year,N,Certified
EZYV8486,Europe,Doctorate,N,N,5879,1960,West,153.98,Year,Y,Certified
EZYV12689,Europe,Doctorate,N,N,1689,1953,West,55243.55,Year,Y,Certified
EZYV3727,North America,Doctorate,Y,N,3916,1987,Northeast,9836.22,Year,Y,Certified
EZYV12031,Asia,High School,N,N,3743,1998,South,137768.71,Year,Y,Denied
EZYV8531,Europe,Master's,Y,N,1687,1946,West,32279.22,Year,Y,Certified
EZYV6186,Asia,Doctorate,N,Y,3782,1999,Northeast,83273.78,Year,Y,Certified
EZYV25454,Asia,Master's,N,N,2804,1937,South,33641.94,Year,Y,Certified
EZYV21765,Europe,Doctorate,N,N,3336,2005,West,67937.31,Year,Y,Certified
EZYV18896,Asia,Bachelor's,N,N,2638,1999,West,104907.43,Year,Y,Certified
EZYV18217,Asia,Bachelor's,N,N,3165,1916,West,232.7954,Hour,N,Denied
EZYV10340,Asia,Bachelor's,N,N,318,1859,Midwest,96766.47,Year,Y,Certified
EZYV12832,Asia,Bachelor's,Y,N,2124,1994,South,61344.0,Year,Y,Certified
EZYV615,Asia,Doctorate,N,N,4915,2005,Northeast,64000.8,Year,N,Denied
EZYV18303,Asia,Bachelor's,Y,N,1857,2009,West,23728.67,Year,Y,Certified
EZYV8059,Asia,Bachelor's,N,N,707,1985,Northeast,240467.47,Year,N,Denied
EZYV5118,Oceania,Bachelor's,Y,N,2765,1962,Northeast,6036.67,Year,Y,Certified
EZYV19428,Asia,Bachelor's,N,N,1167,1998,South,83633.15,Year,Y,Denied
EZYV8337,Asia,Master's,N,Y,999,1984,West,123475.42,Year,Y,Certified
EZYV24641,Asia,Master's,N,N,2015,2010,South,87366.02,Year,Y,Certified
EZYV24496,Asia,Bachelor's,Y,N,3473,1921,Midwest,76756.53,Year,Y,Certified
EZYV19018,Asia,Doctorate,Y,N,5898,1947,West,12892.09,Year,Y,Certified
EZYV6700,Asia,Bachelor's,Y,Y,1548,1948,South,26489.1,Year,Y,Certified
EZYV2519,Asia,High School,N,N,1141,2000,West,283.4567,Hour,Y,Denied
EZYV23591,Asia,Bachelor's,Y,N,1691,2005,Midwest,39622.37,Year,Y,Certified
EZYV7708,Asia,High School,Y,N,2348,1997,Northeast,97817.75,Year,Y,Denied
EZYV20807,North America,Bachelor's,Y,N,1714,2008,South,347.228,Hour,Y,Denied
EZYV9783,North America,Master's,N,N,107,1976,West,166907.52,Year,N,Certified
EZYV13763,North America,Bachelor's,N,Y,1500,1994,South,420.0593,Hour,Y,Certified
EZYV13464,Europe,Master's,Y,N,1122,1893,Northeast,851.8675,Hour,Y,Certified
EZYV12587,Asia,Master's,N,N,182,1947,Northeast,130093.45,Year,Y,Certified
EZYV18576,Asia,Bachelor's,N,N,393,2007,Northeast,63275.29,Year,Y,Denied
EZYV15546,Europe,Master's,N,N,2871,2010,South,121098.07,Year,Y,Certified
EZYV7580,Europe,Master's,Y,Y,3117,2007,Midwest,126912.71,Year,Y,Certified
EZYV18928,Asia,Bachelor's,Y,Y,2059,2012,West,65642.88,Year,Y,Certified
EZYV9529,Asia,Bachelor's,Y,N,3232,2007,South,80601.28,Year,N,Certified
EZYV20631,Europe,Doctorate,Y,N,3398,1990,West,24680.55,Year,Y,Certified
EZYV16903,Asia,Bachelor's,N,N,667,2003,Island,73566.74,Year,Y,Certified
EZYV12122,Europe,Master's,Y,N,284,2006,Northeast,67984.22,Year,Y,Certified
EZYV9072,Asia,Master's,Y,N,290,1976,Midwest,68701.34,Year,Y,Certified
EZYV9682,North America,Master's,N,N,566,1965,Midwest,72238.79,Year,Y,Denied
EZYV1451,Europe,Master's,Y,Y,907,1992,West,14630.3,Year,Y,Certified
EZYV12005,Asia,Bachelor's,N,N,2251,1968,South,129058.98,Year,Y,Certified
EZYV7479,Asia,Doctorate,Y,N,3466,1988,South,75843.64,Year,Y,Certified
EZYV4260,Asia,Master's,Y,N,2563,2001,South,15377.39,Year,Y,Certified
EZYV23610,Asia,Bachelor's,N,N,1498,2009,West,741.9883,Hour,Y,Denied
EZYV3584,Asia,Doctorate,Y,N,2791,1963,West,76578.61,Year,Y,Certified
EZYV16825,Asia,Master's,Y,Y,46563,1911,West,22018.03,Year,Y,Certified
EZYV12926,North America,High School,N,N,1579,2005,South,133907.1,Year,Y,Denied
EZYV13575,Asia,Bachelor's,Y,N,4498,2003,Northeast,67633.07,Year,Y,Certified
EZYV1665,Asia,Bachelor's,Y,N,1368,1968,Midwest,56448.74,Year,Y,Certified
EZYV16480,Asia,Master's,N,N,3271,1855,Northeast,95411.25,Year,N,Denied
EZYV15783,Asia,Master's,N,N,1514,1971,West,33599.78,Year,Y,Denied
EZYV18921,Asia,Bachelor's,Y,N,2277,1985,Northeast,2487.6,Year,Y,Certified
EZYV7619,Asia,Bachelor's,N,N,2575,1977,South,975.6228,Hour,Y,Denied
EZYV3993,Asia,Bachelor's,Y,N,3423,2006,Midwest,86262.7,Year,Y,Certified
EZYV22904,North America,High School,Y,N,2264,2000,Northeast,789.7326,Hour,Y,Denied
EZYV24774,North America,Bachelor's,N,N,3853,2006,South,117175.98,Year,Y,Denied
EZYV21429,Asia,Master's,N,N,2672,1981,Midwest,118250.61,Year,N,Certified
EZYV17796,Asia,Master's,N,N,1170,2007,West,89836.87,Year,N,Denied
EZYV20207,Asia,Bachelor's,Y,Y,3184,1986,Northeast,49435.8,Year,Y,Certified
EZYV16115,Asia,Bachelor's,N,N,372,2005,Northeast,87039.57,Year,Y,Certified
EZYV8666,North America,Bachelor's,N,N,1930,2009,Northeast,891.8422,Hour,Y,Certified
EZYV7103,Asia,Bachelor's,N,N,2711,2006,South,113675.84,Year,Y,Certified
EZYV1860,Oceania,Bachelor's,Y,Y,5066,1987,Northeast,68411.23,Year,Y,Denied
EZYV14229,Asia,Bachelor's,Y,N,754,2005,West,52288.23,Year,Y,Denied
EZYV22781,Asia,Master's,Y,N,3453,1919,Northeast,76952.22,Year,Y,Certified
EZYV427,Asia,Master's,N,N,2675,1997,Midwest,102915.07,Year,Y,Certified
EZYV7046,Asia,Bachelor's,N,Y,2700,2001,South,80383.55,Year,Y,Denied
EZYV4521,Asia,High School,N,N,118,1997,Northeast,74396.6,Year,Y,Denied
EZYV6703,North America,Master's,Y,N,1588,1950,South,29895.05,Year,Y,Certified
EZYV3360,Asia,Master's,Y,N,3673,2000,South,111403.75,Year,Y,Certified
EZYV994,South America,Bachelor's,N,N,1228,1995,Northeast,314.2371,Hour,Y,Denied
EZYV17545,Europe,Doctorate,Y,N,1088,2001,Northeast,127960.51,Year,Y,Certified
EZYV13090,Europe,Doctorate,Y,N,2688,2004,West,11831.65,Year,Y,Certified
EZYV6617,Europe,Bachelor's,N,Y,3884,2009,Midwest,68035.47,Year,Y,Certified
EZYV10882,Africa,High School,Y,N,1885,2004,West,71690.13,Year,Y,Denied
EZYV7375,Asia,Master's,N,N,2398,1852,South,255626.72,Year,N,Certified
EZYV16668,Asia,Bachelor's,Y,N,1259,1994,Island,150622.45,Year,Y,Certified
EZYV1436,Europe,Bachelor's,Y,Y,2566,2008,West,31579.14,Year,Y,Certified
EZYV15483,North America,Master's,N,N,21667,1997,West,112764.81,Year,Y,Denied
EZYV18290,Asia,Master's,Y,N,109056,1997,West,125560.71,Year,Y,Denied
EZYV10130,Asia,High School,N,N,1270,1985,Midwest,120137.23,Year,Y,Denied
EZYV13548,Asia,Bachelor's,N,N,1016,1996,Northeast,146377.98,Year,Y,Certified
EZYV19629,Asia,Master's,Y,N,3187,2011,South,139754.12,Year,Y,Certified
EZYV22248,Asia,Bachelor's,N,N,1129,1919,Midwest,32941.65,Year,Y,Certified
EZYV2987,Asia,Master's,N,N,5081,1947,South,182206.85,Year,Y,Denied
EZYV24537,Asia,Master's,N,N,3301,2009,Northeast,67805.47,Year,Y,Certified
EZYV5294,Asia,Master's,Y,N,14858,2011,Northeast,33892.86,Year,N,Certified
EZYV1706,Asia,Bachelor's,Y,N,5120,2012,West,46483.49,Year,Y,Certified
EZYV15738,Asia,Master's,N,N,4692,2001,Midwest,99526.77,Year,Y,Denied
EZYV5117,Oceania,Bachelor's,Y,N,2030,2007,Midwest,21672.7,Year,Y,Certified
EZYV19859,Asia,Bachelor's,N,N,926,1984,Midwest,53288.21,Year,Y,Certified
EZYV5680,Asia,Bachelor's,N,N,5443,1999,Northeast,43706.23,Year,Y,Certified
EZYV10304,Asia,Master's,N,N,27873,1940,South,108886.27,Year,N,Denied
EZYV4886,Europe,Bachelor's,Y,N,1687,1944,West,53562.18,Year,Y,Certified
EZYV24522,Asia,Master's,N,N,1034,2014,South,158256.99,Year,N,Certified
EZYV20253,North America,Bachelor's,Y,N,4668,1999,South,207167.61,Year,Y,Denied
EZYV7022,South America,Bachelor's,Y,N,1913,1886,West,135983.58,Year,Y,Denied
EZYV22696,Asia,High School,Y,N,3562,1933,South,149454.39,Year,N,Denied
EZYV23986,Europe,Master's,N,N,13641,2000,South,17785.4,Year,Y,Certified
EZYV10224,Asia,Master's,N,N,3310,2007,South,152374.4,Year,N,Certified
EZYV22551,North America,Master's,N,N,527,1899,South,50173.64,Year,N,Denied
EZYV6875,Oceania,Bachelor's,N,N,2034,1904,West,82852.92,Year,Y,Certified
EZYV1910,Asia,Master's,N,Y,190,2004,Midwest,91171.22,Year,Y,Certified
EZYV24218,Asia,Master's,N,N,1219,1999,Midwest,72876.67,Year,N,Certified
EZYV5662,Africa,Master's,Y,N,106342,2002,South,69642.02,Year,Y,Certified
EZYV17491,North America,Bachelor's,N,N,1871,1978,Northeast,42081.55,Year,N,Denied
EZYV22854,Africa,High School,Y,N,27882,1988,West,184099.94,Year,Y,Certified
EZYV11593,North America,Bachelor's,N,N,3070,1873,Northeast,418.4248,Hour,Y,Certified
EZYV7197,Asia,Master's,Y,N,2253,1988,West,31145.4,Year,N,Certified
EZYV14451,Asia,Master's,N,N,727,1975,Northeast,104837.99,Year,Y,Certified
EZYV7381,Asia,Bachelor's,Y,N,1739,2006,Midwest,68700.74,Year,Y,Certified
EZYV6239,Asia,Master's,N,N,3490,1994,West,45240.76,Year,Y,Certified
EZYV25388,Europe,Doctorate,Y,N,2113,2010,West,102410.19,Year,Y,Certified
EZYV8545,Europe,Bachelor's,Y,N,3867,2005,West,11056.41,Year,Y,Denied
EZYV24295,Asia,High School,N,N,5350,2014,South,30500.51,Year,Y,Denied
EZYV9673,Asia,Bachelor's,Y,N,1617,1951,Northeast,139105.11,Year,Y,Denied
EZYV16100,North America,Master's,Y,N,2803,1998,Northeast,20645.46,Year,Y,Certified
EZYV6898,Asia,Master's,N,N,4069,1850,South,69332.66,Year,Y,Certified
EZYV20661,North America,Bachelor's,N,Y,506,1998,Midwest,76436.68,Year,Y,Certified
EZYV3423,Asia,High School,Y,N,28257,1928,Northeast,18960.31,Year,Y,Denied
EZYV19871,Asia,Master's,N,Y,3634,1997,Island,15825.93,Year,Y,Certified
EZYV14659,Asia,Bachelor's,Y,N,1286,1993,Northeast,79784.75,Year,Y,Denied
EZYV7875,Asia,Master's,Y,N,1947,1911,Northeast,133000.95,Year,Y,Certified
EZYV13533,Europe,Bachelor's,N,N,483,1983,Northeast,111.11,Hour,Y,Denied
EZYV2440,Asia,Master's,Y,N,153,2011,Midwest,149406.36,Year,N,Certified
EZYV2458,Asia,High School,N,N,1748,2012,Northeast,121129.27,Year,Y,Denied
EZYV19742,Asia,Master's,Y,N,1406,2000,South,19713.59,Year,Y,Certified
EZYV18957,Asia,Bachelor's,Y,N,592,2002,South,7239.86,Year,Y,Denied
EZYV4419,North America,High School,Y,N,2636,2013,West,144598.88,Year,Y,Certified
EZYV2707,Europe,Bachelor's,Y,N,2943,1997,Midwest,3326.61,Year,Y,Certified
EZYV17316,Asia,Bachelor's,N,N,871,1963,Northeast,97941.58,Year,Y,Certified
EZYV14506,Asia,Bachelor's,Y,N,1121,2009,Northeast,59945.39,Year,Y,Denied
EZYV15535,Asia,Bachelor's,Y,N,3824,1985,Northeast,5647.49,Year,Y,Denied
EZYV12948,Asia,Bachelor's,Y,N,764,1960,Midwest,46053.83,Year,Y,Certified
EZYV7464,Asia,Master's,N,N,885,1999,South,63208.76,Year,Y,Certified
EZYV7984,Asia,Master's,Y,N,392,2009,Midwest,121466.65,Year,Y,Certified
EZYV21181,Africa,Master's,Y,N,268,2004,South,5863.7,Year,Y,Certified
EZYV22955,Europe,Master's,Y,N,569,2010,West,39535.35,Year,Y,Certified
EZYV6659,Asia,Master's,Y,N,940,2005,Midwest,99705.42,Year,Y,Certified
EZYV5227,Asia,Master's,Y,Y,173,2006,Midwest,28852.15,Year,Y,Certified
EZYV14158,North America,Master's,N,N,234,2009,South,47819.03,Year,Y,Certified
EZYV6111,Asia,Bachelor's,Y,N,2222,2006,South,66088.63,Year,Y,Certified
EZYV5755,Europe,Bachelor's,Y,N,2066,1999,South,40607.15,Year,Y,Denied
EZYV25252,Europe,Master's,N,N,4299,2009,Midwest,125454.81,Year,Y,Certified
EZYV2986,South America,Doctorate,N,Y,351,1984,West,102574.01,Year,Y,Denied
EZYV14194,Europe,High School,Y,N,1125,1838,West,34509.13,Year,Y,Denied
EZYV22054,Asia,Master's,N,N,3520,2002,Midwest,96568.1,Year,Y,Denied
EZYV17693,Asia,High School,Y,N,2141,2011,West,32652.96,Year,Y,Denied
EZYV18109,Europe,Doctorate,Y,N,3146,2007,Midwest,80500.16,Year,Y,Certified
EZYV10450,Oceania,High School,N,N,28891,2000,West,116570.28,Year,Y,Denied
EZYV3930,Europe,High School,Y,Y,2441,2003,South,192499.4,Year,Y,Denied
EZYV10438,Africa,Bachelor's,N,Y,1870,2013,West,15336.23,Year,Y,Certified
EZYV22954,Asia,Master's,Y,N,1407,2004,South,92528.15,Year,Y,Certified
EZYV22692,South America,Master's,Y,N,3993,1939,South,97048.64,Week,Y,Denied
EZYV459,Asia,Bachelor's,Y,N,412,1994,South,41696.75,Year,Y,Certified
EZYV24041,Asia,Bachelor's,Y,N,1039,1838,South,125.5413,Hour,Y,Denied
EZYV9762,Asia,Bachelor's,Y,N,4655,2013,Northeast,85403.46,Year,Y,Certified
EZYV15530,Asia,Bachelor's,N,Y,5706,2013,West,52185.91,Year,Y,Certified
EZYV9763,Asia,Bachelor's,Y,N,140948,1987,Northeast,23507.6,Year,Y,Certified
EZYV8739,Asia,Bachelor's,N,N,6137,1999,South,26952.98,Year,Y,Certified
EZYV5364,Asia,Bachelor's,Y,N,4274,2011,West,121908.83,Week,Y,Certified
EZYV4093,Europe,Master's,Y,N,3897,1992,Midwest,34507.53,Year,Y,Certified
EZYV9128,Europe,Master's,N,Y,3395,2006,South,73358.46,Year,Y,Certified
EZYV15465,Asia,Bachelor's,Y,Y,72725,1977,South,108737.07,Year,Y,Denied
EZYV5787,Europe,Bachelor's,N,N,2376,1831,South,110045.01,Year,Y,Certified
EZYV15005,Asia,Master's,Y,N,367,1932,Northeast,1366.14,Year,Y,Certified
EZYV19555,Africa,Master's,Y,N,4016,1854,West,123783.66,Year,Y,Certified
EZYV21995,North America,Master's,Y,N,3108,1984,West,207928.27,Year,N,Certified
EZYV19953,Asia,Bachelor's,N,N,2825,2001,Northeast,692.3003,Hour,Y,Denied
EZYV20898,Asia,Doctorate,Y,N,3379,1885,West,32670.64,Year,Y,Certified
EZYV18581,Asia,Master's,N,N,2119,1994,Northeast,49432.08,Year,Y,Certified
EZYV21250,Asia,High School,N,N,1694,2009,Midwest,76582.51,Year,Y,Denied
EZYV10045,Asia,Bachelor's,Y,N,3006,2001,Northeast,83684.47,Year,Y,Denied
EZYV23607,Asia,Master's,Y,N,2227,2013,South,88233.69,Year,Y,Certified
EZYV5465,Asia,Master's,Y,N,2798,2001,South,33057.54,Year,Y,Certified
EZYV18529,Asia,Master's,Y,N,4315,1998,Northeast,41667.27,Year,N,Certified
EZYV24382,Asia,Bachelor's,Y,N,2104,2013,South,54330.54,Year,Y,Certified
EZYV4480,Europe,Master's,Y,N,1826,2003,West,22532.21,Year,Y,Certified
EZYV724,North America,Doctorate,N,N,23885,2005,West,298.1357,Hour,Y,Denied
EZYV24664,Europe,Master's,Y,N,2001,1949,Northeast,105687.76,Year,Y,Certified
EZYV3706,Europe,Master's,Y,N,1137,1989,West,11794.08,Year,Y,Certified
EZYV19685,North America,Bachelor's,Y,N,1439,1989,Northeast,36899.01,Year,Y,Certified
EZYV16167,Asia,High School,N,N,1060,1999,Midwest,134226.72,Year,Y,Certified
EZYV19880,Asia,Bachelor's,Y,N,2370,2010,South,137151.36,Year,Y,Denied
EZYV21448,Asia,Master's,Y,N,1785,1959,West,42286.16,Year,Y,Certified
EZYV19272,Asia,Bachelor's,Y,Y,1188,1998,Midwest,115424.29,Year,Y,Denied
EZYV23921,Europe,Doctorate,Y,N,3939,1999,South,39342.69,Year,Y,Certified
EZYV5374,North America,High School,Y,N,3857,1954,West,72153.89,Year,Y,Certified
EZYV24176,Asia,Bachelor's,N,N,1283,1989,Midwest,116987.68,Year,Y,Certified
EZYV3612,North America,Bachelor's,Y,N,28,2003,South,105298.55,Year,Y,Certified
EZYV19391,Asia,Master's,Y,N,4742,2009,Northeast,57334.74,Year,Y,Certified
EZYV1784,Asia,Bachelor's,Y,N,3240,1986,Northeast,92964.43,Year,Y,Certified
EZYV16072,Europe,Doctorate,Y,N,509,1893,West,46405.51,Year,Y,Certified
EZYV23975,North America,Master's,Y,N,2384,1965,Midwest,115864.35,Year,Y,Certified
EZYV3251,Asia,Bachelor's,Y,N,1132,2000,Midwest,42854.79,Year,Y,Certified
EZYV24560,Asia,Bachelor's,N,N,2921,2005,West,88176.62,Year,N,Denied
EZYV21459,Asia,Master's,N,N,1915,2006,Midwest,179623.75,Year,Y,Certified
EZYV2594,North America,Master's,N,N,1303,2010,Midwest,42608.2,Year,Y,Certified
EZYV229,Asia,High School,Y,N,584,1968,West,688.1266,Hour,Y,Denied
EZYV17425,Asia,Master's,Y,N,3652,1998,South,552.6891,Hour,Y,Certified
EZYV9346,Asia,Master's,Y,N,377,2007,Northeast,135634.95,Year,Y,Certified
EZYV8889,Asia,Master's,Y,N,2547,1962,South,144234.86,Week,Y,Certified
EZYV18552,Europe,Doctorate,Y,N,3147,2005,West,14785.44,Year,Y,Certified
EZYV3601,North America,Master's,Y,N,6082,1998,West,33143.81,Year,Y,Certified
EZYV12163,Asia,Bachelor's,N,N,3900,1997,West,115939.67,Year,Y,Certified
EZYV21569,Asia,Bachelor's,Y,N,443,2007,Midwest,143097.83,Year,Y,Certified
EZYV194,Asia,Master's,Y,N,128431,1991,West,128850.75,Year,Y,Certified
EZYV17754,Asia,High School,N,N,1560,1987,Northeast,171921.87,Year,N,Denied
EZYV1431,Asia,High School,N,N,144584,1991,South,87926.31,Year,Y,Certified
EZYV13129,Asia,Bachelor's,Y,N,833,1999,South,77936.78,Year,Y,Certified
EZYV430,Asia,Bachelor's,N,N,3055,1847,Midwest,113440.66,Year,Y,Certified
EZYV643,Asia,Bachelor's,Y,N,53191,1977,Midwest,81523.82,Year,N,Certified
EZYV21870,Asia,Bachelor's,Y,N,1833,2002,South,119262.34,Year,Y,Denied
EZYV16102,Asia,Bachelor's,N,N,649,1996,South,147.13,Hour,Y,Denied
EZYV11367,Europe,High School,N,N,2863,1981,West,16202.09,Year,Y,Denied
EZYV12209,North America,High School,N,N,88234,1971,Northeast,73237.71,Year,Y,Denied
EZYV4821,Asia,Master's,Y,N,4458,2001,Northeast,98214.71,Year,Y,Certified
EZYV24465,Asia,Bachelor's,N,N,2277,1995,Midwest,115635.85,Year,N,Certified
EZYV12719,Europe,Master's,N,N,1225,1994,West,15049.57,Year,Y,Certified
EZYV21758,Asia,Master's,N,N,2067,2005,Midwest,164463.45,Year,Y,Certified
EZYV17543,Asia,Master's,N,N,3353,1979,South,172098.04,Year,Y,Certified
EZYV25027,North America,Bachelor's,Y,N,3080,1986,West,81900.05,Year,Y,Denied
EZYV297,Europe,Bachelor's,Y,N,1017,1975,South,32086.09,Year,Y,Certified
EZYV10586,Asia,Bachelor's,Y,N,2320,1998,West,96894.03,Year,Y,Denied
EZYV19992,Asia,Bachelor's,Y,N,106382,1998,Northeast,65432.09,Year,Y,Denied
EZYV1043,North America,High School,N,N,183,2010,South,434.3017,Hour,Y,Certified
EZYV8357,Europe,Doctorate,N,N,2805,1998,West,2760.8,Year,Y,Certified
EZYV14228,Europe,Master's,Y,N,21127,1982,Northeast,43481.63,Year,N,Certified
EZYV9680,Asia,Bachelor's,N,Y,2513,2006,South,129873.18,Year,Y,Certified
EZYV14544,Asia,Master's,N,N,782,1992,Midwest,82532.35,Year,Y,Certified
EZYV24118,Asia,Master's,Y,N,1146,1911,South,84184.52,Year,Y,Certified
EZYV21559,Asia,High School,Y,N,1671,2007,Midwest,131550.12,Year,Y,Certified
EZYV8082,Asia,Master's,Y,N,4122,2004,Northeast,80968.55,Year,Y,Certified
EZYV11549,Asia,Bachelor's,N,N,539,2014,Northeast,831.07,Hour,Y,Denied
EZYV11250,North America,Master's,N,N,3018,1950,Midwest,589.9443,Hour,Y,Denied
EZYV3394,Asia,Bachelor's,Y,N,2701,2001,Northeast,102329.29,Year,Y,Certified
EZYV19284,North America,Master's,N,N,4694,2009,Northeast,112392.11,Year,N,Certified
EZYV9764,Europe,Master's,N,N,4722,1896,Midwest,196676.57,Year,Y,Certified
EZYV10604,Asia,Master's,Y,N,5266,2008,West,20170.85,Year,Y,Certified
EZYV19959,Asia,Master's,N,N,1661,1933,South,113335.4,Year,Y,Certified
EZYV11954,North America,Master's,Y,N,1666,1968,West,89084.75,Year,Y,Certified
EZYV25224,Europe,Doctorate,N,N,2494,2006,West,27826.26,Year,Y,Certified
EZYV5481,Asia,High School,N,N,1751,1946,Northeast,83884.25,Year,N,Denied
EZYV5898,Europe,Master's,Y,N,477,2009,West,19185.76,Year,Y,Certified
EZYV1460,Asia,Master's,Y,N,3155,1885,Midwest,70312.5,Year,Y,Certified
EZYV4922,Asia,High School,N,N,1148,2007,Midwest,62840.43,Year,Y,Denied
EZYV4795,South America,Master's,N,N,6036,2000,Northeast,62979.88,Year,Y,Certified
EZYV22401,Asia,Bachelor's,N,Y,979,2004,South,144691.23,Year,Y,Certified
EZYV5463,Asia,Master's,N,Y,3415,1991,South,104348.31,Year,Y,Certified
EZYV15441,Asia,Bachelor's,Y,N,4497,1908,West,40585.26,Year,N,Certified
EZYV14498,North America,Bachelor's,Y,N,3452,1896,West,9652.7,Year,Y,Denied
EZYV13759,Asia,Master's,Y,N,639,1997,South,100791.46,Year,N,Denied
EZYV14463,Africa,Doctorate,Y,N,3115,1997,Northeast,18491.12,Year,Y,Certified
EZYV11353,Asia,Master's,N,N,534,2012,South,135067.59,Year,N,Certified
EZYV9864,Asia,Bachelor's,N,N,3232,2005,South,30797.04,Year,Y,Certified
EZYV9816,North America,Master's,Y,N,4172,1902,South,143269.07,Year,Y,Certified
EZYV2726,North America,Master's,N,N,2928,2004,West,56146.38,Year,Y,Denied
EZYV8506,Europe,Doctorate,Y,N,2364,1970,South,38544.47,Year,Y,Certified
EZYV16752,Asia,Doctorate,Y,N,1853,1910,Midwest,107426.82,Year,Y,Certified
EZYV12083,Asia,Master's,Y,N,2462,1985,Northeast,164274.73,Year,Y,Certified
EZYV10057,North America,Master's,Y,N,792,1969,Northeast,84948.88,Year,Y,Certified
EZYV4548,Asia,Master's,Y,N,2144,1990,South,63957.39,Year,Y,Certified
EZYV16573,Asia,Bachelor's,Y,Y,651,1984,South,74071.8,Year,Y,Certified
EZYV1673,Asia,Bachelor's,N,N,770,2012,West,92085.69,Year,Y,Denied
EZYV6795,Asia,Bachelor's,N,N,454,2003,West,61121.26,Year,Y,Certified
EZYV16230,Europe,Bachelor's,Y,N,2044,2005,West,22412.72,Year,Y,Certified
EZYV13596,Asia,Bachelor's,Y,N,2034,1981,West,950.6056,Hour,Y,Certified
EZYV12490,Asia,Bachelor's,Y,N,2601,1864,West,96666.23,Year,Y,Certified
EZYV11501,Asia,Master's,Y,N,1960,1847,West,50872.54,Year,Y,Certified
EZYV22849,Europe,Doctorate,Y,N,2283,2010,West,167736.17,Year,Y,Certified
EZYV4800,Asia,Doctorate,N,N,2902,2005,Midwest,72098.82,Year,Y,Certified
EZYV17585,Asia,Master's,N,N,108,1915,Midwest,79271.93,Year,Y,Certified
EZYV1211,Asia,Master's,N,N,1014,1998,Midwest,115914.25,Year,Y,Certified
EZYV22776,North America,Bachelor's,N,N,936,2002,South,80549.64,Year,Y,Denied
EZYV17759,Asia,Master's,N,N,1222,1994,Northeast,80774.15,Year,Y,Certified
EZYV7699,North America,Master's,Y,N,1101,2007,Northeast,195.1899,Hour,Y,Certified
EZYV318,South America,Bachelor's,N,N,1761,1995,Midwest,667.4133,Hour,Y,Certified
EZYV20780,Asia,Doctorate,Y,N,122114,1999,Northeast,114288.61,Year,Y,Certified
EZYV18786,Asia,Doctorate,Y,N,4488,1998,West,125970.79,Year,Y,Certified
EZYV927,Asia,Master's,N,N,546,2014,South,149133.36,Year,Y,Certified
EZYV1902,Asia,Master's,Y,N,1319,1993,Northeast,103868.89,Year,Y,Certified
EZYV17290,Asia,Master's,Y,N,2610,2007,Northeast,146773.45,Year,N,Certified
EZYV7627,Asia,Bachelor's,Y,N,1088,1981,South,122284.82,Year,Y,Certified
EZYV16575,South America,Bachelor's,Y,N,578,1997,South,99072.22,Year,Y,Denied
EZYV2154,Asia,Master's,N,Y,2932,1998,West,106017.36,Year,Y,Denied
EZYV2416,Europe,High School,Y,N,5430,1867,South,15005.35,Year,Y,Certified
EZYV17333,Asia,Master's,Y,N,4356,2002,Northeast,104990.56,Year,Y,Certified
EZYV6715,Asia,Master's,Y,N,518,2002,Midwest,130781.13,Year,N,Certified
EZYV7213,Asia,Master's,Y,N,15964,2004,Northeast,114194.43,Year,Y,Certified
EZYV20014,North America,Bachelor's,Y,N,17270,1971,West,102835.43,Year,Y,Certified
EZYV7354,Asia,High School,Y,N,1841,2001,West,91675.75,Year,Y,Denied
EZYV2824,Asia,Master's,N,Y,197,1995,West,96547.32,Year,Y,Denied
EZYV18423,Asia,Bachelor's,Y,N,1363,2010,South,146551.65,Year,Y,Denied
EZYV3439,Asia,Bachelor's,N,N,180,1999,Northeast,57257.37,Year,Y,Denied
EZYV25325,Europe,High School,Y,N,20826,1968,West,122162.43,Year,Y,Certified
EZYV6364,Asia,Bachelor's,Y,N,875,1995,West,122993.83,Year,Y,Denied
EZYV5210,Europe,High School,Y,N,24399,2009,Northeast,192376.49,Year,Y,Denied
EZYV15997,South America,Bachelor's,N,N,2957,1985,Northeast,136.5063,Hour,Y,Denied
EZYV10864,North America,Bachelor's,Y,N,3351,1998,West,166422.14,Year,Y,Denied
EZYV22394,Asia,Bachelor's,N,N,3409,1964,South,82633.22,Year,Y,Certified
EZYV11407,Europe,Bachelor's,N,N,2629,2004,West,105823.23,Year,Y,Certified
EZYV11394,North America,Bachelor's,Y,N,313,2004,Northeast,14292.34,Year,Y,Certified
EZYV14488,Asia,Bachelor's,N,Y,2159,1980,South,133675.92,Year,Y,Certified
EZYV1956,Asia,Master's,N,N,1363,2001,Midwest,192550.96,Year,Y,Certified
EZYV1299,Asia,Master's,N,N,21155,1997,Northeast,138.76,Hour,Y,Denied
EZYV21322,Asia,High School,Y,N,2922,1869,Midwest,129346.54,Year,Y,Certified
EZYV19208,Asia,Master's,N,N,1570,2008,Midwest,86060.21,Year,N,Certified
EZYV15016,North America,Master's,N,N,1438,1946,South,26064.82,Year,Y,Denied
EZYV12447,Europe,Master's,Y,N,2604,1997,South,6463.36,Year,Y,Certified
EZYV16296,South America,Bachelor's,Y,N,650,1948,South,33000.75,Year,Y,Certified
EZYV19643,Europe,Master's,Y,N,2892,1849,Northeast,102401.16,Year,Y,Certified
EZYV8334,Asia,Bachelor's,N,N,201,1976,West,243086.94,Year,Y,Certified
EZYV15430,North America,Bachelor's,Y,N,400,2014,South,120941.44,Year,Y,Denied
EZYV3325,Europe,Master's,N,N,450,2005,South,53252.5,Year,Y,Certified
EZYV19602,Asia,Bachelor's,N,Y,4802,1977,West,55035.51,Year,Y,Certified
EZYV7637,Asia,Bachelor's,N,N,2037,2003,Northeast,78615.46,Year,Y,Certified
EZYV12399,Asia,Bachelor's,N,N,10046,1975,Midwest,150050.68,Year,Y,Certified
EZYV4013,Asia,Master's,N,Y,1792,1998,Northeast,143437.65,Year,Y,Denied
EZYV14222,Asia,Master's,N,Y,1158,2000,Northeast,124925.02,Year,N,Denied
EZYV23479,Asia,Doctorate,Y,N,1044,2001,Northeast,65874.08,Year,Y,Denied
EZYV2530,Asia,Master's,Y,N,3465,2012,Northeast,139492.33,Year,Y,Certified
EZYV22082,Asia,Master's,N,N,1896,2006,South,54644.89,Year,N,Certified
EZYV16315,Asia,High School,Y,N,3763,1989,West,56966.02,Year,Y,Certified
EZYV15528,Asia,Bachelor's,Y,N,2778,1855,South,122240.81,Year,N,Certified
EZYV1765,Asia,Bachelor's,N,N,1799,1999,Midwest,72921.08,Year,Y,Certified
EZYV12987,North America,Master's,N,N,2626,1911,South,108736.26,Year,N,Certified
EZYV1889,South America,Master's,N,N,4608,1872,South,31520.31,Year,Y,Certified
EZYV3525,North America,Master's,Y,N,3963,1984,South,108118.76,Year,Y,Certified
EZYV17302,North America,High School,N,N,1870,1946,Northeast,787.1327,Hour,Y,Certified
EZYV21962,Asia,Doctorate,Y,N,749,2005,Northeast,60895.25,Year,Y,Certified
EZYV9508,Europe,Bachelor's,N,Y,885,2010,Northeast,109589.35,Year,Y,Certified
EZYV24427,Europe,Bachelor's,N,N,4727,2008,West,49306.66,Year,Y,Certified
EZYV13595,Africa,Master's,Y,N,1313,1897,West,59311.97,Year,Y,Certified
EZYV6097,Asia,Bachelor's,N,N,5723,1991,West,8092.97,Year,Y,Certified
EZYV10160,Asia,Master's,Y,N,26238,2006,West,46953.57,Year,Y,Certified
EZYV9451,Asia,Master's,N,N,182,1865,Midwest,63869.77,Year,Y,Certified
EZYV1650,Asia,Bachelor's,Y,N,3212,1940,South,50474.1,Year,Y,Certified
EZYV17295,North America,High School,Y,N,3427,1854,West,107183.26,Year,Y,Certified
EZYV2670,Asia,High School,N,N,3296,1889,West,206170.34,Year,Y,Denied
EZYV19249,Asia,Bachelor's,N,N,1537,2001,Northeast,120831.28,Year,Y,Certified
EZYV24391,Asia,Bachelor's,Y,N,3124,1978,Midwest,345.4356,Hour,Y,Certified
EZYV13745,Asia,Bachelor's,Y,N,348,1981,Midwest,95509.14,Year,Y,Certified
EZYV13345,Europe,Bachelor's,Y,N,1032,2004,West,25237.4,Year,Y,Certified
EZYV1369,Asia,Bachelor's,Y,N,868,1996,Northeast,32003.95,Year,N,Certified
EZYV23825,Asia,Bachelor's,N,N,455,2002,West,86205.66,Year,Y,Certified
EZYV13690,Asia,Bachelor's,Y,Y,498,1875,South,61027.83,Year,Y,Denied
EZYV25428,North America,Bachelor's,N,N,1967,1983,Northeast,813.3569,Hour,Y,Denied
EZYV9599,Africa,Master's,N,N,657,1986,Midwest,102755.66,Year,N,Denied
EZYV11518,Asia,High School,N,N,904,2001,South,85432.58,Year,Y,Denied
EZYV19149,North America,Master's,Y,N,76723,2004,Midwest,61362.74,Year,Y,Certified
EZYV2697,North America,Bachelor's,N,Y,144,2013,West,70516.48,Year,Y,Denied
EZYV10848,Asia,Master's,Y,N,6262,2013,West,115861.47,Year,N,Denied
EZYV6830,Asia,Bachelor's,Y,N,2576,2011,West,73317.21,Year,Y,Certified
EZYV21988,Asia,Master's,N,N,67,1998,Northeast,235.02,Year,Y,Certified
EZYV14077,Asia,Bachelor's,Y,N,303,1998,South,64238.39,Year,Y,Certified
EZYV20712,Asia,Bachelor's,N,N,2472,1831,South,42348.3,Year,Y,Denied
EZYV9956,Asia,Master's,N,N,4299,1989,Northeast,99446.01,Year,N,Certified
EZYV7821,Asia,Bachelor's,Y,N,4525,2001,Northeast,572.6978,Hour,Y,Certified
EZYV4325,Asia,Bachelor's,N,N,3291,1997,Northeast,48507.76,Year,Y,Denied
EZYV3012,Europe,Master's,Y,N,1151,1991,South,128983.07,Year,Y,Certified
EZYV23844,Asia,Bachelor's,Y,N,5221,2010,South,34300.99,Year,Y,Certified
EZYV1906,Europe,Master's,N,Y,297,2006,West,41743.42,Year,Y,Certified
EZYV22980,Asia,Bachelor's,Y,N,3201,1997,Midwest,65389.1,Year,Y,Certified
EZYV5694,Asia,Bachelor's,Y,Y,554,1963,South,72461.13,Year,Y,Certified
EZYV24899,South America,Master's,N,Y,819,1954,West,52951.51,Year,Y,Denied
EZYV1761,Asia,Master's,Y,N,2896,2001,Northeast,149996.6,Year,N,Certified
EZYV23371,Asia,High School,Y,N,1216,2008,South,161829.45,Year,Y,Certified
EZYV17710,Europe,Master's,N,Y,4378,1983,West,50.0723,Hour,Y,Denied
EZYV6009,Asia,Master's,Y,N,3082,1990,Midwest,97471.62,Year,Y,Certified
EZYV9851,North America,Master's,N,N,2216,1997,Midwest,82102.11,Year,N,Certified
EZYV21446,Asia,High School,Y,N,4858,1894,West,59550.24,Year,Y,Certified
EZYV6648,Asia,Bachelor's,N,Y,3590,1904,West,57356.06,Year,Y,Denied
EZYV11085,Asia,Master's,Y,N,1663,1999,South,14619.13,Year,Y,Certified
EZYV21788,Europe,Bachelor's,N,N,1708,1989,South,118.1343,Hour,Y,Denied
EZYV2486,Asia,Bachelor's,Y,N,3183,1979,Midwest,56822.13,Year,N,Certified
EZYV15425,North America,Master's,Y,N,5001,2005,Midwest,106000.19,Year,N,Certified
EZYV16637,Europe,High School,N,N,5208,1895,West,7223.17,Year,Y,Certified
EZYV21477,Europe,Doctorate,N,N,4868,1995,West,27953.86,Year,Y,Certified
EZYV22051,Asia,Master's,Y,N,6543,2001,West,34529.86,Year,Y,Certified
EZYV8730,Asia,Bachelor's,N,N,3473,1987,Northeast,527.0549,Hour,Y,Denied
EZYV6357,Asia,Bachelor's,N,Y,62,2010,South,96916.95,Year,Y,Certified
EZYV6035,Asia,Master's,N,N,2858,1911,South,121123.08,Year,N,Certified
EZYV5919,South America,High School,N,N,1793,2004,Northeast,129.62,Hour,Y,Certified
EZYV19073,Asia,Bachelor's,N,N,1112,2010,Northeast,73696.34,Year,Y,Denied
EZYV24659,Asia,Master's,Y,N,1697,1868,South,53378.34,Year,Y,Certified
EZYV14434,Asia,Master's,Y,N,487,2009,Northeast,434.5867,Hour,Y,Certified
EZYV22759,Asia,Master's,N,N,1291,1873,South,63813.69,Year,Y,Denied
EZYV9111,Asia,Bachelor's,Y,N,520,2005,Northeast,158641.88,Year,Y,Denied
EZYV20937,Asia,High School,N,N,2993,1911,South,50459.58,Year,Y,Certified
EZYV9772,Asia,High School,Y,N,1746,1940,Northeast,19704.98,Year,Y,Denied
EZYV6509,Asia,Master's,Y,Y,1364,2002,West,36791.49,Year,Y,Certified
EZYV23654,Asia,High School,Y,N,932,1991,South,61073.25,Year,Y,Certified
EZYV9813,Africa,High School,Y,N,3308,1991,Midwest,93212.17,Year,Y,Denied
EZYV13318,Asia,Master's,N,N,1637,1977,South,174738.09,Year,N,Certified
EZYV25246,North America,Master's,Y,N,1660,1998,Midwest,32899.74,Year,Y,Certified
EZYV1463,Europe,Master's,N,N,3953,2013,South,51343.39,Year,Y,Certified
EZYV11857,Asia,Master's,Y,N,2732,2011,West,720.7702,Hour,Y,Certified
EZYV8208,North America,High School,Y,N,349,1946,Northeast,40483.68,Year,Y,Certified
EZYV21401,Europe,Bachelor's,N,Y,2315,1996,South,255033.75,Year,Y,Certified
EZYV9442,Asia,Bachelor's,Y,N,2905,1888,West,96271.4,Year,Y,Denied
EZYV684,Europe,Bachelor's,N,N,1970,2004,Northeast,104895.32,Year,Y,Certified
EZYV18961,Asia,Master's,N,N,2816,1983,Midwest,111497.82,Year,N,Certified
EZYV20239,Asia,Master's,N,N,1897,1978,Midwest,182675.96,Year,Y,Certified
EZYV5578,Asia,Master's,Y,N,187,1885,Northeast,71501.88,Year,Y,Certified
EZYV18437,Asia,Bachelor's,Y,N,126587,1998,South,105192.02,Year,Y,Certified
EZYV750,Asia,Master's,N,N,1781,1971,South,630.2337,Hour,Y,Certified
EZYV18755,Asia,Bachelor's,N,N,803,2014,Northeast,51943.8,Year,Y,Denied
EZYV25069,Asia,Bachelor's,Y,N,68586,1992,South,88078.43,Year,Y,Certified
EZYV2756,Asia,Bachelor's,Y,N,662,1917,Midwest,95193.26,Year,Y,Certified
EZYV11691,Asia,Bachelor's,Y,Y,1363,2012,Northeast,180579.19,Year,Y,Certified
EZYV17973,Asia,Bachelor's,N,N,3269,1963,Northeast,107563.02,Year,Y,Denied
EZYV16420,Asia,Doctorate,N,Y,680,1965,South,42966.66,Year,Y,Certified
EZYV14236,Asia,Bachelor's,Y,N,57,1995,Northeast,66857.55,Year,Y,Denied
EZYV17877,North America,Master's,Y,N,2072,2007,Northeast,131685.32,Year,Y,Certified
EZYV11646,Europe,Master's,Y,N,474,2010,Northeast,58633.99,Year,Y,Certified
EZYV9115,Europe,Doctorate,N,N,1567,1993,West,39231.86,Year,Y,Certified
EZYV18268,North America,Master's,Y,N,5167,1996,Northeast,11603.58,Year,Y,Certified
EZYV2088,North America,Bachelor's,N,N,2411,1850,Northeast,34685.47,Year,Y,Denied
EZYV10436,North America,Master's,N,N,3016,1999,Midwest,71056.15,Year,N,Certified
EZYV1630,Europe,High School,Y,N,1608,1995,West,26176.33,Year,N,Denied
EZYV4905,Asia,Bachelor's,Y,N,42144,2001,Midwest,137013.83,Year,Y,Certified
EZYV24022,Asia,Master's,N,N,977,1838,South,60167.91,Year,N,Certified
EZYV20200,South America,Master's,Y,N,332,1996,Northeast,103872.31,Year,Y,Denied
EZYV1296,Asia,Bachelor's,N,N,2450,1999,West,92174.08,Year,Y,Denied
EZYV7263,Asia,High School,N,N,1168,2001,West,32125.12,Year,Y,Denied
EZYV25052,Europe,High School,Y,N,2090,1939,Northeast,55862.42,Year,Y,Certified
EZYV14026,North America,Bachelor's,N,N,999,1906,South,269.8248,Hour,Y,Certified
EZYV22897,North America,Bachelor's,Y,N,3492,1899,South,93467.99,Year,N,Certified
EZYV9792,Asia,Master's,N,N,2215,2001,West,107528.11,Year,Y,Certified
EZYV3194,Asia,Bachelor's,Y,N,3735,1892,Northeast,102879.08,Year,Y,Certified
EZYV20168,Oceania,Master's,N,N,1372,2008,Island,99248.87,Year,Y,Certified
EZYV12515,Asia,Doctorate,Y,N,4655,2008,West,28655.55,Year,Y,Certified
EZYV7201,Asia,Bachelor's,Y,N,4455,2011,Midwest,55841.98,Year,Y,Denied
EZYV15506,North America,High School,N,N,912,2003,Northeast,309.4815,Hour,Y,Denied
EZYV7779,Asia,Master's,Y,N,4308,2006,West,18257.93,Year,Y,Certified
EZYV2511,Asia,Master's,Y,N,414,1999,Northeast,86288.45,Year,Y,Certified
EZYV18583,Asia,Doctorate,N,Y,2603,1999,Northeast,79557.2,Year,Y,Certified
EZYV22686,North America,Bachelor's,N,N,506,1978,West,70796.62,Year,Y,Certified
EZYV17205,Asia,Master's,Y,N,607,1984,Midwest,85966.67,Year,Y,Certified
EZYV787,Asia,Master's,Y,N,4403,1988,Midwest,33645.75,Year,Y,Certified
EZYV23450,Asia,Bachelor's,N,N,2364,2009,South,216036.64,Year,Y,Certified
EZYV50,Asia,Doctorate,N,Y,2171,1960,Northeast,49565.37,Year,Y,Denied
EZYV2328,Asia,High School,Y,N,2115,1873,South,54688.5,Year,Y,Certified
EZYV10621,Europe,Doctorate,Y,N,2012,1875,South,42685.07,Year,Y,Certified
EZYV22715,Asia,Master's,Y,N,2101,1885,West,110802.55,Year,Y,Denied
EZYV11881,Asia,Bachelor's,N,N,1464,2001,Northeast,506.0562,Hour,Y,Denied
EZYV20749,Asia,Bachelor's,N,N,2260,1879,West,111511.16,Year,N,Denied
EZYV22192,Asia,Doctorate,N,N,1093,2010,South,128939.46,Year,N,Certified
EZYV4314,Asia,Master's,Y,N,709,2006,Northeast,4657.16,Year,Y,Certified
EZYV4714,Asia,Master's,N,Y,582,1973,West,82560.7,Year,Y,Denied
EZYV11119,Asia,Bachelor's,Y,Y,907,2006,South,114717.93,Year,Y,Certified
EZYV10630,North America,High School,N,N,4077,1855,Northeast,299.7964,Hour,Y,Denied
EZYV23746,Asia,Bachelor's,Y,N,5063,2012,West,10300.2,Year,Y,Denied
EZYV22347,Asia,Bachelor's,N,N,1213,1994,West,137633.95,Year,Y,Denied
EZYV16368,Asia,Master's,N,N,3485,1968,South,141301.13,Year,N,Certified
EZYV290,Asia,Master's,N,Y,3370,2007,West,42761.33,Year,Y,Denied
EZYV15209,Asia,Bachelor's,Y,N,13045,1971,Midwest,44383.94,Year,Y,Certified
EZYV11868,North America,Bachelor's,Y,N,26537,1993,South,92942.37,Year,Y,Denied
EZYV14223,Europe,Master's,N,N,2383,1901,South,41010.11,Year,Y,Certified
EZYV1777,Asia,Master's,N,N,4442,1968,South,11091.8,Year,Y,Certified
EZYV10941,Africa,Bachelor's,N,N,2811,2007,Midwest,153272.22,Year,Y,Certified
EZYV17521,Asia,Bachelor's,N,N,4321,1980,Midwest,249610.99,Year,Y,Certified
EZYV11559,South America,Master's,Y,N,3042,2008,South,66.3423,Hour,Y,Denied
EZYV16237,Asia,Master's,N,N,426,2001,Northeast,65237.94,Year,Y,Denied
EZYV20266,Asia,Bachelor's,N,N,21674,1982,Northeast,42333.72,Year,Y,Denied
EZYV13562,Asia,Master's,Y,N,1618,1990,Northeast,79636.1,Year,Y,Certified
EZYV911,Asia,Master's,N,N,7668,2005,South,95333.45,Year,Y,Certified
EZYV22783,Asia,Bachelor's,Y,N,822,1855,South,29897.51,Year,Y,Certified
EZYV13767,Asia,High School,Y,N,5498,1896,West,105347.24,Year,Y,Denied
EZYV10177,Asia,Bachelor's,N,N,3473,2001,Northeast,932.9289,Hour,Y,Denied
EZYV3299,South America,High School,Y,N,3179,1970,West,48965.5,Year,Y,Certified
EZYV19291,Asia,Bachelor's,N,N,619,2002,Northeast,63710.65,Year,Y,Denied
EZYV4882,Asia,Master's,N,N,79,1981,Midwest,124705.74,Year,N,Certified
EZYV22784,Asia,Bachelor's,N,N,74,2011,Midwest,68096.3,Year,Y,Certified
EZYV22856,North America,High School,Y,N,564,1991,South,2.9561,Hour,Y,Denied
EZYV17304,North America,Master's,Y,N,1490,1998,Island,117028.62,Year,Y,Certified
EZYV22233,North America,Bachelor's,Y,N,2554,1987,West,50624.96,Year,Y,Certified
EZYV21521,Europe,High School,Y,N,1020,2006,Northeast,33359.32,Year,Y,Certified
EZYV10471,Asia,Master's,N,N,109,2000,Midwest,44906.13,Year,Y,Certified
EZYV13821,Asia,Bachelor's,Y,N,2518,2007,Northeast,53303.34,Year,Y,Certified
EZYV86,Asia,Master's,Y,N,2480,1981,Northeast,34213.17,Year,Y,Certified
EZYV21659,Asia,Master's,Y,N,1389,1977,South,57812.55,Week,Y,Denied
EZYV18370,Asia,Bachelor's,N,N,3779,2001,West,65745.06,Year,Y,Certified
EZYV10967,North America,Master's,Y,N,3583,1990,South,21255.82,Year,N,Certified
EZYV5105,Asia,Bachelor's,Y,N,929,2005,South,53201.48,Year,Y,Denied
EZYV21996,South America,Bachelor's,Y,N,1883,1994,Northeast,129032.04,Year,Y,Certified
EZYV22653,Asia,High School,N,N,1437,1986,Midwest,68305.11,Year,Y,Certified
EZYV4621,Europe,Bachelor's,Y,N,1906,2007,West,6925.92,Year,Y,Certified
EZYV7331,Asia,Bachelor's,N,N,2052,2007,South,100345.72,Year,N,Certified
EZYV12312,Asia,Bachelor's,Y,N,3452,2004,Midwest,145329.0,Year,N,Certified
EZYV11969,Asia,High School,Y,N,2449,1992,West,9255.26,Year,Y,Denied
EZYV5618,Asia,Master's,Y,N,2423,1991,South,126768.92,Year,Y,Certified
EZYV21146,Asia,Master's,Y,N,3457,2006,Northeast,33084.03,Year,Y,Denied
EZYV4872,Asia,Master's,Y,N,12231,1996,Midwest,77437.84,Year,Y,Certified
EZYV18417,Oceania,Doctorate,N,N,799,1987,Northeast,29134.01,Year,Y,Certified
EZYV11866,Europe,Bachelor's,Y,N,4168,2004,West,18611.11,Year,Y,Denied
EZYV4021,South America,Bachelor's,Y,Y,4460,1979,West,133266.06,Year,Y,Certified
EZYV17488,North America,Bachelor's,N,N,1665,2005,South,98544.99,Year,Y,Denied
EZYV17894,Asia,Master's,N,N,3997,2014,Northeast,26477.09,Year,N,Certified
EZYV9947,North America,Master's,Y,N,3455,2001,Northeast,199553.2,Year,N,Denied
EZYV12074,Europe,High School,N,N,5336,1990,Northeast,42219.21,Year,Y,Denied
EZYV1875,Europe,Doctorate,Y,Y,2266,1922,South,12521.07,Year,Y,Certified
EZYV16554,Asia,Doctorate,Y,N,5491,2004,South,6690.41,Year,Y,Certified
EZYV15186,North America,High School,Y,N,20463,1943,Northeast,40058.99,Year,Y,Denied
EZYV9836,Europe,Bachelor's,N,N,5169,1999,West,5862.47,Year,Y,Certified
EZYV12293,Asia,Bachelor's,Y,N,2885,1926,West,141297.92,Week,N,Denied
EZYV8483,Europe,Doctorate,N,N,3562,2006,Northeast,21649.9,Year,Y,Certified
EZYV15840,Africa,Master's,Y,N,725,1995,Northeast,75126.31,Year,Y,Certified
EZYV1521,Europe,Bachelor's,N,N,297,2000,West,216.6439,Hour,Y,Denied
EZYV19286,Europe,High School,N,Y,2033,1892,Midwest,35965.12,Year,Y,Certified
EZYV10439,North America,High School,Y,N,238,1999,South,141800.56,Year,Y,Denied
EZYV14555,Asia,Bachelor's,Y,N,3230,1845,Midwest,137798.77,Year,Y,Denied
EZYV682,Asia,High School,Y,N,33345,1998,Northeast,107882.31,Year,Y,Denied
EZYV3161,Asia,Bachelor's,N,N,3014,1979,West,86898.39,Year,Y,Denied
EZYV6931,Europe,Doctorate,Y,N,3146,2011,Northeast,103959.13,Year,Y,Certified
EZYV23135,Asia,Master's,N,N,1205,2001,Midwest,55708.47,Year,Y,Certified
EZYV8941,Asia,Bachelor's,N,N,2258,1951,Northeast,55406.26,Year,Y,Certified
EZYV12874,Asia,High School,Y,N,3420,1948,Northeast,14115.27,Year,Y,Denied
EZYV4395,Europe,Master's,N,N,678,2010,South,85376.23,Year,Y,Certified
EZYV9022,Asia,Doctorate,N,N,1299,1993,Midwest,40465.24,Year,Y,Certified
EZYV7233,Asia,Master's,Y,N,5015,2005,West,69739.07,Year,Y,Certified
EZYV284,North America,Bachelor's,N,Y,433,1912,West,123018.45,Year,Y,Denied
EZYV20212,Asia,Master's,Y,Y,181,2013,South,74421.04,Year,Y,Denied
EZYV1816,Asia,Master's,N,N,4246,2006,West,33040.58,Year,Y,Denied
EZYV15041,Asia,Master's,Y,N,5202,1994,Midwest,58569.8,Year,Y,Certified
EZYV17236,Asia,Master's,Y,N,104,2007,South,14883.92,Year,Y,Certified
EZYV7300,North America,Bachelor's,Y,N,3692,2007,West,96764.91,Year,Y,Denied
EZYV4478,Asia,Bachelor's,N,Y,307,1993,Island,67459.38,Year,Y,Denied
EZYV6407,Asia,High School,N,N,1636,1991,South,150093.09,Year,Y,Denied
EZYV12118,Asia,Bachelor's,N,N,3993,1817,Midwest,116923.8,Year,Y,Certified
EZYV20665,Asia,Master's,Y,N,47,1996,Northeast,65436.26,Year,Y,Denied
EZYV24860,Asia,Bachelor's,Y,N,255,1988,West,166694.94,Year,Y,Denied
EZYV4331,Asia,High School,Y,N,3197,2005,South,98642.49,Year,Y,Denied
EZYV6394,Asia,Master's,Y,N,1571,2001,South,165056.07,Year,N,Certified
EZYV22355,Europe,Master's,Y,N,496,1994,South,41184.49,Year,Y,Certified
EZYV739,North America,Bachelor's,Y,N,1222,1997,Northeast,851.4471,Hour,Y,Denied
EZYV10712,Asia,Master's,Y,N,2133,1978,South,111559.85,Month,Y,Certified
EZYV1189,Asia,Bachelor's,N,N,2821,1975,Northeast,85693.22,Year,Y,Denied
EZYV19010,Europe,Bachelor's,N,N,4674,2006,West,26779.66,Year,Y,Certified
EZYV6925,Asia,Master's,Y,Y,2532,2007,West,34766.25,Year,Y,Certified
EZYV21423,Asia,Doctorate,N,N,22,1998,South,228520.51,Year,Y,Denied
EZYV9060,Asia,Master's,Y,N,2894,1997,Northeast,40645.14,Year,Y,Certified
EZYV19147,Africa,Master's,N,N,156,2014,Northeast,97764.74,Year,Y,Certified
EZYV24957,South America,Master's,N,N,2168,2001,Midwest,82306.02,Year,Y,Certified
EZYV9570,North America,Master's,Y,N,593,1976,South,132834.14,Year,Y,Certified
EZYV3507,Asia,High School,N,N,1525,1989,Midwest,223492.85,Year,Y,Denied
EZYV6264,South America,Bachelor's,Y,N,461,1968,South,187.0879,Hour,Y,Denied
EZYV10173,Asia,High School,Y,N,1246,1999,Northeast,19355.87,Year,Y,Denied
EZYV17169,Asia,High School,N,N,1604,2006,West,7160.55,Year,Y,Certified
EZYV3529,South America,Doctorate,Y,N,286,2005,West,72903.34,Year,Y,Certified
EZYV18311,Asia,High School,Y,N,332,1993,Northeast,247.3649,Hour,Y,Denied
EZYV23556,Asia,Bachelor's,Y,N,2019,2013,South,28262.13,Year,Y,Denied
EZYV20073,Europe,Master's,N,N,708,1981,West,3980.35,Year,Y,Certified
EZYV23737,Asia,Master's,N,Y,2024,1854,West,72970.45,Year,Y,Certified
EZYV3292,Asia,High School,Y,N,3281,2013,South,1206.07,Year,Y,Denied
EZYV4265,North America,Bachelor's,Y,N,1880,1911,West,108523.36,Year,N,Certified
EZYV21256,North America,High School,N,N,-25,1987,South,99405.47,Year,N,Denied
EZYV6649,Europe,High School,Y,N,3778,1969,South,11175.94,Year,Y,Denied
EZYV14358,Asia,Bachelor's,N,N,1413,2001,Northeast,130536.55,Year,Y,Certified
EZYV23353,Asia,Doctorate,N,N,364,2004,West,112724.27,Year,Y,Certified
EZYV1157,Asia,Master's,Y,N,333,2012,South,105267.89,Year,Y,Certified
EZYV3990,Asia,Master's,N,N,2504,1979,West,120041.04,Year,N,Denied
EZYV16490,Asia,Master's,Y,N,946,1960,South,24351.87,Year,Y,Certified
EZYV11432,North America,High School,N,N,216,1999,South,110160.2,Year,Y,Denied
EZYV6042,Asia,Bachelor's,N,N,1494,1998,West,26666.61,Year,Y,Certified
EZYV2950,Asia,Master's,Y,N,102725,1998,Northeast,38747.85,Year,Y,Certified
EZYV7072,Europe,Bachelor's,N,N,2131,2003,West,73724.8,Year,Y,Denied
EZYV22647,Europe,High School,Y,N,1581,2002,South,51369.48,Week,Y,Certified
EZYV16962,Europe,Bachelor's,Y,Y,27,1999,West,85195.12,Year,Y,Certified
EZYV114,North America,High School,Y,N,1019,2005,South,98966.72,Week,Y,Certified
EZYV6462,Europe,Bachelor's,Y,N,1537,2005,Northeast,116210.89,Year,Y,Certified
EZYV19168,Asia,Bachelor's,Y,N,1019,1982,South,144197.97,Year,N,Certified
EZYV20822,Europe,Master's,N,N,28082,1992,Northeast,30966.78,Year,Y,Certified
EZYV9375,Asia,Doctorate,Y,N,2866,1873,Midwest,264564.71,Year,Y,Certified
EZYV11059,Asia,High School,N,Y,26592,1984,West,102254.44,Year,Y,Denied
EZYV11586,Asia,Master's,N,N,861,1920,Midwest,37379.32,Year,Y,Certified
EZYV10215,Asia,Bachelor's,Y,N,2877,1984,West,22280.79,Year,Y,Denied
EZYV2702,Asia,Master's,N,N,4104,1992,South,150445.37,Year,Y,Denied
EZYV6220,Asia,Master's,Y,N,525,1975,Northeast,97561.97,Year,Y,Certified
EZYV7825,Asia,Bachelor's,N,Y,1589,1999,Northeast,63.7364,Hour,Y,Denied
EZYV23508,Asia,High School,N,Y,267,1986,South,37.1919,Hour,Y,Denied
EZYV4010,Europe,Bachelor's,N,N,4752,1986,West,15084.77,Year,Y,Certified
EZYV3295,Asia,Bachelor's,Y,Y,1685,1977,West,109982.58,Year,Y,Certified
EZYV10256,North America,Master's,Y,N,3912,1987,Northeast,73861.05,Year,N,Certified
EZYV25240,Asia,Master's,Y,N,2518,1984,Northeast,53251.23,Year,N,Certified
EZYV24220,North America,Bachelor's,N,N,1290,1890,Northeast,911.0253,Hour,Y,Denied
EZYV8326,Asia,Master's,Y,N,1326,1997,Northeast,26497.03,Year,Y,Certified
EZYV1737,Asia,Bachelor's,Y,N,4789,2005,South,80751.0,Year,Y,Certified
EZYV25144,Asia,Bachelor's,N,N,33210,1927,West,37444.81,Year,Y,Certified
EZYV1748,Asia,Bachelor's,Y,N,2141,1992,Northeast,21533.01,Year,Y,Certified
EZYV24332,Europe,Bachelor's,N,Y,1198,1998,South,87713.35,Year,Y,Certified
EZYV20654,South America,Bachelor's,N,N,1467,1989,South,219.092,Hour,Y,Denied
EZYV4357,Asia,Master's,Y,N,83839,1974,West,89260.33,Year,Y,Certified
EZYV5547,Asia,Bachelor's,N,N,15087,2008,Northeast,37.6142,Hour,Y,Denied
EZYV23364,Asia,Bachelor's,Y,N,3049,1993,West,60677.43,Year,Y,Denied
EZYV6589,Asia,Bachelor's,N,N,1377,1970,South,136647.15,Year,N,Certified
EZYV19649,Europe,High School,Y,N,18190,1986,Midwest,70954.28,Year,Y,Certified
EZYV15983,South America,High School,N,Y,505,1851,Northeast,55583.97,Year,Y,Denied
EZYV9675,Europe,Bachelor's,Y,Y,4254,2007,South,247876.09,Year,Y,Certified
EZYV24281,Europe,Bachelor's,Y,N,1380,1953,Midwest,43677.56,Year,Y,Certified
EZYV9241,Asia,Bachelor's,Y,N,4794,1918,South,76802.84,Year,Y,Certified
EZYV18691,Asia,Bachelor's,N,N,1754,1960,Northeast,78108.83,Year,Y,Denied
EZYV12480,Asia,Master's,N,N,1916,2002,South,125.5821,Hour,Y,Denied
EZYV5078,Asia,Bachelor's,Y,Y,4386,2008,West,31863.55,Year,Y,Denied
EZYV7503,Asia,High School,Y,N,68,1920,Midwest,176.76,Hour,Y,Denied
EZYV13852,Asia,Master's,N,N,4714,1978,Northeast,805.4517,Hour,Y,Denied
EZYV15852,Asia,High School,Y,N,99680,2005,South,17338.27,Year,Y,Denied
EZYV20108,Asia,Bachelor's,Y,N,3366,2001,South,30295.85,Year,Y,Certified
EZYV4715,Europe,Master's,Y,Y,2089,1998,West,72354.83,Year,Y,Certified
EZYV4706,Asia,High School,Y,N,112483,2006,Midwest,76117.56,Year,Y,Denied
EZYV5800,Asia,Master's,N,N,453,1841,Northeast,84505.46,Year,Y,Certified
EZYV18466,Asia,High School,Y,Y,1992,1979,Midwest,68105.9,Year,Y,Certified
EZYV3160,Asia,Bachelor's,N,N,604,2010,Midwest,118769.38,Year,Y,Denied
EZYV4679,North America,Bachelor's,Y,N,3310,2006,West,156749.08,Year,Y,Certified
EZYV7195,Asia,High School,N,N,4617,2005,West,64897.03,Year,Y,Denied
EZYV25093,North America,Master's,Y,N,3557,1999,Midwest,79522.99,Year,Y,Certified
EZYV8299,Asia,Master's,Y,N,5175,1962,Midwest,47797.7,Year,N,Certified
EZYV9244,Asia,Bachelor's,N,N,2535,2011,West,75483.16,Year,Y,Certified
EZYV22083,Europe,Master's,Y,N,1748,1840,West,116267.75,Year,Y,Denied
EZYV1462,Europe,Master's,Y,N,3263,1975,Northeast,35823.47,Year,Y,Certified
EZYV5308,Europe,Master's,Y,Y,11391,2000,West,130455.91,Year,Y,Certified
EZYV5746,Asia,Master's,Y,N,3783,2014,South,4734.45,Year,Y,Certified
EZYV5406,Asia,Master's,Y,N,1231,2000,South,101.56,Hour,Y,Certified
EZYV13427,Europe,Doctorate,N,Y,561,2013,Midwest,25571.18,Year,Y,Certified
EZYV11377,North America,Master's,N,N,945,2002,Northeast,198044.04,Year,N,Certified
EZYV22113,Asia,Bachelor's,N,N,330,1986,South,38032.74,Year,Y,Certified
EZYV5034,Asia,Master's,N,Y,1476,2003,South,102681.94,Year,Y,Certified
EZYV11356,Asia,Master's,Y,N,3098,1994,Midwest,29442.45,Year,Y,Certified
EZYV25376,North America,High School,N,N,392,2001,Island,257.6129,Hour,Y,Certified
EZYV2869,Asia,Master's,N,N,1139,1913,West,120885.49,Year,Y,Denied
EZYV894,Asia,Master's,Y,N,4063,1998,Northeast,40223.97,Year,Y,Certified
EZYV7357,Asia,Bachelor's,Y,N,3519,1952,South,164447.02,Year,Y,Denied
EZYV20705,Asia,Bachelor's,Y,N,954,2002,Midwest,46529.14,Year,Y,Certified
EZYV18490,Europe,Bachelor's,N,Y,4189,2001,South,17787.02,Year,Y,Certified
EZYV9638,Asia,Bachelor's,Y,Y,3780,2002,South,61487.25,Year,Y,Certified
EZYV6543,Asia,Bachelor's,Y,N,3616,1901,West,4840.5,Year,Y,Certified
EZYV11858,Asia,Master's,N,N,2189,2005,Midwest,136362.84,Year,Y,Certified
EZYV11440,Asia,Master's,Y,N,2893,2007,Northeast,79006.3,Year,Y,Certified
EZYV18152,Africa,Master's,Y,N,3911,1979,Midwest,46766.89,Year,Y,Certified
EZYV15620,North America,Bachelor's,N,N,468,1838,West,49071.23,Year,Y,Denied
EZYV19357,North America,High School,Y,N,1512,1956,South,57515.97,Year,Y,Certified
EZYV3591,Asia,High School,N,N,2445,2005,South,316.8972,Hour,Y,Denied
EZYV19459,Europe,Doctorate,N,Y,1791,1991,Midwest,26975.05,Year,Y,Denied
EZYV6655,North America,Bachelor's,Y,N,5400,2000,Northeast,61983.76,Year,Y,Denied
EZYV7710,Asia,Doctorate,Y,N,3650,1985,West,22476.65,Year,Y,Certified
EZYV18588,North America,Bachelor's,N,Y,3954,2003,South,80612.43,Year,Y,Certified
EZYV3764,Asia,Master's,Y,N,2839,1940,South,57902.85,Year,Y,Certified
EZYV8474,Asia,High School,Y,N,3374,2009,Northeast,64897.41,Year,Y,Denied
EZYV6047,Asia,Bachelor's,Y,N,32,1997,South,49391.45,Year,Y,Certified
EZYV21745,Europe,Master's,N,N,1872,2005,South,14943.16,Year,Y,Certified
EZYV23535,Asia,Master's,N,N,1180,1997,Northeast,958.08,Year,Y,Denied
EZYV21283,Asia,Master's,N,N,1275,1968,Northeast,73760.29,Year,Y,Certified
EZYV16421,North America,Master's,N,N,4257,2001,South,37650.02,Year,Y,Denied
EZYV3962,North America,Bachelor's,N,N,1874,1985,Northeast,180.9354,Hour,Y,Denied
EZYV21168,North America,Bachelor's,N,N,3065,1855,Northeast,699.9581,Hour,Y,Denied
EZYV24789,Asia,Master's,Y,N,3653,1932,West,115078.4,Year,N,Denied
EZYV12658,Oceania,High School,Y,N,3955,1977,West,80981.19,Year,Y,Denied
EZYV7373,Asia,Bachelor's,Y,N,727,2007,Northeast,140986.28,Year,Y,Certified
EZYV15674,North America,Bachelor's,N,N,1587,2013,Northeast,100.91,Hour,Y,Certified
EZYV11088,Asia,Bachelor's,Y,N,2639,2015,Northeast,123120.05,Year,Y,Certified
EZYV14541,Asia,Bachelor's,N,N,593,2005,Northeast,106922.64,Year,Y,Denied
EZYV20579,Asia,High School,Y,N,408,2003,Midwest,61777.05,Year,Y,Denied
EZYV10286,Asia,Master's,Y,N,28,1932,West,51614.87,Year,Y,Certified
EZYV20586,Asia,Bachelor's,Y,N,1897,1996,South,82059.12,Year,Y,Denied
EZYV24852,Asia,Bachelor's,Y,N,5592,2004,West,77273.28,Year,Y,Certified
EZYV9324,Asia,Master's,N,N,5185,1997,Midwest,118319.57,Year,Y,Certified
EZYV163,North America,Doctorate,Y,N,2880,1925,South,56117.39,Year,N,Certified
EZYV10879,South America,Bachelor's,Y,N,4877,1918,South,69479.59,Year,Y,Certified
EZYV18846,Asia,High School,Y,N,3857,1991,South,105574.89,Year,Y,Certified
EZYV24900,North America,High School,Y,N,647,1999,Northeast,127234.69,Year,Y,Denied
EZYV7598,Asia,Bachelor's,Y,N,2582,2007,West,46751.8,Year,Y,Certified
EZYV22246,Europe,Bachelor's,N,Y,3687,2004,Northeast,114017.07,Year,Y,Certified
EZYV10563,Europe,Master's,N,Y,367,1998,Northeast,17804.2,Year,Y,Certified
EZYV12105,Asia,Master's,Y,N,1359,1997,West,202237.04,Year,N,Certified
EZYV11391,Europe,Doctorate,N,N,1163,1968,South,4639.64,Year,Y,Certified
EZYV9575,Asia,Bachelor's,Y,N,298,1968,Northeast,92074.16,Year,Y,Certified
EZYV3763,Asia,Doctorate,N,N,595,1840,Midwest,110262.96,Year,Y,Denied
EZYV6372,Asia,High School,Y,N,6466,1876,South,123258.12,Year,Y,Denied
EZYV9564,Asia,Doctorate,N,N,1493,2009,Northeast,49432.65,Year,Y,Certified
EZYV15453,Asia,Master's,Y,N,5005,1998,Northeast,64016.67,Year,Y,Certified
EZYV15819,Europe,Master's,N,N,448,1991,Northeast,40255.41,Year,Y,Certified
EZYV23723,Asia,Bachelor's,Y,N,3218,2010,Northeast,124682.81,Year,Y,Denied
EZYV23155,Asia,Doctorate,Y,N,3644,1971,Midwest,35328.19,Year,N,Certified
EZYV9759,Asia,Bachelor's,Y,N,3544,1998,South,77003.83,Year,Y,Denied
EZYV13898,Asia,Bachelor's,Y,N,1400,1839,West,79706.3,Year,Y,Denied
EZYV19762,Asia,High School,N,Y,1152,2015,Midwest,136238.37,Year,Y,Denied
EZYV4867,Asia,Master's,Y,N,4105,2009,South,48433.95,Year,Y,Certified
EZYV25000,Europe,Bachelor's,N,Y,630,1998,West,6315.57,Year,Y,Certified
EZYV16510,Asia,Bachelor's,N,N,501,2005,Northeast,94438.64,Year,N,Denied
EZYV24154,Asia,Bachelor's,Y,N,1470,1946,Northeast,54161.55,Week,Y,Denied
EZYV17534,Europe,Bachelor's,N,N,13510,1836,Northeast,53745.53,Year,Y,Certified
EZYV7450,Asia,Bachelor's,Y,N,1708,1919,South,20844.04,Year,Y,Certified
EZYV18805,South America,Master's,Y,N,4853,1998,Northeast,59496.08,Year,Y,Certified
EZYV22807,Asia,Master's,Y,N,658,2001,West,116831.53,Year,Y,Certified
EZYV2228,Asia,High School,N,N,15671,2001,Midwest,155318.77,Year,Y,Certified
EZYV4075,Asia,High School,N,Y,562,1996,Midwest,103276.29,Year,Y,Denied
EZYV10738,Asia,High School,N,N,453,2005,West,144049.19,Year,Y,Denied
EZYV1828,Asia,Bachelor's,Y,Y,1571,2001,South,22107.69,Year,Y,Certified
EZYV6664,Asia,High School,Y,N,4365,1998,Island,177452.64,Year,Y,Denied
EZYV1636,Europe,High School,N,N,20237,1970,Northeast,34825.12,Year,Y,Denied
EZYV16066,Europe,Bachelor's,Y,N,3114,1902,Midwest,157624.89,Year,Y,Certified
EZYV24426,Asia,Bachelor's,Y,N,1352,2000,West,72298.87,Year,N,Certified
EZYV24159,North America,Bachelor's,N,N,453,2002,South,115570.99,Year,Y,Certified
EZYV876,Asia,Master's,N,N,819,1987,South,122324.22,Year,N,Certified
EZYV20121,North America,Bachelor's,N,N,2130,1998,West,107.38,Hour,Y,Denied
EZYV823,Europe,Master's,Y,N,2514,1972,South,27532.52,Year,Y,Certified
EZYV9822,Asia,Master's,Y,N,220,1882,South,48014.09,Year,Y,Certified
EZYV17246,Europe,Master's,Y,N,1948,1977,West,37795.61,Year,Y,Certified
EZYV131,South America,High School,N,N,2554,2005,Midwest,247393.01,Year,Y,Certified
EZYV6400,Asia,Master's,N,N,14789,2008,Midwest,250436.94,Year,Y,Certified
EZYV13864,Asia,Master's,Y,N,2443,2007,West,20701.79,Year,Y,Certified
EZYV14709,Asia,High School,Y,N,184,2005,Northeast,87843.72,Year,Y,Denied
EZYV10451,Asia,High School,Y,N,2433,1989,West,129666.34,Year,Y,Denied
EZYV6524,Asia,Bachelor's,Y,N,3671,1998,South,71406.26,Year,Y,Denied
EZYV20089,Asia,Master's,N,N,48,2001,South,54274.73,Year,Y,Denied
EZYV10108,Asia,Bachelor's,N,N,91,1991,South,836.4666,Hour,Y,Certified
EZYV4665,North America,Doctorate,N,N,658,1999,Midwest,128981.51,Year,Y,Denied
EZYV15793,North America,Master's,N,N,3128,1994,West,13734.38,Year,Y,Certified
EZYV6736,North America,Master's,N,N,831,1977,Midwest,141351.26,Year,N,Certified
EZYV7198,South America,Bachelor's,N,N,1522,1999,Midwest,111290.07,Year,Y,Certified
EZYV13161,Asia,Bachelor's,N,Y,87388,1997,West,102888.14,Year,Y,Denied
EZYV22030,Asia,Bachelor's,N,Y,1176,2007,Midwest,113602.18,Year,Y,Certified
EZYV18470,Asia,Bachelor's,N,N,641,1986,West,81581.98,Year,Y,Certified
EZYV8278,Asia,Master's,Y,N,452,1971,Midwest,64101.51,Year,Y,Certified
EZYV18029,Asia,High School,N,N,76,1989,Midwest,99352.19,Year,Y,Denied
EZYV11303,Asia,Bachelor's,N,N,4498,2008,South,273009.56,Year,Y,Certified
EZYV19628,Asia,Bachelor's,N,N,1092,2005,South,28582.17,Year,Y,Certified
EZYV15271,Asia,Bachelor's,Y,N,1445,2006,Midwest,58403.86,Year,Y,Certified
EZYV2554,Europe,Bachelor's,Y,N,526,2014,Northeast,58301.55,Year,Y,Certified
EZYV22194,Asia,Bachelor's,N,N,1635,1836,South,672.0522,Hour,Y,Denied
EZYV998,Asia,Bachelor's,Y,N,4266,1976,South,208952.02,Year,Y,Certified
EZYV3101,Europe,Bachelor's,Y,N,724,1957,West,31736.99,Year,Y,Certified
EZYV1414,Asia,Master's,Y,N,2279,1989,Midwest,17993.38,Year,Y,Certified
EZYV6128,Asia,Bachelor's,Y,N,5120,2010,Northeast,56621.48,Year,Y,Denied
EZYV3431,North America,Bachelor's,Y,N,517,2008,Northeast,84396.67,Year,Y,Denied
EZYV18165,Asia,Master's,N,Y,147,1974,Midwest,127759.73,Year,Y,Certified
EZYV9125,South America,Doctorate,Y,N,3000,1995,Northeast,51507.97,Year,Y,Certified
EZYV9256,Asia,High School,Y,N,5453,2005,Northeast,106098.65,Year,Y,Denied
EZYV21632,Asia,Bachelor's,N,Y,37175,2013,West,84087.66,Year,Y,Certified
EZYV11324,Asia,Master's,N,N,796,1906,Northeast,84587.92,Year,Y,Certified
EZYV24561,Asia,Doctorate,Y,Y,129,2007,South,159519.38,Year,Y,Certified
EZYV11347,Asia,Master's,Y,N,3519,2004,West,7315.4,Year,Y,Certified
EZYV23207,Asia,Bachelor's,Y,N,4338,2003,South,144214.89,Year,N,Denied
EZYV20997,Asia,Bachelor's,Y,N,1188,1999,Northeast,86485.23,Year,Y,Denied
EZYV11713,Asia,Bachelor's,Y,N,631,2000,Midwest,34416.53,Year,Y,Certified
EZYV23286,Asia,Bachelor's,N,Y,101,1885,South,70037.05,Year,Y,Denied
EZYV12329,Asia,Bachelor's,N,N,4160,1968,Midwest,166973.76,Year,Y,Certified
EZYV1824,Asia,Bachelor's,Y,N,4400,1999,Midwest,9998.97,Year,Y,Certified
EZYV7908,North America,Master's,N,N,1630,1979,South,240846.68,Year,N,Denied
EZYV17615,Asia,Master's,Y,Y,2219,2001,South,161172.56,Year,Y,Certified
EZYV24832,North America,High School,N,N,607,2011,Midwest,574.5495,Hour,Y,Denied
EZYV24795,Asia,Bachelor's,N,Y,38,1996,Northeast,130936.52,Year,Y,Denied
EZYV4401,South America,High School,N,N,1668,1977,Midwest,797.3901,Hour,Y,Denied
EZYV23722,North America,Master's,Y,Y,16627,1970,South,226982.69,Year,Y,Certified
EZYV12893,Asia,High School,Y,N,1046,2005,West,45272.78,Year,Y,Denied
EZYV16316,Asia,Master's,N,N,586,2001,South,48409.42,Year,Y,Denied
EZYV13203,Asia,Master's,Y,N,1271,1953,Northeast,105602.32,Year,N,Certified
EZYV22496,Europe,Master's,N,N,2649,2007,Midwest,101.73,Hour,Y,Certified
EZYV4113,Asia,Bachelor's,N,Y,564,1994,West,93226.35,Year,Y,Denied
EZYV6063,Asia,Doctorate,N,N,2977,1994,South,177.8352,Hour,Y,Certified
EZYV19158,Asia,Master's,Y,N,764,1995,Midwest,132445.34,Year,Y,Certified
EZYV1233,Europe,Doctorate,Y,N,739,1998,Midwest,23576.94,Year,Y,Certified
EZYV9722,Asia,High School,Y,N,3475,2010,South,86951.79,Year,Y,Denied
EZYV12254,Asia,High School,N,N,4039,2003,Northeast,11711.25,Year,Y,Denied
EZYV15233,Asia,Master's,N,N,2827,1987,Midwest,259835.69,Year,Y,Certified
EZYV13659,Asia,Master's,N,N,3456,1996,South,135780.32,Month,Y,Denied
EZYV15949,Asia,Bachelor's,N,N,3816,2005,South,136241.97,Year,N,Denied
EZYV7535,Asia,Bachelor's,Y,N,3543,1994,West,99324.12,Year,Y,Certified
EZYV13065,Asia,Bachelor's,Y,N,4570,1998,South,16502.53,Year,Y,Certified
EZYV17760,Asia,Master's,Y,N,1157,2001,Midwest,115332.68,Year,Y,Certified
EZYV19454,Europe,Bachelor's,N,N,3110,1996,West,128547.56,Year,Y,Certified
EZYV20342,Asia,Bachelor's,Y,N,893,2000,Northeast,113369.05,Year,Y,Certified
EZYV6516,Asia,Master's,Y,N,2666,2007,South,96115.91,Year,N,Certified
EZYV24487,Asia,Master's,Y,N,2322,1888,Northeast,44108.63,Year,N,Certified
EZYV25233,Europe,Bachelor's,Y,N,994,1940,West,32160.34,Year,Y,Certified
EZYV8523,Asia,Bachelor's,Y,N,1923,2003,West,135944.44,Year,Y,Denied
EZYV20312,Asia,Master's,Y,N,2505,2003,Northeast,35302.69,Year,Y,Certified
EZYV2923,North America,Bachelor's,N,N,203,1847,West,41009.64,Year,Y,Denied
EZYV16663,Asia,Bachelor's,Y,N,22880,1947,Midwest,92165.21,Year,Y,Certified
EZYV15438,Asia,Master's,N,N,2465,2002,South,147491.19,Year,N,Certified
EZYV22303,Asia,Doctorate,Y,N,5630,1989,West,13819.35,Year,Y,Denied
EZYV20847,Oceania,Doctorate,Y,N,1481,1986,Northeast,132818.8,Year,Y,Certified
EZYV7698,Asia,High School,N,Y,3808,2013,Northeast,202386.17,Year,Y,Denied
EZYV11382,South America,Master's,Y,N,298,1973,West,14482.79,Year,Y,Certified
EZYV6613,Asia,Bachelor's,N,Y,3704,1950,Midwest,53291.37,Year,Y,Certified
EZYV4961,Asia,Bachelor's,Y,N,2158,1999,West,55979.42,Year,Y,Denied
EZYV20138,Asia,Bachelor's,N,N,3115,2006,Northeast,69487.52,Year,Y,Denied
EZYV2342,Asia,Master's,N,N,543,1990,Northeast,26525.5,Year,Y,Denied
EZYV21189,Asia,Master's,Y,N,15150,2000,Northeast,76387.04,Year,Y,Certified
EZYV9642,Europe,Master's,Y,N,2451,1994,Northeast,29671.94,Year,Y,Certified
EZYV12866,Europe,Bachelor's,N,N,1284,1989,Northeast,88953.13,Year,Y,Certified
EZYV5095,Asia,Bachelor's,N,Y,2219,1885,South,145800.71,Year,Y,Denied
EZYV21736,Asia,High School,Y,N,3186,1859,South,86123.36,Year,Y,Certified
EZYV2324,Asia,Bachelor's,N,Y,2378,2006,Northeast,59411.53,Year,Y,Denied
EZYV10200,North America,Doctorate,Y,Y,465,2000,Northeast,109328.9,Year,Y,Certified
EZYV15159,Asia,Doctorate,Y,N,882,1992,South,74142.44,Year,Y,Certified
EZYV22817,South America,Bachelor's,Y,N,2056,1920,West,137189.36,Year,Y,Certified
EZYV24625,Asia,Master's,N,N,3124,2002,Northeast,106895.41,Year,Y,Certified
EZYV22028,South America,Doctorate,N,N,2331,1895,Northeast,846.9589,Hour,Y,Denied
EZYV7340,Asia,Bachelor's,N,N,700,2006,Northeast,47102.64,Year,Y,Certified
EZYV18088,Asia,Master's,Y,Y,2130,2011,Midwest,124829.82,Year,Y,Denied
EZYV20157,North America,Master's,Y,N,1218,1993,South,54959.21,Year,Y,Certified
EZYV20029,North America,Master's,N,N,463,1988,West,129727.5,Year,N,Certified
EZYV16865,North America,Master's,N,N,3304,2006,Northeast,427.9314,Hour,Y,Certified
EZYV3266,North America,Bachelor's,Y,N,840,1997,South,564.7043,Hour,Y,Denied
EZYV1548,Asia,Master's,Y,N,3449,2012,Northeast,71700.43,Year,Y,Certified
EZYV2406,North America,Master's,Y,N,2052,2001,South,127279.96,Year,N,Certified
EZYV19767,Asia,Bachelor's,N,N,2769,2002,South,65292.96,Year,Y,Denied
EZYV17296,Asia,Bachelor's,N,N,206,1983,Midwest,146026.5,Year,Y,Certified
EZYV4675,Asia,Master's,N,Y,231,1947,Midwest,431.6055,Hour,Y,Denied
EZYV9655,Asia,Master's,Y,N,1391,2008,Northeast,81966.92,Year,N,Certified
EZYV16429,Asia,High School,N,Y,3538,2003,Northeast,98692.59,Year,Y,Certified
EZYV8768,Asia,Doctorate,Y,N,124220,1972,South,36376.89,Year,Y,Certified
EZYV7835,North America,Master's,N,N,2271,1997,South,18482.72,Year,Y,Certified
EZYV22949,Asia,Bachelor's,N,N,3436,1981,Island,62598.14,Year,Y,Certified
EZYV4470,Asia,Master's,Y,N,3887,2009,Northeast,39315.41,Year,N,Certified
EZYV19881,Asia,Bachelor's,Y,N,2121,1993,Midwest,106013.07,Year,Y,Certified
EZYV7509,Asia,Master's,Y,N,1783,1990,West,35968.56,Year,Y,Certified
EZYV20802,South America,Bachelor's,Y,N,1289,1996,South,44095.64,Year,Y,Certified
EZYV8432,Asia,Doctorate,N,Y,2538,2010,South,89442.14,Year,Y,Certified
EZYV3145,Asia,Master's,Y,N,2582,2001,Midwest,97048.91,Year,Y,Certified
EZYV6044,Asia,Bachelor's,Y,N,4383,1978,Northeast,57112.4,Year,Y,Certified
EZYV22595,Asia,Master's,Y,N,2411,2008,Midwest,66894.61,Year,Y,Certified
EZYV12235,Asia,Bachelor's,N,N,2963,1981,Midwest,88218.37,Year,Y,Certified
EZYV10823,Asia,Master's,Y,N,4653,1989,South,153894.33,Year,N,Certified
EZYV3092,Asia,Master's,N,Y,2261,1985,Northeast,191992.04,Year,Y,Denied
EZYV5286,Europe,Master's,N,N,3425,1977,West,35886.71,Year,Y,Certified
EZYV662,Asia,Master's,N,N,1737,1956,West,118601.72,Year,Y,Denied
EZYV7646,Asia,Master's,Y,N,712,1848,Midwest,82484.08,Year,Y,Certified
EZYV2947,South America,Master's,Y,N,2970,2002,Midwest,165372.98,Year,Y,Certified
EZYV17929,Asia,Master's,N,Y,110,2003,Northeast,93123.34,Year,Y,Certified
EZYV9893,Asia,High School,Y,N,3183,2001,Island,65505.02,Year,Y,Denied
EZYV8482,Asia,Master's,Y,N,3068,2005,South,61230.67,Year,Y,Certified
EZYV21606,Asia,Bachelor's,Y,N,97391,1999,Northeast,25020.45,Year,Y,Certified
EZYV8696,Asia,High School,N,N,2035,1983,South,153462.39,Year,Y,Denied
EZYV25076,Asia,High School,N,N,184,1969,West,65383.86,Year,Y,Certified
EZYV4035,Asia,Master's,Y,N,1752,2000,South,143203.83,Year,Y,Certified
EZYV14341,Asia,Bachelor's,N,N,1278,2005,South,104360.68,Year,Y,Denied
EZYV15236,Africa,Master's,Y,N,14436,1998,West,87348.37,Year,Y,Certified
EZYV12007,Asia,Bachelor's,Y,N,849,2008,Midwest,106027.67,Year,Y,Certified
EZYV431,Asia,High School,N,N,3282,2003,South,547.5103,Hour,Y,Certified
EZYV7927,Asia,Bachelor's,Y,N,214,1976,West,59987.73,Year,Y,Certified
EZYV9149,North America,Bachelor's,N,N,2588,1985,West,162910.34,Year,N,Denied
EZYV16247,Europe,Doctorate,N,N,306,1995,West,57529.92,Year,Y,Certified
EZYV1595,Asia,Bachelor's,Y,N,3667,2011,South,109575.72,Year,Y,Certified
EZYV7847,North America,Doctorate,Y,N,933,1985,Northeast,43891.44,Year,Y,Certified
EZYV15966,Asia,High School,Y,N,3636,2006,South,60353.92,Year,Y,Certified
EZYV12548,Europe,Bachelor's,Y,Y,439,1968,South,124133.29,Year,Y,Certified
EZYV5860,Asia,Bachelor's,Y,N,1277,1997,South,81425.39,Year,Y,Denied
EZYV22818,Asia,Master's,Y,N,1054,1885,Midwest,59160.3,Year,Y,Certified
EZYV14027,North America,High School,Y,N,123,1932,Northeast,164270.0,Year,Y,Denied
EZYV5088,Asia,Bachelor's,Y,N,3692,1999,West,43073.37,Year,Y,Certified
EZYV10296,Asia,Bachelor's,Y,N,2698,1889,Midwest,12120.89,Year,Y,Certified
EZYV15036,Asia,Master's,N,N,4973,1932,South,13585.39,Year,Y,Denied
EZYV24407,Asia,Bachelor's,N,N,2017,2000,Northeast,104341.82,Year,Y,Denied
EZYV8032,Europe,Doctorate,N,N,154,2011,West,9659.01,Year,Y,Certified
EZYV6248,Asia,Bachelor's,N,Y,19,1977,South,197291.43,Year,Y,Denied
EZYV8194,Asia,Bachelor's,Y,N,2171,1977,Northeast,87462.99,Year,Y,Certified
EZYV21727,Europe,Bachelor's,N,N,1438,1956,Northeast,20985.84,Year,Y,Certified
EZYV11257,North America,Bachelor's,N,N,2206,2004,South,91714.57,Year,N,Denied
EZYV21360,Asia,Bachelor's,Y,N,2829,1985,Northeast,130737.85,Year,Y,Certified
EZYV3254,South America,Bachelor's,Y,Y,399,1925,South,122588.72,Year,Y,Denied
EZYV7668,Asia,Bachelor's,N,N,4621,1930,Northeast,110201.43,Year,Y,Denied
EZYV4927,Asia,Bachelor's,N,N,1729,2001,South,59718.56,Year,Y,Certified
EZYV6224,South America,High School,N,N,50240,1985,Northeast,604.0816,Hour,Y,Certified
EZYV13049,Europe,Bachelor's,Y,N,1599,2001,West,163800.18,Year,Y,Denied
EZYV14168,Asia,High School,Y,N,2909,1838,Midwest,122528.95,Year,Y,Denied
EZYV8450,Asia,Master's,Y,N,1497,1912,Northeast,93942.64,Year,Y,Certified
EZYV21982,Asia,Bachelor's,Y,N,272,1968,Midwest,50605.71,Year,Y,Certified
EZYV14840,Asia,Master's,Y,N,1474,2001,South,47262.59,Year,N,Certified
EZYV6026,Asia,High School,N,Y,61,1949,South,798.4925,Hour,Y,Denied
EZYV21922,Asia,Bachelor's,Y,N,3731,1991,South,71137.23,Year,Y,Certified
EZYV19848,Europe,Bachelor's,Y,N,2541,1997,Northeast,121637.78,Year,N,Certified
EZYV16967,Asia,High School,Y,N,5903,1974,Northeast,58981.22,Year,Y,Certified
EZYV23990,Asia,Bachelor's,Y,N,8822,1992,Northeast,588.645,Hour,Y,Denied
EZYV2565,Asia,Bachelor's,N,N,87,1995,Northeast,37223.39,Year,Y,Denied
EZYV3457,Europe,Bachelor's,Y,N,6059,2006,Northeast,10804.03,Year,Y,Certified
EZYV824,Asia,Bachelor's,N,N,532,2001,Northeast,53970.45,Year,Y,Denied
EZYV20289,Asia,High School,N,N,1086,1847,Midwest,78566.07,Year,Y,Denied
EZYV1582,Europe,Bachelor's,Y,N,4731,2008,Northeast,53083.52,Year,Y,Certified
EZYV5582,Asia,Bachelor's,Y,N,2399,1892,Northeast,110296.17,Year,Y,Denied
EZYV14804,Asia,Bachelor's,Y,Y,2849,2007,Northeast,41071.16,Year,Y,Denied
EZYV3465,Asia,Master's,Y,N,4313,2006,Northeast,155116.83,Year,N,Certified
EZYV17762,Asia,Bachelor's,Y,N,2964,1995,West,131836.07,Year,Y,Denied
EZYV15448,Europe,Master's,N,N,893,1998,Midwest,158755.06,Year,Y,Certified
EZYV9868,Asia,Bachelor's,Y,N,2449,1897,Midwest,113247.75,Year,N,Certified
EZYV22636,Europe,Master's,Y,N,43,1983,West,77123.2,Year,Y,Denied
EZYV12459,Asia,Master's,N,N,721,1997,Northeast,51977.97,Year,Y,Denied
EZYV16838,Asia,Bachelor's,N,N,1086,1933,West,156968.64,Year,N,Denied
EZYV1481,Europe,Bachelor's,Y,N,746,1876,West,43053.98,Year,Y,Certified
EZYV18497,Asia,Master's,Y,N,6256,2001,South,79438.82,Year,N,Denied
EZYV4477,Asia,Bachelor's,Y,N,2117,1996,Midwest,98718.96,Year,Y,Denied
EZYV5189,Asia,Bachelor's,N,Y,26692,1979,West,6232.81,Year,Y,Certified
EZYV13200,Europe,High School,N,N,1483,1886,South,136237.62,Year,Y,Denied
EZYV1072,Asia,Bachelor's,Y,N,2274,1989,Northeast,14610.31,Month,Y,Certified
EZYV23868,Europe,Bachelor's,N,Y,2592,1980,South,83153.24,Year,Y,Certified
EZYV23889,Asia,Bachelor's,Y,N,3206,2008,South,81142.71,Year,Y,Denied
EZYV18306,Asia,Bachelor's,N,N,91,1980,Northeast,74455.43,Year,Y,Certified
EZYV2587,Asia,Bachelor's,N,N,1808,2007,South,117602.02,Year,Y,Certified
EZYV13669,Asia,Doctorate,Y,N,3360,1954,South,48364.17,Year,Y,Certified
EZYV13978,South America,High School,Y,N,2408,1981,Midwest,58026.67,Year,Y,Denied
EZYV13335,Asia,Bachelor's,N,N,579,1998,West,39867.37,Year,Y,Denied
EZYV21242,Asia,Bachelor's,N,N,2409,2005,West,98429.7,Year,Y,Certified
EZYV8330,Africa,Doctorate,Y,N,3410,1987,Northeast,165216.93,Year,Y,Certified
EZYV25155,North America,Master's,N,N,3964,1950,Midwest,22166.16,Year,N,Certified
EZYV16439,Europe,Bachelor's,N,Y,2583,1804,West,162205.39,Year,Y,Certified
EZYV14700,Asia,Master's,Y,N,4695,1988,Northeast,128999.16,Year,Y,Certified
EZYV9263,North America,High School,N,N,2894,2004,West,112694.52,Year,Y,Certified
EZYV17137,Europe,Doctorate,N,N,499,1981,West,80115.48,Year,Y,Denied
EZYV349,Asia,Master's,N,Y,1031,2014,Northeast,220448.17,Year,N,Denied
EZYV5617,North America,Bachelor's,Y,N,2994,1993,West,112851.73,Year,Y,Denied
EZYV21636,Asia,Bachelor's,N,N,4594,2010,South,79967.82,Year,Y,Certified
EZYV11412,Europe,Master's,Y,N,5686,1989,Northeast,39734.5,Year,Y,Certified
EZYV23104,Asia,High School,Y,N,4554,1976,Northeast,10120.12,Year,Y,Denied
EZYV10542,North America,Bachelor's,N,N,2448,1994,West,127192.61,Year,N,Denied
EZYV24863,Asia,Master's,N,N,16216,1998,Midwest,90203.83,Year,Y,Certified
EZYV14337,Asia,Bachelor's,Y,N,5808,2007,Northeast,106836.01,Year,Y,Certified
EZYV19704,Asia,Master's,Y,N,30,1993,Midwest,169702.08,Year,Y,Certified
EZYV24476,Asia,Master's,N,N,2253,1999,South,161.556,Hour,Y,Denied
EZYV20215,Europe,Master's,N,Y,370,1965,South,27124.33,Year,Y,Certified
EZYV1546,Asia,High School,Y,Y,1921,1968,Northeast,101147.76,Year,Y,Denied
EZYV21331,Asia,High School,Y,N,128655,2004,West,22844.38,Year,Y,Denied
EZYV15221,Asia,Master's,N,N,1666,2012,South,91504.56,Year,Y,Denied
EZYV19825,Asia,Master's,Y,N,3029,1983,Midwest,125496.73,Year,Y,Certified
EZYV2135,Asia,Master's,Y,N,1319,2002,Northeast,8883.48,Year,Y,Certified
EZYV12556,Asia,Bachelor's,Y,N,1291,1999,South,97777.85,Year,Y,Denied
EZYV15386,Asia,Master's,N,N,5457,1962,Northeast,83979.4,Year,N,Certified
EZYV10875,Asia,Bachelor's,Y,Y,2558,2005,West,73701.55,Year,Y,Certified
EZYV22442,Asia,High School,Y,N,2784,1993,Northeast,63187.39,Year,Y,Certified
EZYV17767,South America,Bachelor's,Y,N,1143,1969,Northeast,72247.58,Year,N,Denied
EZYV24894,Asia,Master's,Y,N,449,1903,West,35868.48,Year,Y,Denied
EZYV3042,Oceania,Master's,N,N,1469,2004,Northeast,673.8178,Hour,Y,Denied
EZYV8108,North America,High School,Y,N,809,2003,South,212.2408,Hour,Y,Certified
EZYV11655,Asia,Bachelor's,Y,N,1526,2013,West,7857.19,Year,Y,Certified
EZYV2477,North America,Bachelor's,N,N,250,1998,Northeast,10533.34,Year,Y,Denied
EZYV12294,North America,High School,Y,N,115603,1979,West,44585.84,Year,Y,Denied
EZYV9105,Asia,Bachelor's,N,N,757,2001,Midwest,175734.63,Year,Y,Certified
EZYV21899,Asia,Master's,N,N,4206,2007,Midwest,151301.48,Year,Y,Certified
EZYV17273,Asia,Master's,Y,N,403,2008,Northeast,116812.16,Year,Y,Certified
EZYV24419,Europe,Bachelor's,Y,N,4001,1931,West,106621.34,Year,Y,Certified
EZYV7436,North America,Bachelor's,N,Y,1486,2004,West,100756.72,Year,Y,Denied
EZYV5337,Asia,Master's,Y,N,22840,1993,South,82507.76,Year,N,Certified
EZYV24926,Asia,Master's,Y,Y,1386,2001,South,196858.6,Year,Y,Certified
EZYV6297,Asia,Bachelor's,Y,N,4970,2006,West,49416.71,Year,Y,Certified
EZYV16241,Asia,Bachelor's,N,N,2087,1891,West,68854.86,Year,Y,Certified
EZYV6109,Africa,Master's,N,N,5432,1984,Northeast,77179.1,Year,Y,Certified
EZYV7905,Asia,Master's,N,N,2154,2001,Northeast,124015.94,Year,N,Certified
EZYV22092,Europe,Doctorate,Y,N,2071,1911,West,60045.23,Year,Y,Certified
EZYV16251,Asia,Master's,Y,N,2691,2006,Midwest,103676.9,Year,Y,Certified
EZYV17074,Asia,Doctorate,Y,N,4088,2003,Midwest,103846.16,Year,Y,Certified
EZYV17514,Asia,Master's,Y,N,4841,2014,Northeast,116865.8,Year,N,Certified
EZYV13809,Asia,Master's,Y,N,4375,1963,West,24343.23,Year,Y,Certified
EZYV21030,Asia,Bachelor's,Y,N,2258,2001,South,41614.07,Year,Y,Certified
EZYV15931,Asia,Master's,Y,N,1636,2004,South,65095.9,Year,Y,Certified
EZYV16047,Asia,Bachelor's,N,N,4976,2000,West,146655.47,Year,Y,Denied
EZYV11106,Asia,Master's,N,N,580,2007,West,105.22,Hour,Y,Denied
EZYV20625,Asia,Bachelor's,Y,N,55047,1989,Midwest,24459.8,Year,Y,Certified
EZYV23773,Asia,Master's,Y,Y,474,2005,Northeast,175630.59,Year,Y,Certified
EZYV21826,Asia,Bachelor's,N,N,3262,1987,West,13194.39,Year,Y,Certified
EZYV3872,Europe,Doctorate,N,Y,4020,1892,South,64325.43,Year,Y,Certified
EZYV22850,Asia,Bachelor's,N,N,984,1992,West,140.85,Hour,Y,Denied
EZYV4587,Asia,Doctorate,Y,N,3622,2007,Northeast,53138.63,Year,Y,Certified
EZYV77,Europe,Bachelor's,Y,N,2423,1838,West,2927.34,Year,Y,Certified
EZYV20149,Asia,Master's,Y,N,1830,1911,Northeast,82554.49,Year,Y,Certified
EZYV1397,Asia,Bachelor's,Y,N,14728,1911,West,261.9979,Hour,Y,Certified
EZYV9356,Asia,Master's,Y,N,69,1963,Midwest,51032.22,Year,Y,Certified
EZYV15681,Asia,Bachelor's,Y,N,4217,2004,Northeast,133911.89,Year,Y,Certified
EZYV23944,Asia,Bachelor's,Y,N,3448,1992,South,54947.08,Year,Y,Certified
EZYV6231,Asia,Master's,N,N,1693,1970,West,239151.61,Year,N,Certified
EZYV5867,Asia,Bachelor's,Y,N,4691,1950,South,169131.17,Week,Y,Certified
EZYV2509,Asia,Bachelor's,Y,N,2798,2004,Midwest,47793.8,Year,Y,Certified
EZYV8853,Asia,Bachelor's,Y,N,3978,2000,Northeast,71242.79,Year,Y,Certified
EZYV20891,Asia,Bachelor's,Y,N,4245,1855,Northeast,44600.61,Year,Y,Denied
EZYV15418,Asia,High School,Y,N,1934,1998,South,90935.78,Year,Y,Denied
EZYV21731,Asia,Bachelor's,N,N,1176,1998,Midwest,38163.44,Year,Y,Certified
EZYV18239,Asia,Master's,Y,N,1680,2013,Northeast,33259.41,Year,Y,Certified
EZYV8301,Asia,Master's,Y,N,4471,1996,Midwest,69495.55,Year,Y,Certified
EZYV3922,Asia,Bachelor's,Y,N,2851,2011,Midwest,69642.27,Year,Y,Certified
EZYV3214,Asia,Master's,Y,N,1827,1817,Northeast,122073.41,Year,N,Certified
EZYV9718,Asia,Master's,Y,N,2092,1975,West,72193.67,Year,Y,Certified
EZYV11234,Asia,Bachelor's,Y,N,653,1911,West,35005.09,Year,Y,Certified
EZYV2196,Europe,Bachelor's,Y,N,1594,1999,South,40802.42,Year,Y,Certified
EZYV13389,Asia,High School,Y,N,944,2003,West,285.97,Year,Y,Denied
EZYV301,Asia,Master's,Y,N,3268,2012,Midwest,101371.21,Year,Y,Certified
EZYV12024,North America,Bachelor's,Y,N,2842,2006,West,16837.75,Year,Y,Certified
EZYV12375,Asia,Bachelor's,N,N,344,1994,South,73753.17,Year,Y,Certified
EZYV2119,Europe,Doctorate,Y,N,8438,1998,West,16118.77,Year,Y,Certified
EZYV6254,Asia,Master's,N,N,1318,1998,Midwest,98755.63,Year,Y,Certified
EZYV18169,North America,Master's,Y,N,2924,1968,Northeast,78982.26,Year,Y,Denied
EZYV11737,Asia,Bachelor's,Y,Y,3347,1996,West,61107.55,Year,Y,Certified
EZYV20662,Asia,Master's,N,N,4100,1897,Midwest,455.8524,Hour,Y,Denied
EZYV22942,Asia,Bachelor's,Y,N,34706,1996,Midwest,48484.58,Year,Y,Certified
EZYV17354,North America,Bachelor's,Y,N,4698,1999,South,3683.77,Year,Y,Certified
EZYV14477,Asia,Master's,N,N,1388,2004,Midwest,84475.36,Year,Y,Certified
EZYV11613,Asia,Master's,N,N,786,2013,Midwest,123175.08,Year,Y,Denied
EZYV8630,Asia,Master's,N,N,806,1999,South,70193.63,Year,Y,Certified
EZYV20175,Asia,Bachelor's,N,N,1632,2005,Midwest,136096.57,Year,Y,Denied
EZYV19174,Asia,Master's,N,N,1191,1951,South,92834.61,Year,Y,Certified
EZYV20717,Asia,Doctorate,N,N,2246,2004,West,105932.85,Year,Y,Certified
EZYV5019,Asia,High School,Y,N,3085,2009,Northeast,1912.07,Year,Y,Denied
EZYV12429,Europe,Doctorate,N,N,1337,2015,West,51669.44,Year,Y,Certified
EZYV13527,Asia,Bachelor's,N,N,18,2011,South,349.9129,Hour,Y,Denied
EZYV10911,Asia,High School,Y,N,3412,1977,Northeast,14537.3,Year,Y,Denied
EZYV20794,Asia,Master's,Y,N,3502,1992,Northeast,71998.64,Year,N,Certified
EZYV57,Europe,Bachelor's,Y,Y,779,1994,West,85854.09,Year,Y,Certified
EZYV8402,Europe,Master's,N,N,454,1989,Northeast,111472.24,Year,Y,Certified
EZYV7621,Asia,Master's,Y,N,1834,1959,West,58036.34,Year,Y,Certified
EZYV15042,Asia,Bachelor's,Y,N,604,2001,West,41510.81,Year,Y,Denied
EZYV24263,Europe,Master's,Y,Y,1210,1972,West,50516.32,Year,Y,Certified
EZYV24678,Asia,Bachelor's,N,N,1269,2001,Northeast,307.5542,Hour,Y,Certified
EZYV25063,Asia,Doctorate,Y,N,580,2003,Northeast,103957.72,Year,Y,Certified
EZYV9040,Asia,Bachelor's,Y,N,1019,1911,West,85384.88,Week,Y,Certified
EZYV16981,Asia,Bachelor's,N,N,1972,1990,South,79637.18,Year,Y,Certified
EZYV16826,Europe,Bachelor's,Y,N,1455,1987,Northeast,128538.47,Year,Y,Certified
EZYV8687,Asia,Master's,Y,N,256,1993,West,119720.74,Year,N,Certified
EZYV20917,Asia,Bachelor's,Y,N,162,2009,Northeast,68495.2,Year,Y,Denied
EZYV22472,North America,Master's,N,N,2673,1831,West,44575.6,Year,Y,Certified
EZYV8653,Asia,Bachelor's,N,N,2446,2009,Island,207809.73,Year,Y,Denied
EZYV14350,Asia,Bachelor's,N,Y,1398,1961,Northeast,103653.79,Year,Y,Denied
EZYV10846,Europe,Master's,Y,N,785,1934,West,28778.55,Year,Y,Certified
EZYV11560,Asia,Bachelor's,N,Y,597,1999,West,96539.14,Year,Y,Certified
EZYV25162,Asia,Bachelor's,N,N,2370,2001,Northeast,56406.83,Year,Y,Certified
EZYV1468,Asia,Bachelor's,N,N,1812,1965,West,13480.75,Year,Y,Denied
EZYV16468,North America,Master's,Y,N,2756,2011,Northeast,94236.01,Year,Y,Certified
EZYV15500,Europe,Bachelor's,Y,N,740,1996,South,3101.96,Year,Y,Certified
EZYV21851,Asia,Bachelor's,Y,N,6277,2005,South,70514.18,Year,Y,Certified
EZYV14706,Asia,Bachelor's,N,N,1605,1932,South,68036.26,Year,Y,Denied
EZYV3129,Asia,Bachelor's,Y,N,1395,1977,South,287.2183,Hour,Y,Certified
EZYV24208,Asia,Master's,Y,N,4429,1997,Northeast,141998.53,Year,N,Certified
EZYV241,Europe,High School,Y,N,2216,2000,Northeast,26325.98,Year,Y,Denied
EZYV9337,Asia,Bachelor's,Y,N,47866,1973,West,113425.18,Year,Y,Certified
EZYV22808,Europe,Master's,N,N,2003,1983,Midwest,62464.04,Year,Y,Certified
EZYV14356,North America,Doctorate,N,N,3283,2003,West,38590.55,Year,Y,Certified
EZYV9190,Asia,Master's,Y,N,3151,2000,South,130611.92,Year,N,Certified
EZYV10128,Asia,High School,N,N,3354,2001,West,105377.93,Year,Y,Denied
EZYV16774,North America,Master's,N,N,2778,2001,South,2815.04,Year,Y,Denied
EZYV10701,Asia,Bachelor's,N,N,1856,2013,Northeast,82435.56,Year,Y,Denied
EZYV22792,Asia,Master's,N,N,1027,2011,Northeast,118175.03,Year,Y,Denied
EZYV8749,Asia,Master's,Y,N,773,1996,Northeast,71772.59,Year,Y,Certified
EZYV18646,Asia,Bachelor's,Y,N,3002,1905,South,457.7634,Hour,Y,Denied
EZYV22860,Asia,Master's,Y,N,2806,1979,Midwest,66972.07,Year,Y,Certified
EZYV20443,South America,High School,Y,N,2855,1989,Northeast,132411.67,Year,Y,Certified
EZYV4918,Asia,Bachelor's,Y,N,139418,2009,South,186807.71,Year,Y,Denied
EZYV5488,Asia,Bachelor's,N,N,350,1999,West,52708.74,Year,Y,Certified
EZYV23490,Europe,Bachelor's,N,N,892,1997,West,26816.83,Year,Y,Denied
EZYV24677,South America,Master's,N,N,825,2000,South,122927.88,Year,N,Certified
EZYV24093,Asia,Master's,Y,N,540,1920,West,58522.88,Year,Y,Denied
EZYV15944,Asia,Master's,N,N,4893,2009,Midwest,167122.15,Year,Y,Certified
EZYV124,North America,Master's,N,N,1099,2005,West,204832.52,Year,N,Denied
EZYV13841,North America,Master's,Y,N,169,2009,West,4664.03,Year,Y,Certified
EZYV8767,Asia,Bachelor's,Y,N,1564,2006,Northeast,35013.22,Year,Y,Certified
EZYV5809,Asia,Master's,N,N,1876,2002,Northeast,280.2427,Hour,Y,Certified
EZYV12274,North America,Master's,N,N,460,2010,Island,152951.33,Year,N,Certified
EZYV15883,Asia,Master's,N,N,2118,1993,Midwest,573.2926,Hour,Y,Denied
EZYV23407,Asia,High School,N,N,2866,1985,Northeast,201434.36,Year,Y,Certified
EZYV3442,North America,Master's,Y,N,1122,1993,South,80023.76,Week,Y,Certified
EZYV17844,Asia,Master's,N,N,1861,2011,South,137836.21,Year,Y,Denied
EZYV13103,North America,High School,N,Y,1682,1994,West,124.49,Hour,Y,Denied
EZYV14587,Asia,Master's,N,N,423,2013,South,560.816,Hour,Y,Denied
EZYV7462,Asia,Bachelor's,Y,N,2723,1999,Northeast,69222.45,Year,Y,Certified
EZYV10745,Asia,High School,Y,N,5630,2004,Island,74317.59,Year,Y,Denied
EZYV12319,Asia,Bachelor's,Y,N,4377,1979,Northeast,88443.0,Year,Y,Certified
EZYV23291,Europe,Bachelor's,N,N,361,1881,South,4491.89,Year,Y,Certified
EZYV15602,Asia,Master's,N,N,244,1998,South,71518.97,Year,Y,Denied
EZYV21941,Europe,Doctorate,N,N,2715,1990,Northeast,21717.48,Year,Y,Certified
EZYV6949,Asia,Bachelor's,Y,N,1498,2006,West,6942.4,Year,Y,Certified
EZYV20614,North America,Bachelor's,N,N,24850,2005,West,77302.08,Year,Y,Certified
EZYV20316,Europe,Master's,Y,N,4685,1997,Midwest,30638.27,Year,Y,Certified
EZYV23492,Asia,Bachelor's,Y,Y,2642,2007,West,95395.35,Year,Y,Certified
EZYV24794,Asia,Bachelor's,Y,N,1114,1988,West,82297.53,Year,Y,Denied
EZYV3483,Asia,High School,Y,N,2974,1959,West,2034.28,Year,Y,Denied
EZYV11496,Europe,Master's,Y,N,4266,2006,West,21499.29,Year,Y,Certified
EZYV21577,Europe,Doctorate,Y,N,2005,2010,South,84641.92,Year,Y,Certified
EZYV22044,Asia,High School,N,N,426,1937,Midwest,93910.26,Year,Y,Certified
EZYV416,North America,Master's,N,N,1178,1859,Northeast,297.1948,Hour,Y,Denied
EZYV15456,Asia,Master's,N,N,3658,1991,Midwest,110510.16,Year,Y,Certified
EZYV2862,Asia,Master's,N,N,1873,1843,Midwest,267868.56,Year,Y,Denied
EZYV17656,North America,Bachelor's,Y,N,-17,2007,Northeast,129753.18,Year,Y,Denied
EZYV20854,North America,High School,N,N,3031,1932,Northeast,69287.72,Year,Y,Certified
EZYV8360,Asia,Bachelor's,Y,N,705,1925,South,160831.05,Year,Y,Certified
EZYV2663,Asia,Master's,N,N,578,1950,Midwest,192658.33,Year,Y,Denied
EZYV14127,Europe,Master's,N,N,1233,2010,Northeast,77648.55,Year,Y,Certified
EZYV1843,Asia,Master's,Y,N,1060,1838,South,95729.34,Year,Y,Certified
EZYV7555,Asia,Bachelor's,Y,N,126,1982,South,478.367,Hour,Y,Denied
EZYV11978,Asia,Bachelor's,Y,N,2519,1962,South,439.8307,Hour,Y,Certified
EZYV5555,Asia,Master's,Y,N,1832,1999,West,82643.89,Year,Y,Certified
EZYV17794,Asia,High School,Y,N,4530,1994,Northeast,72071.55,Year,Y,Certified
EZYV3377,Asia,High School,N,Y,3069,1979,Northeast,10455.12,Year,Y,Denied
EZYV179,Asia,Doctorate,N,Y,2779,2002,Midwest,122535.0,Year,Y,Certified
EZYV17089,Africa,Bachelor's,Y,N,3220,1885,Northeast,25466.52,Year,Y,Certified
EZYV24994,Asia,Bachelor's,N,N,2447,1981,South,90692.9,Year,N,Certified
EZYV9563,Asia,High School,Y,N,30662,2013,Northeast,64684.95,Year,Y,Denied
EZYV7496,Europe,Master's,Y,Y,1347,1997,West,219351.89,Year,Y,Certified
EZYV11429,North America,Bachelor's,Y,N,2683,2007,Northeast,98593.73,Year,Y,Denied
EZYV10121,Europe,Master's,Y,Y,3729,1969,South,70739.59,Year,Y,Certified
EZYV400,Asia,Master's,N,N,448,2006,Northeast,112831.03,Year,Y,Denied
EZYV2659,Asia,Bachelor's,N,N,3786,2008,Northeast,122965.96,Year,N,Denied
EZYV14218,Asia,Doctorate,N,N,791,1908,Midwest,92104.02,Year,Y,Certified
EZYV3757,Asia,Bachelor's,N,N,512,1976,Midwest,133870.7,Year,Y,Denied
EZYV9439,Asia,Master's,Y,N,800,2007,Midwest,25292.71,Year,Y,Certified
EZYV731,Asia,Bachelor's,Y,N,2091,1948,West,60321.97,Year,Y,Certified
EZYV7638,Asia,Master's,Y,N,733,1946,Midwest,113326.44,Year,Y,Certified
EZYV4578,Asia,Bachelor's,Y,Y,1538,2008,Midwest,94497.65,Year,Y,Denied
EZYV22254,Asia,Bachelor's,Y,N,1817,2004,South,185937.51,Year,Y,Denied
EZYV9339,North America,High School,Y,N,4214,1998,West,55065.35,Year,Y,Denied
EZYV18304,Asia,Bachelor's,Y,N,2296,2009,Northeast,42066.8,Year,Y,Certified
EZYV6560,Asia,Master's,N,N,1621,1975,Midwest,192092.44,Year,Y,Certified
EZYV11995,Asia,Bachelor's,Y,N,3067,1969,West,94646.23,Year,Y,Denied
EZYV14708,Asia,Bachelor's,Y,Y,1509,1979,Northeast,30146.18,Year,Y,Denied
EZYV21161,Asia,High School,Y,N,455,1992,Midwest,90758.95,Year,Y,Denied
EZYV12086,Asia,Master's,Y,N,279,2003,South,102802.06,Year,Y,Certified
EZYV5469,Asia,Master's,Y,N,191,2000,Northeast,36494.23,Year,Y,Certified
EZYV11488,North America,Master's,Y,N,2193,1969,Northeast,66487.69,Week,Y,Denied
EZYV6286,Africa,Master's,N,N,1558,1973,South,73091.32,Year,Y,Denied
EZYV24045,Asia,Bachelor's,Y,N,2899,1981,Northeast,123673.55,Year,Y,Certified
EZYV16639,Asia,Master's,N,N,367,1984,Northeast,92219.36,Year,Y,Certified
EZYV3807,North America,Bachelor's,Y,N,1432,2001,Northeast,50266.11,Year,Y,Certified
EZYV23151,Asia,Doctorate,N,Y,1288,1819,South,152236.17,Year,Y,Certified
EZYV10948,Asia,Master's,Y,Y,988,2002,Northeast,74497.73,Year,Y,Denied
EZYV21052,Asia,Master's,N,N,1341,1996,South,76571.34,Year,Y,Certified
EZYV18344,Europe,Doctorate,Y,Y,2511,2012,West,109512.71,Year,Y,Certified
EZYV21623,Asia,Master's,N,N,2012,2007,Midwest,131823.85,Year,Y,Certified
EZYV3023,Asia,Bachelor's,Y,N,7407,2001,Northeast,108128.41,Year,Y,Certified
EZYV22098,Asia,Bachelor's,Y,N,2043,1800,Northeast,145985.43,Year,Y,Certified
EZYV21816,Asia,Bachelor's,Y,N,2308,2006,South,98097.94,Year,Y,Certified
EZYV24111,Europe,High School,Y,N,4768,1951,Northeast,111092.46,Year,N,Certified
EZYV25329,Europe,Bachelor's,N,Y,1757,2001,West,50946.34,Year,Y,Certified
EZYV20725,Europe,Bachelor's,N,N,2241,2004,South,56480.99,Year,Y,Certified
EZYV22921,Asia,Bachelor's,Y,N,3268,2007,Midwest,82953.96,Year,Y,Certified
EZYV8502,North America,Bachelor's,N,N,1368,1989,South,47406.95,Year,Y,Certified
EZYV22778,Asia,Master's,N,N,664,1993,Northeast,688.9991,Hour,Y,Denied
EZYV8113,Asia,Bachelor's,Y,N,4068,1997,West,110521.82,Year,Y,Certified
EZYV24857,Asia,Master's,N,N,2239,1919,South,117.77,Hour,Y,Denied
EZYV4837,Africa,Bachelor's,Y,N,4468,1995,West,129321.81,Year,Y,Denied
EZYV24608,Asia,Bachelor's,N,N,3914,1999,South,144950.13,Year,Y,Certified
EZYV2504,Asia,Bachelor's,Y,N,5226,1958,Northeast,21292.25,Year,Y,Certified
EZYV4686,Asia,Bachelor's,Y,N,3247,1902,Northeast,96447.64,Year,Y,Certified
EZYV5986,Asia,Bachelor's,Y,N,1110,1986,West,191522.3,Week,Y,Certified
EZYV11577,Asia,Bachelor's,N,N,2664,2010,South,27639.44,Year,Y,Denied
EZYV19593,Asia,Bachelor's,N,N,571,2004,South,154468.73,Year,N,Certified
EZYV22144,Asia,Bachelor's,Y,N,3533,1995,Midwest,82950.02,Month,Y,Denied
EZYV3451,Europe,Bachelor's,N,Y,1662,1995,South,102150.8,Year,Y,Certified
EZYV14314,Asia,High School,N,N,3137,1949,Northeast,39856.29,Year,Y,Denied
EZYV5989,Asia,Bachelor's,Y,N,2275,1984,West,123737.54,Year,Y,Denied
EZYV9258,North America,Doctorate,Y,N,2825,1999,Northeast,137969.16,Year,Y,Certified
EZYV1063,Asia,Bachelor's,Y,N,5066,2004,Northeast,53348.0,Year,Y,Certified
EZYV21705,North America,Master's,Y,N,354,2009,Northeast,106997.13,Year,N,Certified
EZYV25305,Asia,Bachelor's,N,N,3078,2015,Northeast,143062.32,Year,Y,Denied
EZYV19498,North America,Master's,N,N,262246,1998,West,450.9764,Hour,Y,Denied
EZYV9489,Asia,Master's,Y,N,2281,2012,Midwest,178385.89,Year,Y,Certified
EZYV5171,Asia,Master's,N,N,4538,2008,Midwest,225681.78,Year,Y,Certified
EZYV22453,South America,Bachelor's,N,N,2315,2002,Northeast,387.9725,Hour,Y,Certified
EZYV15499,South America,Bachelor's,Y,N,1799,1965,Northeast,112725.19,Year,Y,Certified
EZYV5593,Asia,High School,Y,N,4274,1969,Midwest,95579.27,Year,Y,Denied
EZYV600,Asia,Doctorate,Y,N,2467,1800,South,62487.14,Year,Y,Certified
EZYV6318,Oceania,Master's,Y,N,3156,2005,West,90795.28,Year,Y,Denied
EZYV2393,Asia,High School,Y,N,4722,2006,Midwest,91127.7,Year,Y,Certified
EZYV6324,Asia,Master's,Y,N,1030,1987,South,17826.38,Year,Y,Certified
EZYV14135,Asia,High School,Y,N,4091,1968,Northeast,101326.42,Year,Y,Denied
EZYV5310,North America,Bachelor's,N,N,2794,1975,Northeast,33050.65,Year,Y,Certified
EZYV13014,Europe,Bachelor's,N,N,1031,2013,Northeast,85546.83,Year,Y,Certified
EZYV2602,South America,Master's,N,N,938,2005,South,135691.49,Year,Y,Denied
EZYV12572,Asia,High School,Y,N,2183,2004,West,38546.81,Year,Y,Denied
EZYV19407,North America,Master's,Y,N,3344,1998,West,101025.68,Year,Y,Certified
EZYV10893,Europe,Bachelor's,Y,N,1400,1837,West,43057.14,Year,Y,Denied
EZYV24080,Asia,Master's,N,N,34,1947,South,29766.07,Year,Y,Certified
EZYV9013,Asia,High School,Y,N,794,2012,South,50191.44,Year,Y,Denied
EZYV15442,Asia,Master's,Y,N,467,2009,Midwest,91774.78,Year,Y,Certified
EZYV3664,Europe,Bachelor's,Y,N,4615,1981,West,19654.37,Year,Y,Certified
EZYV2055,North America,Bachelor's,N,N,3902,2000,South,74586.11,Year,N,Certified
EZYV3272,Asia,Bachelor's,N,N,1890,1994,South,68324.09,Year,Y,Denied
EZYV6813,Asia,Master's,Y,N,2627,1978,Midwest,78053.33,Year,Y,Certified
EZYV8352,Europe,Bachelor's,Y,N,2630,1996,Northeast,85573.42,Year,Y,Certified
EZYV21443,Asia,Master's,N,N,541,1997,Midwest,108809.64,Year,Y,Certified
EZYV12427,Asia,Bachelor's,Y,N,1736,1996,Northeast,93246.64,Year,Y,Denied
EZYV17420,Asia,Bachelor's,Y,N,130,2004,Northeast,26612.64,Year,Y,Denied
EZYV7378,Asia,Master's,N,N,5905,1982,South,140561.56,Year,N,Certified
EZYV10169,Asia,Master's,N,N,138,1888,Northeast,228.2617,Hour,Y,Denied
EZYV9551,Asia,Master's,Y,N,3083,1976,West,82376.97,Year,Y,Certified
EZYV7353,North America,Bachelor's,Y,N,1414,2000,Midwest,38.4261,Hour,Y,Denied
EZYV5050,Asia,Bachelor's,Y,N,610,2011,Northeast,723.9761,Hour,Y,Denied
EZYV5046,Asia,Bachelor's,Y,N,5620,2006,Northeast,75468.65,Year,Y,Certified
EZYV12252,Asia,Master's,N,N,794,2004,Midwest,106748.82,Year,Y,Certified
EZYV24809,Asia,Master's,Y,N,2662,2000,Midwest,103818.64,Year,N,Denied
EZYV2142,Asia,Master's,Y,N,3825,1952,South,107973.44,Year,N,Certified
EZYV22072,North America,Master's,Y,N,354,2016,Northeast,76737.2,Year,Y,Certified
EZYV2612,Asia,Bachelor's,N,N,3174,2005,Northeast,263877.21,Year,Y,Denied
EZYV2720,South America,Master's,N,N,23645,1916,Midwest,132.04,Hour,Y,Denied
EZYV14979,Europe,Bachelor's,Y,N,531,2001,West,76545.92,Year,Y,Certified
EZYV237,Asia,Bachelor's,N,N,2543,2014,West,93644.17,Year,Y,Denied
EZYV9178,Asia,Master's,Y,N,69,1987,Midwest,6764.58,Year,Y,Certified
EZYV14842,North America,Bachelor's,Y,N,2259,2001,South,24481.12,Year,Y,Denied
EZYV16210,Europe,Master's,N,N,3080,1976,South,8988.59,Year,Y,Certified
EZYV8642,Asia,Master's,Y,N,1660,2008,West,59477.68,Year,Y,Certified
EZYV17294,Europe,Master's,Y,N,44327,1976,West,99091.26,Year,Y,Certified
EZYV22957,Asia,Master's,Y,N,4501,1993,Northeast,126.5075,Hour,Y,Denied
EZYV17589,Europe,Master's,Y,Y,4143,1931,South,77659.1,Year,Y,Certified
EZYV2194,Asia,Master's,Y,N,1842,1982,West,49487.57,Year,Y,Certified
EZYV9305,Africa,Master's,Y,N,626,1981,South,127934.59,Year,Y,Certified
EZYV14697,North America,Master's,Y,N,3095,1942,Midwest,22005.82,Year,Y,Certified
EZYV16015,Europe,High School,Y,N,934,2010,South,82512.05,Year,Y,Certified
EZYV6933,North America,Master's,Y,N,3615,1931,Northeast,90017.02,Year,Y,Denied
EZYV12160,Asia,Bachelor's,N,N,10512,1974,Northeast,372.6523,Hour,Y,Certified
EZYV4984,Asia,Bachelor's,Y,N,9535,1994,Midwest,128182.07,Year,Y,Certified
EZYV13853,Asia,Bachelor's,Y,N,2496,2008,West,171177.54,Year,Y,Certified
EZYV23799,Europe,High School,N,Y,834,1980,South,71306.84,Year,Y,Certified
EZYV13011,North America,Bachelor's,N,N,2046,2001,Midwest,68925.14,Year,Y,Certified
EZYV11856,Europe,Bachelor's,Y,Y,1350,1991,West,58264.46,Year,Y,Certified
EZYV12028,Asia,Bachelor's,Y,N,3001,1947,West,25182.96,Year,Y,Denied
EZYV9558,Europe,High School,N,N,23088,2006,South,63354.01,Year,Y,Denied
EZYV211,Asia,Master's,Y,N,2696,1966,Island,116642.18,Year,N,Certified
EZYV19907,North America,Bachelor's,N,N,66,2008,West,70.599,Hour,Y,Denied
EZYV3744,North America,High School,N,Y,2157,2001,West,136075.59,Year,Y,Denied
EZYV1413,Asia,Master's,Y,N,3920,2007,Northeast,174702.9,Year,Y,Certified
EZYV10405,North America,High School,N,N,4910,2000,Northeast,321.8313,Hour,Y,Denied
EZYV12203,North America,Master's,Y,N,3031,1994,South,71027.76,Year,N,Certified
EZYV2238,Europe,Master's,N,Y,4057,2013,West,87783.38,Year,Y,Certified
EZYV14776,Europe,High School,Y,Y,1044,1875,Northeast,28571.32,Year,Y,Denied
EZYV13550,Asia,Master's,N,N,2835,2005,West,24113.33,Year,Y,Denied
EZYV9203,Europe,Master's,N,Y,2517,1872,South,64461.76,Year,Y,Denied
EZYV1430,Asia,Bachelor's,Y,N,2326,2004,Northeast,47422.78,Year,Y,Certified
EZYV4909,Asia,Bachelor's,N,N,1474,2005,South,108333.42,Year,Y,Certified
EZYV4094,Asia,Bachelor's,Y,N,4653,2006,Northeast,101495.6,Year,Y,Certified
EZYV21178,Asia,Bachelor's,Y,N,7828,1857,West,28538.06,Year,Y,Certified
EZYV18694,Asia,Doctorate,Y,N,4200,2005,Northeast,111908.23,Year,Y,Certified
EZYV10953,Europe,Bachelor's,Y,N,2732,1969,West,155571.5,Year,Y,Certified
EZYV4442,Europe,Bachelor's,Y,N,134,1998,West,92075.89,Year,Y,Certified
EZYV2903,Asia,Master's,N,Y,2632,1995,West,66822.96,Year,Y,Denied
EZYV12434,Asia,Bachelor's,N,N,1170,1995,Midwest,104265.37,Year,N,Certified
EZYV14526,Asia,Master's,N,N,5489,1977,Midwest,40900.6,Year,Y,Certified
EZYV7676,Asia,Master's,Y,N,4352,2007,South,33696.44,Year,Y,Certified
EZYV13919,Asia,Bachelor's,N,N,2996,2008,Northeast,97294.29,Year,Y,Denied
EZYV20330,Asia,Bachelor's,Y,N,2961,1946,Northeast,86613.17,Year,Y,Certified
EZYV3076,Asia,Master's,Y,N,911,1977,Midwest,175037.36,Year,Y,Certified
EZYV2326,Asia,Master's,N,N,594,2000,Midwest,87483.21,Year,Y,Certified
EZYV20130,Europe,Bachelor's,N,N,3222,2007,Northeast,883.8057,Hour,Y,Denied
EZYV17009,Europe,Master's,N,N,864,1986,South,40056.82,Year,Y,Certified
EZYV11312,Asia,Master's,Y,N,5956,2006,Midwest,131765.12,Year,N,Denied
EZYV3210,Asia,Bachelor's,Y,N,3968,1983,South,32361.59,Year,N,Certified
EZYV5410,Asia,Master's,N,N,940,1982,Midwest,11306.78,Year,Y,Certified
EZYV12580,Asia,Master's,Y,N,119,1998,Northeast,781.0723,Hour,Y,Certified
EZYV987,Asia,Bachelor's,Y,N,444,2013,West,29951.72,Year,Y,Certified
EZYV11836,North America,Master's,N,N,1127,1982,Midwest,46322.58,Year,N,Certified
EZYV2794,Asia,Bachelor's,N,N,2603,1992,West,65753.43,Year,Y,Denied
EZYV24999,Asia,High School,Y,N,732,2009,Midwest,89973.37,Year,Y,Certified
EZYV8940,Europe,Bachelor's,Y,N,1786,1907,Northeast,19214.4,Year,Y,Certified
EZYV3523,Asia,Master's,N,N,121,1899,Northeast,76994.41,Year,Y,Denied
EZYV9338,North America,Master's,N,N,1468,1997,West,127069.45,Week,Y,Denied
EZYV8672,Europe,Doctorate,Y,N,1823,1997,Northeast,37424.33,Year,Y,Certified
EZYV21723,South America,Master's,N,N,1636,2003,South,205.2109,Hour,Y,Certified
EZYV9443,Asia,Bachelor's,Y,N,316,1919,South,81921.2,Year,Y,Denied
EZYV5167,Asia,Doctorate,N,N,3188,1838,Northeast,154.0126,Hour,Y,Certified
EZYV3279,Asia,High School,Y,N,3826,2003,Northeast,113405.09,Year,Y,Denied
EZYV18511,Asia,Bachelor's,N,N,1492,1988,Midwest,14876.89,Year,Y,Certified
EZYV18636,North America,Master's,Y,N,3819,1977,Northeast,86371.84,Year,Y,Denied
EZYV7981,Asia,Doctorate,N,N,600,1912,West,134814.13,Year,Y,Certified
EZYV24303,Asia,Bachelor's,N,Y,3921,1999,West,177686.81,Year,Y,Denied
EZYV8589,Asia,Master's,Y,N,1956,2012,West,27426.08,Year,Y,Certified
EZYV16183,Africa,Bachelor's,N,N,3515,2005,South,57358.94,Year,Y,Certified
EZYV20355,Asia,Bachelor's,Y,N,70245,1992,West,124715.65,Year,Y,Denied
EZYV9955,Asia,Master's,Y,N,1722,1992,South,572.1175,Hour,Y,Certified
EZYV7494,North America,Master's,Y,N,1612,1991,South,75922.08,Year,N,Certified
EZYV2781,North America,Doctorate,Y,N,501,2012,West,108783.93,Year,Y,Certified
EZYV17110,Europe,Bachelor's,N,N,2693,1897,West,108154.93,Year,Y,Certified
EZYV13498,Asia,High School,N,N,3772,1944,Midwest,250841.05,Year,Y,Denied
EZYV24495,Asia,Doctorate,Y,Y,976,1897,Midwest,29918.19,Year,Y,Certified
EZYV11044,Asia,High School,Y,N,558,1994,Midwest,76049.2,Year,Y,Denied
EZYV18756,Asia,Bachelor's,N,N,4643,1954,Northeast,41537.31,Year,N,Denied
EZYV16348,Europe,Doctorate,Y,N,3222,2007,South,96078.78,Year,Y,Certified
EZYV6450,North America,Master's,Y,Y,1522,1979,Northeast,107990.69,Year,Y,Certified
EZYV12979,Europe,Doctorate,Y,N,2515,1998,West,79667.83,Year,Y,Certified
EZYV23094,Asia,Bachelor's,N,N,4147,1980,Northeast,93326.89,Year,Y,Denied
EZYV15815,Asia,Master's,Y,N,4859,1997,West,38483.91,Year,Y,Certified
EZYV6265,Asia,Master's,N,Y,1177,1877,Midwest,76548.51,Year,Y,Certified
EZYV17221,Asia,Bachelor's,Y,N,2891,1968,Northeast,35104.0,Year,Y,Certified
EZYV19418,North America,Master's,Y,N,4755,1963,Midwest,148525.31,Year,Y,Certified
EZYV14936,North America,Bachelor's,Y,N,4595,1969,Northeast,388.5618,Hour,Y,Denied
EZYV13385,Asia,Master's,N,N,151,1990,Midwest,132932.0,Year,N,Certified
EZYV524,Asia,Doctorate,Y,N,1378,2009,South,55076.16,Year,Y,Certified
EZYV13305,Asia,Master's,N,N,2162,1940,Midwest,47925.02,Year,N,Certified
EZYV4438,Asia,High School,Y,N,674,1993,Northeast,6093.16,Year,Y,Denied
EZYV17473,Europe,Master's,Y,N,796,1906,West,125481.66,Year,Y,Certified
EZYV24622,Europe,High School,Y,N,3327,1983,West,83278.18,Year,Y,Certified
EZYV7398,Asia,Doctorate,Y,N,1748,1998,Northeast,9659.52,Year,Y,Certified
EZYV8997,Europe,Master's,N,N,208,1989,South,121501.32,Year,N,Certified
EZYV24887,North America,High School,Y,N,2115,1989,Northeast,1599.28,Month,Y,Certified
EZYV1445,Asia,Master's,N,Y,950,1986,South,196098.39,Year,Y,Certified
EZYV16437,Europe,Bachelor's,N,Y,2147,2005,West,131410.43,Year,Y,Denied
EZYV16812,Europe,High School,N,N,1558,1998,West,158870.51,Year,N,Denied
EZYV15624,South America,Doctorate,Y,N,2265,2013,Northeast,118488.85,Year,Y,Denied
EZYV11130,Asia,Bachelor's,Y,N,21,2000,West,76826.46,Year,Y,Denied
EZYV15542,North America,Doctorate,N,N,2306,1978,Northeast,12444.91,Year,Y,Denied
EZYV853,Asia,Master's,N,N,2328,1988,Northeast,216.15,Hour,Y,Denied
EZYV19050,Asia,Master's,Y,N,3022,1998,Northeast,149323.57,Year,N,Denied
EZYV11821,North America,Master's,Y,N,2125,2016,South,65493.35,Year,N,Denied
EZYV3755,Asia,Doctorate,Y,N,1429,2008,Midwest,139111.82,Year,Y,Certified
EZYV2241,South America,Master's,Y,N,1360,1989,Northeast,17788.04,Year,Y,Certified
EZYV1736,Asia,Doctorate,Y,N,2863,1988,Northeast,93779.0,Year,Y,Certified
EZYV13494,Oceania,Bachelor's,N,Y,1333,1855,South,100717.14,Year,Y,Certified
EZYV19469,Europe,Master's,N,N,749,2001,Northeast,91064.21,Year,Y,Certified
EZYV9349,Asia,Bachelor's,Y,N,787,2008,Midwest,41542.44,Year,Y,Denied
EZYV6236,Asia,High School,N,N,1659,2008,Midwest,53965.32,Year,Y,Denied
EZYV6165,Asia,Bachelor's,N,N,3551,2003,South,61573.98,Year,Y,Denied
EZYV11188,Asia,Master's,Y,N,19230,2010,Midwest,89027.32,Year,Y,Certified
EZYV17674,Asia,Bachelor's,N,N,2181,2011,Northeast,215001.34,Year,Y,Certified
EZYV24989,Asia,Doctorate,Y,N,434,2010,West,88275.56,Year,Y,Certified
EZYV22874,Asia,Doctorate,Y,N,3071,2001,Northeast,80283.7,Year,N,Certified
EZYV6730,Asia,Doctorate,Y,N,2867,2003,Midwest,64826.49,Year,Y,Certified
EZYV20059,Asia,Master's,Y,N,250,1967,West,124529.59,Week,Y,Certified
EZYV21228,Asia,Doctorate,N,N,694,2004,Northeast,48445.49,Year,Y,Denied
EZYV24249,Asia,Master's,N,N,1484,1938,Northeast,35691.77,Year,Y,Denied
EZYV14596,Asia,Bachelor's,Y,N,4626,2003,South,572.1959,Hour,Y,Denied
EZYV7355,Asia,Bachelor's,Y,N,1258,1985,West,74753.33,Year,Y,Certified
EZYV13564,Asia,Bachelor's,N,N,579,1989,Midwest,120597.09,Year,Y,Certified
EZYV12809,North America,Bachelor's,Y,N,455,1969,West,20299.33,Year,Y,Certified
EZYV15058,Asia,Master's,N,N,381,2013,Midwest,76692.14,Year,Y,Certified
EZYV14286,Asia,High School,N,N,3341,1996,Midwest,128759.76,Year,Y,Denied
EZYV11454,Asia,High School,Y,N,454,1990,West,24356.17,Year,Y,Denied
EZYV7247,Asia,Bachelor's,Y,N,2961,1985,West,7034.14,Year,Y,Denied
EZYV17337,Asia,Master's,N,N,2218,2004,Northeast,44063.86,Year,Y,Certified
EZYV20649,Asia,Master's,Y,N,44013,1999,Midwest,107149.68,Year,Y,Certified
EZYV8518,Asia,Bachelor's,N,Y,2945,2010,South,114777.66,Year,Y,Certified
EZYV8868,Europe,Master's,N,N,171,1999,Northeast,69306.29,Year,Y,Certified
EZYV3184,Asia,Master's,N,N,1827,1985,Northeast,138370.74,Year,Y,Denied
EZYV2917,South America,Bachelor's,Y,N,21530,1838,West,69372.75,Year,Y,Denied
EZYV8600,Asia,Bachelor's,N,N,733,1947,West,131094.31,Year,Y,Certified
EZYV24318,Asia,Bachelor's,N,N,2071,2009,Northeast,135075.15,Year,Y,Denied
EZYV4179,Asia,Master's,Y,N,4551,1996,West,14761.95,Year,Y,Certified
EZYV20650,Asia,Master's,N,N,765,1976,West,55342.12,Year,N,Certified
EZYV10178,Asia,High School,Y,Y,166,1992,South,83432.41,Year,Y,Denied
EZYV505,Europe,Master's,N,N,1369,2010,South,43881.65,Year,N,Certified
EZYV5057,Asia,High School,N,Y,2209,2000,West,106335.17,Year,Y,Denied
EZYV11091,Asia,Bachelor's,N,Y,3326,1904,South,64660.24,Year,Y,Certified
EZYV22883,Asia,Master's,Y,N,1982,2012,Northeast,28761.96,Year,Y,Certified
EZYV22987,Asia,Master's,N,N,1888,1962,Northeast,34756.18,Year,Y,Denied
EZYV12123,Europe,Bachelor's,N,Y,4546,2005,South,115325.02,Year,Y,Certified
EZYV3341,Asia,Master's,N,N,3176,1977,South,50124.54,Year,Y,Denied
EZYV2579,South America,High School,Y,N,3205,2011,West,39933.25,Year,Y,Certified
EZYV22674,Asia,Master's,N,N,821,2005,Midwest,96966.11,Year,N,Certified
EZYV2076,Asia,Master's,N,N,2735,2005,Northeast,47162.77,Year,N,Denied
EZYV23468,Asia,Master's,Y,N,651,2000,Northeast,52272.4,Year,Y,Denied
EZYV1579,North America,High School,Y,N,3663,1978,Northeast,16559.5,Year,Y,Certified
EZYV2570,Asia,Master's,N,N,2577,1988,South,108672.2,Year,Y,Certified
EZYV13969,Asia,Master's,N,Y,1435,1997,South,155421.17,Year,Y,Certified
EZYV22353,Oceania,Master's,N,N,3126,2012,South,24.4888,Hour,Y,Denied
EZYV16319,Asia,Master's,N,N,3851,2000,Northeast,108.12,Hour,Y,Denied
EZYV1250,Europe,Master's,N,N,1498,2001,Northeast,47444.98,Year,Y,Certified
EZYV6471,Asia,Bachelor's,N,N,2496,1991,Northeast,64696.03,Year,Y,Denied
EZYV17642,Asia,Bachelor's,Y,N,1189,1999,Northeast,19897.93,Year,Y,Certified
EZYV20434,Asia,Bachelor's,N,N,833,2009,South,148435.04,Week,Y,Certified
EZYV67,North America,Bachelor's,N,N,80,1968,West,82324.64,Year,N,Denied
EZYV20361,Asia,Master's,N,N,150,1937,South,103362.64,Year,Y,Certified
EZYV6769,Asia,High School,N,N,2131,2013,Midwest,147.32,Hour,Y,Denied
EZYV24792,Asia,Bachelor's,Y,N,3100,1998,South,24420.93,Year,Y,Certified
EZYV6935,Asia,Bachelor's,N,N,2790,2011,Northeast,125954.21,Year,Y,Certified
EZYV22624,North America,Master's,Y,N,2055,1873,Island,144432.62,Year,N,Certified
EZYV15796,Asia,Master's,Y,N,6155,2011,Northeast,98659.01,Year,Y,Certified
EZYV24471,Europe,Bachelor's,Y,Y,3967,2012,West,32685.63,Year,Y,Certified
EZYV11246,Europe,High School,Y,N,4490,1979,West,19992.12,Year,Y,Denied
EZYV15428,Europe,Bachelor's,N,N,4607,1890,West,84257.7,Year,Y,Denied
EZYV4965,Europe,Master's,N,Y,575,1986,Northeast,107930.59,Year,Y,Denied
EZYV5507,Asia,Bachelor's,Y,N,3124,2002,Northeast,105717.0,Year,Y,Certified
EZYV19387,Asia,Bachelor's,N,N,1905,1986,South,58246.93,Year,Y,Certified
EZYV15508,Asia,Bachelor's,N,Y,622,1858,Northeast,34250.04,Year,Y,Certified
EZYV1751,Europe,Doctorate,N,N,1036,1986,Northeast,37593.03,Year,Y,Certified
EZYV13530,North America,Bachelor's,N,Y,2528,1997,South,156442.99,Year,Y,Certified
EZYV21698,North America,Bachelor's,N,N,2533,1995,Northeast,115096.77,Year,Y,Denied
EZYV14487,North America,Bachelor's,Y,N,1495,1954,West,716.5913,Hour,Y,Certified
EZYV11742,Oceania,Doctorate,Y,N,3824,1977,West,10065.0,Year,Y,Certified
EZYV18738,North America,Master's,Y,N,1053,1999,South,88642.0,Year,Y,Certified
EZYV16339,Asia,Master's,Y,N,1899,2002,Northeast,117.72,Hour,Y,Certified
EZYV12952,Europe,Master's,Y,Y,1624,2003,Northeast,59082.94,Year,Y,Certified
EZYV10387,North America,High School,Y,N,179,1839,Northeast,207.2492,Hour,Y,Denied
EZYV23400,Europe,Master's,N,N,2812,1994,Midwest,47453.72,Year,Y,Certified
EZYV23163,Asia,Master's,Y,N,261,2008,West,101803.1,Year,Y,Certified
EZYV6210,Asia,Master's,Y,N,2304,2007,South,151277.04,Year,Y,Certified
EZYV6335,Asia,Doctorate,N,N,4375,2006,West,95530.67,Year,Y,Certified
EZYV16984,North America,Bachelor's,Y,N,3246,1996,Northeast,132008.41,Year,Y,Denied
EZYV17913,Europe,Bachelor's,Y,N,128,1985,Northeast,309.3313,Hour,Y,Denied
EZYV13125,Asia,High School,Y,N,1820,1993,South,112767.32,Year,Y,Denied
EZYV727,Asia,Bachelor's,N,Y,704,2013,South,84801.63,Year,Y,Certified
EZYV3920,Asia,Bachelor's,N,N,953,1988,Northeast,60754.84,Year,Y,Denied
EZYV11813,Europe,Master's,Y,N,4175,2010,West,73393.28,Year,Y,Certified
EZYV19320,North America,Bachelor's,N,N,4716,1988,West,82310.48,Year,Y,Certified
EZYV16189,Asia,Bachelor's,Y,N,505,1981,Midwest,83747.92,Year,Y,Certified
EZYV6424,Asia,High School,Y,Y,1777,2000,South,127500.61,Year,Y,Denied
EZYV14871,Asia,Bachelor's,Y,N,3916,1963,Northeast,97389.57,Year,Y,Denied
EZYV22672,Europe,Bachelor's,N,N,301,2006,South,748.9347,Hour,Y,Denied
EZYV16782,Asia,Bachelor's,Y,N,5250,1999,Northeast,98889.07,Year,N,Certified
EZYV9245,Asia,Bachelor's,N,N,2240,2001,South,14439.38,Year,N,Certified
EZYV10459,Asia,Master's,Y,N,1725,1993,West,42135.46,Year,Y,Certified
EZYV23709,Asia,High School,Y,N,2872,1977,Northeast,264303.76,Year,Y,Denied
EZYV23136,Asia,Master's,N,N,1927,2007,South,66672.03,Year,Y,Certified
EZYV6505,Asia,Master's,N,N,148,2008,Northeast,213069.27,Year,Y,Certified
EZYV19314,Europe,Bachelor's,N,N,1228,1998,Northeast,42870.14,Year,Y,Certified
EZYV6098,Europe,Master's,Y,N,560,1969,South,109600.13,Year,Y,Certified
EZYV10419,North America,Bachelor's,Y,N,2369,1997,Northeast,6450.14,Year,Y,Certified
EZYV18820,Asia,Master's,N,N,921,2005,Midwest,150.1045,Hour,Y,Denied
EZYV11895,North America,Doctorate,N,N,851,1999,West,92686.73,Year,Y,Certified
EZYV11645,South America,Bachelor's,N,N,1904,2003,West,105575.01,Year,Y,Certified
EZYV758,Asia,Master's,N,N,536,2001,West,88468.41,Year,Y,Denied
EZYV1418,Asia,Bachelor's,Y,N,325,2013,South,66846.84,Year,Y,Certified
EZYV13001,Asia,Bachelor's,N,N,3752,1977,West,63445.87,Year,Y,Certified
EZYV24393,Asia,High School,Y,N,622,2005,Midwest,40902.08,Year,Y,Certified
EZYV2365,Asia,High School,N,N,2871,1880,Midwest,52313.04,Year,N,Certified
EZYV25107,North America,Master's,Y,N,902,1955,Northeast,94376.07,Month,Y,Certified
EZYV4632,Asia,Bachelor's,Y,N,578,2009,South,74554.47,Year,Y,Denied
EZYV14259,Asia,Bachelor's,Y,N,328,1999,Northeast,87281.08,Year,Y,Denied
EZYV13356,Asia,Doctorate,Y,N,3841,1867,Northeast,117222.82,Year,Y,Certified
EZYV3605,Asia,High School,Y,N,2137,1989,Midwest,167312.76,Year,Y,Denied
EZYV7950,North America,Master's,Y,N,1736,1883,Island,80960.95,Year,Y,Certified
EZYV16912,Asia,High School,Y,N,2679,1988,West,25679.18,Year,Y,Denied
EZYV6392,North America,Master's,Y,N,1999,2009,South,136.77,Hour,Y,Denied
EZYV6650,Europe,High School,Y,N,4696,1979,South,158709.54,Year,N,Denied
EZYV25459,Asia,Master's,Y,N,2591,2002,Island,81497.19,Year,Y,Certified
EZYV17747,North America,Master's,Y,N,1213,1989,South,84729.79,Week,Y,Certified
EZYV101,Asia,Master's,Y,N,2227,2007,Northeast,28243.79,Year,Y,Certified
EZYV15606,South America,High School,N,N,2020,1999,Island,221.6987,Hour,Y,Denied
EZYV1484,Asia,Bachelor's,Y,N,3664,2004,Northeast,9454.86,Year,Y,Certified
EZYV15125,Asia,Bachelor's,Y,N,3518,1949,Northeast,122565.13,Year,Y,Certified
EZYV21462,Asia,High School,N,Y,2951,1994,Northeast,111690.74,Year,Y,Denied
EZYV4067,Asia,Bachelor's,N,N,1166,1995,West,64730.97,Year,N,Denied
EZYV10828,Asia,Master's,Y,N,2820,1869,Northeast,99639.81,Year,N,Certified
EZYV11706,Asia,Bachelor's,N,N,3719,2004,South,18960.72,Year,Y,Denied
EZYV8472,Europe,Master's,Y,N,5484,1909,West,34045.17,Year,Y,Certified
EZYV6020,North America,Bachelor's,N,N,751,1971,South,210280.88,Year,Y,Denied
EZYV4117,Asia,Bachelor's,N,N,1242,2005,Northeast,45267.79,Year,Y,Denied
EZYV7328,Europe,Bachelor's,N,N,1343,2000,West,28716.35,Year,Y,Certified
EZYV9189,Europe,High School,Y,N,1375,2011,South,65826.29,Year,Y,Denied
EZYV21874,Asia,Bachelor's,N,N,3012,2000,Midwest,114356.11,Year,Y,Denied
EZYV5750,Asia,Bachelor's,N,Y,1975,1991,West,76918.08,Year,Y,Certified
EZYV2574,Europe,Master's,Y,N,2793,1998,Northeast,85330.54,Year,Y,Certified
EZYV24533,Asia,Bachelor's,N,N,11974,1996,West,146175.43,Year,Y,Certified
EZYV12820,Asia,Bachelor's,N,N,1408,2003,West,98302.44,Year,Y,Certified
EZYV22333,Europe,Bachelor's,Y,N,3306,1952,South,10990.9,Year,Y,Denied
EZYV24602,Asia,High School,Y,N,4185,1987,Northeast,37654.23,Year,Y,Certified
EZYV5448,Asia,Master's,Y,N,595,1994,Northeast,47283.21,Year,N,Certified
EZYV3024,Europe,Master's,Y,N,147,1984,Northeast,38462.05,Year,Y,Certified
EZYV8557,Asia,Bachelor's,Y,N,1316,1946,South,121968.71,Year,Y,Certified
EZYV21791,Europe,Bachelor's,N,N,1539,1923,West,24786.91,Year,Y,Denied
EZYV1212,North America,High School,Y,N,2620,1998,Northeast,130192.56,Year,Y,Certified
EZYV21955,Asia,Master's,N,N,15138,2007,Northeast,133411.74,Year,Y,Certified
EZYV12662,North America,Bachelor's,Y,N,2484,2007,West,57080.63,Year,Y,Denied
EZYV23101,South America,Doctorate,N,Y,2966,1946,West,9761.8,Year,Y,Certified
EZYV7421,North America,Bachelor's,Y,N,6551,1995,South,3396.41,Year,Y,Denied
EZYV4123,Asia,Bachelor's,Y,N,3370,2011,Midwest,110733.93,Year,Y,Certified
EZYV24930,North America,Master's,Y,N,3895,2006,Northeast,20218.04,Year,Y,Certified
EZYV1552,Asia,Master's,Y,N,262,1993,Midwest,109933.38,Year,Y,Certified
EZYV15171,Asia,Doctorate,Y,N,5414,2004,South,30092.42,Year,Y,Certified
EZYV14414,Asia,Bachelor's,N,N,4025,2007,West,23600.77,Year,Y,Denied
EZYV21905,North America,Bachelor's,Y,N,845,1990,Northeast,171.63,Hour,Y,Denied
EZYV15989,Asia,Bachelor's,Y,Y,1859,2001,South,107545.49,Year,Y,Certified
EZYV21720,Asia,Bachelor's,Y,N,3936,2008,South,97302.93,Year,Y,Denied
EZYV5371,Asia,Bachelor's,N,N,3017,2010,Northeast,86145.21,Year,N,Denied
EZYV12577,Asia,Bachelor's,N,N,3881,1853,Midwest,50072.29,Year,Y,Certified
EZYV22000,North America,Master's,N,N,818,1833,West,130343.26,Year,Y,Denied
EZYV6387,North America,Master's,Y,N,4516,1995,Northeast,86324.12,Year,Y,Certified
EZYV3705,Asia,Bachelor's,N,N,1853,1994,South,13458.61,Year,Y,Denied
EZYV12012,Asia,Bachelor's,N,N,1030,1984,South,392.8745,Hour,Y,Denied
EZYV7285,Asia,Bachelor's,N,N,7994,1993,Northeast,488.9859,Hour,Y,Denied
EZYV12282,Asia,Master's,Y,N,180,1867,South,61211.76,Year,Y,Certified
EZYV6944,Asia,Master's,Y,N,2129,1869,South,90353.78,Year,Y,Certified
EZYV21115,Asia,Bachelor's,N,N,1806,1909,Northeast,114.78,Hour,Y,Denied
EZYV19304,Asia,High School,N,N,2171,2009,Midwest,94978.29,Year,Y,Certified
EZYV8559,Asia,Master's,Y,N,3155,1884,South,99530.4,Year,Y,Certified
EZYV1423,North America,High School,N,N,1667,2005,Northeast,86751.87,Year,Y,Denied
EZYV15164,Asia,High School,Y,N,341,2009,Midwest,120946.47,Year,Y,Denied
EZYV1398,Asia,Doctorate,Y,N,7135,1947,West,60587.33,Year,Y,Certified
EZYV18829,Asia,Master's,N,N,2367,1973,Northeast,142633.6,Year,N,Certified
EZYV20219,Europe,Master's,Y,N,1508,2005,West,25774.3,Year,Y,Certified
EZYV22848,Asia,Bachelor's,N,N,4326,2010,Northeast,252692.71,Year,N,Denied
EZYV7339,Asia,Bachelor's,Y,N,361,2005,Northeast,114646.69,Year,Y,Certified
EZYV17982,Asia,Master's,N,N,2283,2008,Midwest,135276.15,Year,Y,Certified
EZYV19708,Europe,Bachelor's,Y,N,2381,2012,West,31569.96,Year,Y,Certified
EZYV12761,Asia,Bachelor's,N,N,1596,2004,West,101645.36,Year,N,Denied
EZYV19822,Asia,Master's,N,N,1988,1979,Northeast,72129.75,Year,Y,Certified
EZYV2541,Asia,Master's,Y,N,3460,1898,Northeast,64158.98,Year,Y,Certified
EZYV2388,Asia,Bachelor's,N,N,130,2001,West,230.4357,Hour,Y,Denied
EZYV16792,Asia,Bachelor's,Y,N,305,1962,West,688.7327,Hour,Y,Certified
EZYV22660,North America,Bachelor's,Y,N,118772,2005,Northeast,96511.67,Week,Y,Certified
EZYV20423,Asia,Bachelor's,Y,N,5402,2007,Northeast,80102.8,Year,Y,Certified
EZYV71,Asia,High School,Y,N,1320,2001,Northeast,230.327,Hour,Y,Denied
EZYV20062,Asia,Master's,Y,N,804,1892,West,49185.77,Year,Y,Certified
EZYV22694,Asia,Bachelor's,N,N,472,1973,West,100.7651,Hour,Y,Denied
EZYV13540,North America,Master's,Y,N,433,1871,South,81121.21,Year,Y,Certified
EZYV19183,Europe,Bachelor's,Y,N,669,1986,West,9332.47,Year,Y,Certified
EZYV12172,Asia,Bachelor's,Y,N,2385,1948,West,83856.32,Year,Y,Certified
EZYV15610,South America,High School,Y,N,462,2011,Midwest,50500.61,Year,Y,Denied
EZYV12349,North America,Master's,Y,N,4255,2007,South,127856.8,Year,N,Certified
EZYV23250,Asia,Bachelor's,Y,N,56246,1962,Midwest,30969.12,Year,Y,Denied
EZYV9065,South America,Master's,N,N,126,1998,Northeast,29398.85,Year,Y,Certified
EZYV22019,Asia,Bachelor's,Y,N,1129,1863,South,21745.82,Year,Y,Certified
EZYV19485,Asia,Bachelor's,Y,N,5238,1995,Northeast,7196.85,Year,Y,Denied
EZYV12079,Asia,Bachelor's,Y,N,5081,2006,Northeast,44038.21,Year,Y,Certified
EZYV13033,Asia,Master's,N,N,2469,2005,South,102853.93,Year,Y,Denied
EZYV7382,Europe,Bachelor's,N,Y,4255,2010,West,33336.03,Year,Y,Certified
EZYV1642,Africa,Master's,N,N,524,2003,Island,94876.7,Year,Y,Denied
EZYV16060,Asia,Master's,N,N,405,1995,Northeast,3651.87,Year,Y,Denied
EZYV18729,Europe,Bachelor's,Y,Y,1888,1830,South,10798.18,Year,Y,Denied
EZYV2764,Asia,Master's,N,N,3694,1818,West,123087.21,Year,Y,Denied
EZYV17455,Europe,Doctorate,N,N,177,2006,Northeast,60568.66,Year,Y,Certified
EZYV14131,Asia,Bachelor's,Y,N,3304,1859,South,11454.91,Year,Y,Certified
EZYV19344,South America,High School,N,N,291,1998,South,101.42,Hour,Y,Denied
EZYV23770,North America,Master's,N,N,1587,1968,West,123523.22,Year,Y,Denied
EZYV14687,North America,Bachelor's,N,N,1056,1897,West,48.1309,Hour,Y,Denied
EZYV9353,Asia,Master's,N,N,490,1928,Northeast,136157.35,Year,Y,Certified
EZYV23112,Asia,High School,Y,N,16534,1960,Midwest,272.7286,Hour,Y,Denied
EZYV2837,Asia,Master's,N,N,2913,1978,Island,86540.13,Year,Y,Denied
EZYV20300,Asia,High School,N,N,2505,1962,Midwest,158427.09,Year,Y,Certified
EZYV17609,Asia,Master's,N,N,3065,2009,Northeast,78121.63,Year,Y,Denied
EZYV8305,North America,Master's,N,N,1341,1988,South,65778.96,Year,Y,Certified
EZYV8119,Asia,Bachelor's,Y,N,1927,1981,South,184.74,Hour,Y,Denied
EZYV13908,Africa,Master's,Y,N,2960,1998,South,44670.83,Year,Y,Certified
EZYV2667,Asia,Bachelor's,Y,N,2929,1984,West,94583.87,Year,Y,Certified
EZYV5566,Asia,Bachelor's,N,Y,1318,2001,South,107731.52,Year,Y,Certified
EZYV13536,Asia,Master's,Y,Y,2426,1992,West,152030.57,Year,Y,Certified
EZYV6269,North America,Bachelor's,Y,Y,1444,2010,South,105507.4,Year,Y,Denied
EZYV16332,Asia,Bachelor's,N,N,3448,1995,Northeast,39839.23,Year,Y,Certified
EZYV21051,Europe,Master's,Y,N,1499,2013,South,42385.24,Year,Y,Certified
EZYV21604,Europe,Master's,N,N,1830,1968,West,59233.78,Year,Y,Certified
EZYV18403,Asia,Master's,Y,N,4248,2007,West,68075.35,Year,Y,Certified
EZYV7109,Asia,Master's,Y,N,2434,2007,Northeast,58313.58,Year,Y,Certified
EZYV16010,Asia,High School,Y,N,4577,2001,South,24208.74,Year,Y,Certified
EZYV24961,Europe,Master's,Y,N,1068,2010,West,26374.62,Year,Y,Denied
EZYV8046,Asia,Bachelor's,N,Y,1998,1984,West,125175.16,Year,Y,Certified
EZYV1639,Europe,Master's,N,Y,1993,2001,South,100700.16,Year,Y,Certified
EZYV6131,Asia,Master's,Y,N,3907,1986,South,126269.34,Year,Y,Certified
EZYV12196,North America,Bachelor's,N,N,2838,1939,Midwest,152276.13,Year,N,Certified
EZYV1778,Asia,Master's,Y,N,3062,2014,West,56979.8,Year,Y,Certified
EZYV18262,Europe,Doctorate,Y,N,2880,1900,Northeast,82716.91,Year,Y,Certified
EZYV4396,Asia,High School,N,N,2010,2009,Midwest,62363.94,Year,Y,Denied
EZYV1086,Asia,Doctorate,N,Y,928,1838,Northeast,102105.99,Year,Y,Denied
EZYV10646,Europe,Doctorate,Y,N,614,1980,West,43313.96,Year,Y,Certified
EZYV21416,Europe,Doctorate,N,N,2659,1968,West,9850.28,Year,Y,Certified
EZYV15245,North America,Master's,Y,N,1739,1948,Midwest,22018.67,Year,Y,Certified
EZYV7236,Asia,Doctorate,Y,N,1227,2010,West,128008.3,Year,Y,Certified
EZYV24187,Asia,High School,Y,N,4225,1992,Northeast,201615.6,Year,Y,Certified
EZYV15195,Asia,Bachelor's,N,Y,1403,2006,South,122769.34,Year,Y,Certified
EZYV10835,Asia,Master's,Y,N,497,2007,Northeast,110561.9,Year,Y,Certified
EZYV3652,Asia,Bachelor's,N,N,570,1994,South,105629.9,Year,Y,Denied
EZYV11893,Asia,Bachelor's,N,Y,2141,1999,West,87868.22,Year,Y,Denied
EZYV14141,Asia,Bachelor's,Y,N,4021,2001,Northeast,43170.51,Year,Y,Certified
EZYV4929,Asia,Master's,Y,N,2117,2014,Midwest,133655.95,Year,Y,Certified
EZYV1202,Asia,Master's,N,N,1472,2005,Midwest,197974.59,Year,Y,Certified
EZYV982,Asia,Master's,Y,N,3107,1997,Northeast,89256.68,Year,Y,Certified
EZYV9987,Asia,Bachelor's,N,N,3156,1958,South,211405.6,Year,Y,Denied
EZYV25213,Asia,Bachelor's,Y,N,867,2004,South,18774.22,Year,Y,Certified
EZYV17061,Asia,Master's,Y,N,3990,1839,Northeast,59920.0,Year,Y,Certified
EZYV1637,Asia,Bachelor's,N,N,36459,1884,West,150657.25,Year,Y,Denied
EZYV12255,Asia,Master's,Y,N,1341,2006,Northeast,133304.38,Year,Y,Certified
EZYV17416,Asia,Bachelor's,N,N,4166,1947,Northeast,124.97,Hour,Y,Denied
EZYV4618,Asia,Bachelor's,N,N,1436,2006,West,72187.75,Year,Y,Denied
EZYV14539,South America,Doctorate,N,N,4818,2013,Midwest,29171.47,Year,Y,Certified
EZYV9225,Asia,Bachelor's,Y,N,488,1958,West,2441.69,Year,Y,Denied
EZYV2601,Asia,Master's,N,N,2431,1998,Midwest,134269.43,Year,Y,Denied
EZYV4560,North America,Doctorate,Y,N,312,2013,South,60191.36,Year,Y,Certified
EZYV21155,North America,Bachelor's,Y,N,1535,2005,Northeast,119.9211,Hour,Y,Denied
EZYV22508,Asia,Bachelor's,Y,N,3623,2011,South,139416.28,Year,Y,Certified
EZYV9132,Europe,High School,N,N,437,2001,Northeast,23293.3,Year,Y,Denied
EZYV15300,Asia,Master's,N,Y,2439,2000,West,86169.59,Year,Y,Certified
EZYV6904,Asia,Bachelor's,N,N,1691,2010,Midwest,79352.46,Year,Y,Certified
EZYV1882,Asia,Master's,N,N,4673,2005,West,72674.6,Year,N,Denied
EZYV22471,Europe,Bachelor's,Y,N,1758,1998,West,39832.98,Year,Y,Certified
EZYV3782,Asia,High School,N,N,121,1920,West,762.0136,Hour,Y,Denied
EZYV970,Asia,Master's,N,N,2803,2004,South,139924.14,Year,Y,Certified
EZYV9259,Asia,Master's,N,N,77564,1999,West,89878.19,Year,Y,Certified
EZYV14034,Asia,Bachelor's,Y,N,13501,2006,Midwest,124968.16,Year,N,Certified
EZYV22742,North America,Bachelor's,N,N,1568,1994,West,101960.26,Year,Y,Denied
EZYV3708,Asia,Master's,Y,Y,1224,1838,West,112776.62,Year,Y,Certified
EZYV14864,Asia,High School,Y,N,2894,1869,South,261.0801,Hour,Y,Denied
EZYV25332,Europe,Master's,N,N,1813,2010,West,33556.69,Year,Y,Denied
EZYV18024,North America,Master's,Y,N,885,2000,Northeast,142793.24,Year,N,Certified
EZYV12740,Asia,Master's,N,N,701,1985,Northeast,3523.17,Year,Y,Denied
EZYV3640,North America,Master's,N,N,3973,1960,South,127517.66,Year,N,Denied
EZYV21120,Asia,Bachelor's,Y,N,15003,2003,South,48697.6,Year,Y,Certified
EZYV19984,Asia,Bachelor's,N,N,169,1977,Northeast,127.1379,Hour,Y,Denied
EZYV7895,Asia,Bachelor's,N,Y,85,2007,West,85565.88,Year,Y,Certified
EZYV21179,North America,High School,Y,N,1970,1958,West,36552.61,Year,Y,Certified
EZYV19369,Asia,Master's,N,N,165502,1925,Northeast,63670.06,Year,Y,Certified
EZYV653,North America,Bachelor's,N,N,756,1988,South,146020.74,Year,N,Certified
EZYV12625,Europe,Bachelor's,Y,N,1215,2004,South,9297.2,Year,Y,Certified
EZYV8368,North America,Doctorate,Y,N,5951,1987,West,18040.87,Year,Y,Certified
EZYV7712,Europe,Master's,N,N,49065,2013,West,73581.44,Year,Y,Certified
EZYV15183,Asia,Bachelor's,Y,N,1436,2005,Northeast,46541.22,Year,Y,Certified
EZYV11890,Asia,Master's,N,N,3030,1968,Midwest,109107.42,Year,Y,Certified
EZYV17949,Europe,Master's,Y,N,5566,2001,West,49390.5,Year,N,Certified
EZYV11392,Africa,Master's,N,N,155,2001,West,9448.28,Year,Y,Certified
EZYV12106,Asia,Master's,Y,N,366,1999,Northeast,74738.55,Year,Y,Certified
EZYV7771,Asia,Bachelor's,N,N,619,1977,Island,136875.33,Year,Y,Denied
EZYV14081,Europe,Master's,Y,N,1475,1994,Midwest,33687.14,Year,N,Certified
EZYV6368,Asia,Bachelor's,Y,N,1368,1909,South,125574.83,Year,Y,Certified
EZYV24710,Asia,Bachelor's,Y,N,2621,1995,Northeast,66588.78,Year,Y,Certified
EZYV3500,Asia,Master's,N,N,3171,2005,Midwest,9054.89,Year,Y,Denied
EZYV19669,Europe,Bachelor's,Y,N,1857,1971,Midwest,75208.99,Year,Y,Certified
EZYV5281,Africa,Master's,Y,N,4021,2008,West,27900.97,Year,Y,Certified
EZYV8310,Europe,Doctorate,Y,N,3388,1999,Northeast,42113.68,Year,Y,Certified
EZYV19044,Asia,Master's,N,N,2662,1885,South,91077.6,Year,N,Certified
EZYV3289,North America,Master's,N,N,84,1962,Midwest,57467.1,Year,Y,Denied
EZYV18193,Asia,Bachelor's,Y,N,120,2011,Midwest,137316.75,Year,Y,Certified
EZYV9348,Asia,Doctorate,N,N,3698,1834,West,90187.24,Year,Y,Certified
EZYV13947,Asia,Bachelor's,N,N,3140,1989,Midwest,122936.33,Year,Y,Denied
EZYV2413,Asia,High School,Y,N,6513,2006,Northeast,704.06,Year,Y,Denied
EZYV7252,Asia,Bachelor's,N,N,25094,1911,South,53961.43,Year,Y,Certified
EZYV556,Asia,Master's,Y,N,2774,1985,South,133170.7,Year,N,Certified
EZYV19569,Asia,Bachelor's,Y,N,2129,1912,Midwest,156514.39,Year,Y,Certified
EZYV15643,South America,High School,Y,N,2412,1896,Midwest,112017.83,Year,Y,Denied
EZYV2906,North America,Master's,N,N,2631,2003,South,116591.96,Year,Y,Denied
EZYV14426,Asia,Bachelor's,Y,N,1414,1852,South,113243.92,Year,Y,Certified
EZYV10457,South America,Bachelor's,N,Y,2071,1999,South,42093.88,Year,Y,Certified
EZYV14482,Asia,High School,N,N,1629,1998,West,52278.16,Year,Y,Denied
EZYV16618,Europe,Doctorate,Y,N,2090,2010,Northeast,107642.56,Year,Y,Certified
EZYV24755,Asia,High School,N,Y,272,1985,South,15341.79,Year,Y,Certified
EZYV13775,Asia,Master's,Y,Y,379,1896,Northeast,273951.68,Year,Y,Certified
EZYV22564,Asia,Master's,N,N,3173,1898,Island,86002.73,Year,Y,Denied
EZYV489,North America,Master's,N,N,4762,2005,Midwest,75960.46,Year,Y,Certified
EZYV14737,Asia,Bachelor's,Y,N,1409,2008,South,19863.08,Year,Y,Denied
EZYV6879,Asia,High School,Y,N,153,2000,South,38431.19,Year,Y,Denied
EZYV16224,Asia,Bachelor's,N,N,3219,1989,West,314156.06,Year,Y,Certified
EZYV7117,Asia,Master's,Y,N,2838,1886,Northeast,174313.39,Year,N,Certified
EZYV12348,Asia,Doctorate,N,N,2194,1993,South,70777.93,Year,Y,Certified
EZYV608,Asia,Bachelor's,N,N,2845,2004,South,671.4491,Hour,Y,Certified
EZYV14560,Oceania,Bachelor's,Y,N,2668,1968,South,103847.91,Year,Y,Certified
EZYV22026,Asia,Bachelor's,N,N,2849,2001,Northeast,72004.14,Year,N,Denied
EZYV11230,Asia,Bachelor's,N,N,242,1962,Midwest,48729.55,Year,Y,Denied
EZYV13972,Asia,Bachelor's,Y,N,4906,2000,South,64642.73,Year,Y,Certified
EZYV2218,Asia,High School,N,N,3533,2011,Midwest,55114.0,Year,Y,Certified
EZYV20994,Asia,Master's,N,N,425,1979,Midwest,134027.0,Year,N,Denied
EZYV645,North America,Bachelor's,N,N,162,1994,South,74880.65,Year,Y,Certified
EZYV23276,Asia,High School,Y,N,3206,2006,South,183836.54,Year,Y,Certified
EZYV4695,Asia,Master's,N,N,1045,2010,South,78812.46,Year,Y,Denied
EZYV17737,Asia,Master's,Y,N,1295,1987,South,92362.64,Year,Y,Certified
EZYV21658,Asia,Master's,Y,N,1451,1932,West,121377.83,Year,Y,Denied
EZYV16648,Europe,Bachelor's,Y,N,4596,2006,South,58727.7,Year,Y,Certified
EZYV4390,Asia,Bachelor's,N,N,426,1991,West,85012.84,Year,Y,Denied
EZYV10662,Europe,Doctorate,N,N,907,2003,West,84491.66,Year,Y,Certified
EZYV12043,Europe,Bachelor's,Y,N,1133,2008,Northeast,18937.85,Year,Y,Certified
EZYV13863,Asia,Master's,Y,N,2041,2000,Midwest,160789.94,Year,Y,Certified
EZYV2789,Europe,Master's,N,N,155,2008,Northeast,89305.6,Year,Y,Certified
EZYV13788,Europe,Master's,Y,N,974,1928,South,27695.7,Year,Y,Certified
EZYV19235,Asia,Master's,Y,N,59,2013,Midwest,136191.93,Year,Y,Certified
EZYV12155,Asia,High School,N,N,94,1984,Northeast,56021.57,Year,Y,Denied
EZYV17791,Asia,Bachelor's,N,N,3443,1987,West,226169.32,Year,Y,Denied
EZYV24686,Asia,Bachelor's,Y,N,1172,1996,South,34778.28,Year,Y,Denied
EZYV6393,South America,Master's,Y,N,2972,1892,Northeast,156554.29,Year,Y,Certified
EZYV20975,Asia,Bachelor's,N,N,1228,2007,South,93425.7,Year,Y,Certified
EZYV3597,Europe,Bachelor's,Y,N,2847,2010,West,36358.96,Year,Y,Certified
EZYV19119,North America,Doctorate,Y,N,2848,1970,Northeast,52629.95,Year,Y,Certified
EZYV14157,Asia,Master's,Y,N,4186,1981,Northeast,113705.57,Year,Y,Certified
EZYV9025,Asia,Bachelor's,Y,N,5032,1956,Northeast,85737.5,Year,N,Certified
EZYV14819,Asia,High School,N,N,3584,2003,Northeast,60971.96,Year,Y,Denied
EZYV16539,Asia,Bachelor's,Y,N,3930,1984,South,10680.91,Year,Y,Certified
EZYV6091,Asia,Bachelor's,N,N,574,1996,Northeast,250899.07,Year,Y,Certified
EZYV6486,Asia,Bachelor's,Y,N,2418,1942,Midwest,181611.3,Year,Y,Denied
EZYV17015,Asia,Doctorate,N,N,930,1999,South,23137.88,Year,Y,Certified
EZYV14308,South America,Bachelor's,Y,N,3082,2008,Midwest,25712.32,Year,Y,Denied
EZYV16994,Africa,Master's,N,N,3815,1840,Midwest,102744.22,Year,Y,Certified
EZYV14437,Asia,High School,Y,N,30144,1984,Northeast,11161.52,Year,Y,Denied
EZYV11385,Asia,Bachelor's,Y,N,4720,2000,West,89685.09,Year,Y,Certified
EZYV12557,Asia,Bachelor's,N,N,1624,2012,South,165620.54,Year,Y,Certified
EZYV17580,North America,Doctorate,Y,N,438,1999,West,133238.32,Year,Y,Certified
EZYV23431,Europe,Bachelor's,Y,N,4634,1909,Northeast,105121.77,Year,Y,Denied
EZYV10488,Asia,Master's,Y,Y,2527,1986,West,17896.22,Year,Y,Certified
EZYV24885,Asia,Master's,N,N,2202,1999,Midwest,100471.08,Year,Y,Certified
EZYV19618,Asia,Master's,Y,N,184,1981,Midwest,178241.97,Year,Y,Certified
EZYV8029,Asia,Master's,N,N,1375,1981,South,702.3692,Hour,Y,Certified
EZYV24888,Asia,Bachelor's,Y,N,960,1998,Northeast,45917.6,Year,Y,Certified
EZYV13950,Asia,Bachelor's,N,N,2365,2010,South,588.3469,Hour,Y,Denied
EZYV21611,Asia,Master's,Y,N,3851,2003,Northeast,148.35,Hour,Y,Denied
EZYV11745,Asia,Master's,N,N,1124,1998,Northeast,77263.18,Year,Y,Certified
EZYV25003,Asia,High School,Y,Y,1574,2000,Northeast,129528.3,Year,Y,Denied
EZYV18209,Asia,Bachelor's,N,N,3390,1972,West,123101.33,Year,Y,Denied
EZYV3154,Asia,Bachelor's,Y,N,1652,2013,South,77184.46,Year,Y,Certified
EZYV18301,Asia,Doctorate,Y,N,345,1879,Northeast,111246.62,Year,Y,Certified
EZYV14417,Asia,Master's,Y,N,376,1963,Northeast,7178.49,Year,Y,Certified
EZYV19538,North America,Master's,N,N,893,1989,Northeast,68088.14,Year,Y,Certified
EZYV1362,Asia,Bachelor's,N,N,757,1948,West,172647.18,Year,Y,Denied
EZYV24336,Asia,Master's,Y,N,1938,1996,Northeast,120428.23,Year,Y,Denied
EZYV21094,North America,Master's,Y,N,1834,1971,Northeast,2862.98,Year,Y,Certified
EZYV10639,South America,High School,Y,N,1562,1998,Northeast,57400.47,Year,Y,Denied
EZYV19960,Asia,High School,Y,Y,4841,2006,West,52309.85,Year,Y,Certified
EZYV22626,Asia,Doctorate,Y,N,964,1984,South,36050.45,Year,Y,Certified
EZYV1585,Asia,Bachelor's,Y,N,1527,1854,West,99761.72,Year,Y,Certified
EZYV17398,Asia,Bachelor's,N,N,509,1839,Northeast,131140.5,Year,N,Denied
EZYV25281,North America,Bachelor's,N,N,3932,1995,South,118862.75,Year,Y,Certified
EZYV1343,Asia,Bachelor's,N,Y,1764,1999,South,53490.26,Year,Y,Certified
EZYV18676,Asia,Master's,N,N,2609,1998,Midwest,141415.24,Year,Y,Certified
EZYV1145,Asia,Master's,N,N,3542,2001,Northeast,48.0065,Hour,Y,Denied
EZYV554,North America,Master's,Y,N,1746,1984,West,119767.22,Year,N,Certified
EZYV3688,Asia,Bachelor's,N,N,2065,2005,Northeast,61024.55,Year,Y,Denied
EZYV817,Asia,Bachelor's,N,N,3236,1988,South,87058.78,Year,Y,Certified
EZYV11364,Asia,Master's,Y,N,1838,1917,Northeast,238662.95,Year,Y,Certified
EZYV9450,Asia,Master's,Y,N,2808,1973,South,142063.91,Year,N,Certified
EZYV4887,Asia,Bachelor's,N,N,1036,2011,South,75077.1,Year,Y,Denied
EZYV25259,Asia,Bachelor's,Y,N,3659,1997,South,79.1099,Hour,Y,Denied
EZYV18003,Asia,Bachelor's,N,N,760,2004,South,48119.07,Year,Y,Denied
EZYV1714,Africa,Bachelor's,Y,N,2248,1994,Northeast,96832.44,Year,Y,Denied
EZYV25163,South America,Master's,N,N,2065,2011,West,47585.11,Year,Y,Denied
EZYV17058,Asia,Bachelor's,Y,N,2670,2006,South,109589.98,Year,Y,Denied
EZYV14873,Asia,Bachelor's,N,N,2548,2007,Northeast,19400.7,Year,Y,Denied
EZYV12091,Asia,Bachelor's,Y,N,777,1979,West,128694.12,Year,Y,Denied
EZYV1239,South America,Doctorate,N,N,1998,1992,West,16.4637,Hour,Y,Denied
EZYV1018,Asia,Master's,N,N,3529,2008,Midwest,110781.9,Year,N,Certified
EZYV2985,Asia,Master's,N,N,3052,1997,Midwest,166859.22,Year,Y,Denied
EZYV23859,Asia,High School,Y,N,4815,2006,Midwest,210683.5,Year,Y,Certified
EZYV6227,Asia,Master's,N,N,2423,1996,Northeast,41411.19,Year,Y,Certified
EZYV9581,South America,Doctorate,N,N,687,2001,Northeast,373.2143,Hour,Y,Certified
EZYV12473,Asia,Master's,Y,N,643,2006,Northeast,88252.18,Year,Y,Certified
EZYV12119,South America,High School,Y,N,607,1980,West,32060.79,Year,Y,Denied
EZYV5739,North America,Master's,N,N,665,1988,Midwest,120127.53,Year,Y,Certified
EZYV15964,Asia,Bachelor's,N,N,1428,1971,Northeast,137505.0,Year,Y,Denied
EZYV434,Asia,Bachelor's,N,N,2481,2008,Northeast,411.2051,Hour,Y,Denied
EZYV10964,Asia,Master's,Y,Y,3387,2005,West,57710.67,Year,Y,Certified
EZYV7175,Asia,Master's,Y,N,3662,2007,Midwest,152011.55,Year,Y,Certified
EZYV17045,Asia,Master's,Y,N,103110,1896,Midwest,2066.81,Year,Y,Certified
EZYV4997,North America,Master's,N,N,734,1887,Island,147139.42,Year,Y,Certified
EZYV10857,Asia,Master's,N,N,2604,2013,Midwest,84049.1,Year,N,Certified
EZYV18261,Asia,Master's,N,N,557,1963,Northeast,58542.48,Year,N,Certified
EZYV19967,Asia,Bachelor's,N,N,5187,2004,Midwest,111341.97,Year,Y,Denied
EZYV10012,Asia,Bachelor's,N,N,163,2010,Northeast,14130.76,Year,Y,Certified
EZYV20388,North America,Bachelor's,Y,N,3374,1966,South,38985.69,Year,Y,Denied
EZYV13330,Europe,Doctorate,N,N,4186,1931,Midwest,7322.05,Year,Y,Certified
EZYV4654,Asia,Master's,Y,N,8462,2005,Northeast,24925.81,Year,Y,Certified
EZYV17312,Asia,Doctorate,N,N,2868,2013,Midwest,166380.37,Year,Y,Certified
EZYV3233,Asia,Bachelor's,Y,N,2626,2011,South,112825.91,Year,Y,Certified
EZYV10547,Asia,High School,N,N,2237,1989,Midwest,118151.98,Year,Y,Denied
EZYV20980,Asia,Bachelor's,Y,N,3782,2003,Northeast,30849.39,Year,Y,Denied
EZYV23957,Asia,Master's,N,N,4676,2002,Northeast,55836.19,Year,N,Certified
EZYV17695,Asia,Master's,N,N,1216,1997,West,346.575,Hour,Y,Denied
EZYV13912,Asia,Master's,N,Y,428,2009,South,61737.14,Year,Y,Certified
EZYV7972,Asia,High School,Y,N,1697,2005,Midwest,26949.31,Year,Y,Denied
EZYV9390,Asia,Bachelor's,Y,N,3489,2000,South,88848.68,Year,Y,Certified
EZYV8612,Asia,Bachelor's,Y,N,2466,2001,South,69831.14,Year,Y,Denied
EZYV6544,Asia,Doctorate,Y,N,1274,2001,Midwest,116873.37,Year,Y,Certified
EZYV1203,Asia,Master's,N,Y,2126,1922,South,81534.43,Year,Y,Certified
EZYV20626,North America,High School,N,N,87661,2000,West,844.7739,Hour,Y,Certified
EZYV10837,Asia,Bachelor's,Y,N,495,1951,Island,42275.12,Year,Y,Certified
EZYV24364,Asia,Master's,Y,N,1649,1800,Midwest,148321.57,Year,Y,Certified
EZYV21714,Asia,Bachelor's,N,N,2080,1819,Northeast,444.9515,Hour,Y,Certified
EZYV18257,Asia,Bachelor's,N,Y,3908,2001,South,24463.68,Year,Y,Denied
EZYV1255,Asia,High School,Y,N,364,1993,Northeast,55294.64,Year,Y,Denied
EZYV7702,Asia,Bachelor's,Y,N,4178,1927,Midwest,127296.66,Year,Y,Denied
EZYV19658,Asia,High School,N,N,4350,2008,South,84593.67,Year,Y,Certified
EZYV300,Asia,Master's,Y,Y,2009,2005,West,69741.05,Year,Y,Certified
EZYV11214,Asia,Master's,Y,N,1161,2010,Northeast,358.263,Hour,Y,Certified
EZYV7222,Asia,Bachelor's,N,Y,100771,1838,Northeast,187808.28,Year,Y,Certified
EZYV23484,Asia,Bachelor's,Y,N,2461,1946,West,5277.7,Year,Y,Certified
EZYV21011,South America,Doctorate,Y,N,4401,1998,Northeast,39041.64,Year,Y,Certified
EZYV18421,Asia,Bachelor's,N,N,600,1963,Northeast,165691.77,Year,N,Denied
EZYV15550,Asia,Doctorate,Y,N,3057,2001,Northeast,54989.71,Year,Y,Certified
EZYV6714,Asia,Doctorate,N,Y,712,2003,South,123756.6,Year,Y,Certified
EZYV9527,Asia,Master's,Y,N,1212,1909,West,69370.58,Year,Y,Certified
EZYV2569,Europe,Doctorate,Y,N,1505,2005,Northeast,28845.24,Year,Y,Certified
EZYV20932,Asia,Bachelor's,N,N,4643,2007,Northeast,127198.53,Year,Y,Certified
EZYV16876,Asia,Master's,N,N,3254,1982,Northeast,89439.58,Year,N,Certified
EZYV19051,Asia,Bachelor's,Y,N,1990,2011,Midwest,899.036,Hour,Y,Certified
EZYV20194,Asia,Bachelor's,N,Y,1374,1995,South,35214.53,Year,Y,Certified
EZYV19836,Asia,Master's,N,N,5795,2000,Northeast,136521.72,Year,Y,Certified
EZYV22189,Asia,Master's,N,N,26903,1956,Midwest,159192.3,Year,N,Certified
EZYV18959,Asia,Doctorate,Y,N,794,1922,Northeast,117919.19,Year,N,Denied
EZYV3135,Asia,High School,Y,N,57,1993,Northeast,596.2339,Hour,Y,Denied
EZYV5660,South America,Master's,Y,N,4150,1855,Midwest,112216.26,Year,Y,Certified
EZYV19872,Asia,Master's,Y,N,3147,2008,Midwest,97101.9,Year,Y,Certified
EZYV5828,Asia,High School,Y,N,1452,1936,South,28602.29,Year,Y,Denied
EZYV2092,Europe,High School,Y,Y,849,2010,West,31653.71,Year,Y,Denied
EZYV3785,Asia,Bachelor's,N,N,186,2012,South,103414.25,Year,Y,Denied
EZYV22545,Europe,Bachelor's,Y,N,5762,1998,West,2609.42,Year,Y,Certified
EZYV16960,Asia,Master's,N,N,251,1998,Midwest,101212.67,Year,Y,Certified
EZYV24574,Asia,High School,N,N,2295,2010,Midwest,37874.33,Year,Y,Denied
EZYV9385,Asia,Bachelor's,N,Y,1044,2011,South,61286.32,Year,Y,Denied
EZYV21029,North America,Master's,Y,N,3661,1998,Northeast,58390.66,Year,Y,Certified
EZYV13660,Asia,Bachelor's,Y,N,4951,1999,South,38046.17,Year,Y,Certified
EZYV23020,Asia,Bachelor's,Y,N,2157,1831,Northeast,10167.47,Year,Y,Certified
EZYV19412,Europe,Bachelor's,N,N,766,2007,Northeast,41125.5,Year,Y,Certified
EZYV7903,Asia,Bachelor's,Y,N,2077,2005,Midwest,98428.88,Year,Y,Denied
EZYV15601,Asia,Bachelor's,N,N,-14,2014,South,24641.61,Year,Y,Denied
EZYV10767,Europe,Bachelor's,Y,N,417,1994,Midwest,27729.73,Year,Y,Denied
EZYV9561,Asia,High School,N,N,1349,2002,South,51809.06,Year,Y,Denied
EZYV25203,North America,Master's,N,N,907,2001,Midwest,134500.2,Year,N,Certified
EZYV2779,Asia,High School,Y,N,1197,1995,West,69177.84,Year,Y,Denied
EZYV21704,Asia,Master's,Y,N,3605,2010,Northeast,26883.17,Year,Y,Certified
EZYV5966,Asia,Doctorate,Y,N,295,2012,South,49083.9,Year,Y,Certified
EZYV13382,Asia,Bachelor's,N,N,1384,1969,Northeast,545.039,Hour,Y,Certified
EZYV19928,North America,High School,Y,N,2188,2005,South,11293.38,Year,Y,Certified
EZYV20158,Asia,Bachelor's,Y,N,1432,1995,West,87361.06,Year,Y,Certified
EZYV19258,Europe,Doctorate,Y,N,1468,2008,Midwest,63361.18,Year,Y,Certified
EZYV20234,Asia,Master's,Y,N,1993,1939,Midwest,219.07,Hour,Y,Certified
EZYV24914,Europe,Bachelor's,Y,N,3863,1979,West,114630.41,Year,Y,Certified
EZYV18657,Asia,Bachelor's,Y,N,46258,1996,South,95283.05,Year,Y,Certified
EZYV10263,Asia,Master's,Y,N,1312,2009,South,54766.18,Year,Y,Certified
EZYV12398,Asia,Master's,Y,N,511,2001,South,162297.93,Week,Y,Certified
EZYV10746,Asia,Bachelor's,Y,N,3863,2010,Northeast,38911.5,Year,Y,Certified
EZYV24583,Europe,Bachelor's,N,Y,856,2013,South,18987.02,Year,Y,Certified
EZYV12585,Asia,Bachelor's,Y,N,5224,1978,Northeast,10103.27,Year,Y,Certified
EZYV4505,Asia,Master's,N,N,894,1996,Northeast,82152.69,Year,Y,Denied
EZYV17950,South America,Bachelor's,N,N,519,1998,Northeast,30.7996,Hour,Y,Denied
EZYV25377,Europe,Bachelor's,Y,N,4661,2009,West,36677.6,Year,Y,Certified
EZYV16986,Asia,Bachelor's,N,N,964,1987,South,45612.83,Year,Y,Certified
EZYV24192,Europe,Bachelor's,N,N,3014,1992,West,97265.1,Year,Y,Certified
EZYV18032,Europe,High School,Y,N,2750,1868,Northeast,21724.59,Year,Y,Certified
EZYV18174,Africa,Master's,N,N,3819,1968,Northeast,47470.12,Year,Y,Certified
EZYV5625,Asia,Master's,N,N,494,1996,West,103245.81,Year,N,Certified
EZYV20142,Asia,Master's,Y,N,303,1971,Northeast,103379.38,Year,Y,Denied
EZYV21188,Asia,Master's,Y,N,2288,1974,Northeast,678.2778,Hour,Y,Denied
EZYV8952,Asia,Master's,Y,N,159,1885,Midwest,78233.42,Year,Y,Certified
EZYV10346,Asia,High School,N,N,4136,1990,Northeast,81982.61,Year,Y,Denied
EZYV21886,Asia,Master's,Y,N,1511,2007,Northeast,133647.88,Year,Y,Certified
EZYV20523,North America,Bachelor's,Y,N,2480,1995,Northeast,170274.65,Week,Y,Denied
EZYV15491,Asia,Bachelor's,Y,N,477,1985,West,152087.14,Year,Y,Denied
EZYV24949,Europe,Doctorate,Y,N,153,1980,South,16771.96,Year,Y,Certified
EZYV19144,Asia,Master's,Y,N,543,1914,South,122812.56,Year,Y,Certified
EZYV17322,Asia,Master's,N,Y,1843,1989,Midwest,111513.8,Year,Y,Denied
EZYV3455,Europe,Bachelor's,N,Y,1464,1997,Northeast,72486.63,Year,Y,Denied
EZYV2185,Asia,Master's,Y,N,1127,1922,South,923.65,Year,Y,Certified
EZYV16456,Asia,High School,N,N,2038,1987,South,15510.9,Year,Y,Denied
EZYV24429,North America,Bachelor's,Y,N,3594,1911,West,71047.5,Year,Y,Denied
EZYV17556,Asia,Bachelor's,Y,N,1566,2006,West,109351.99,Year,Y,Certified
EZYV14678,North America,Master's,Y,N,1688,1974,West,11477.12,Year,Y,Certified
EZYV3817,Asia,Bachelor's,N,N,1814,2006,Northeast,128199.58,Year,Y,Denied
EZYV11156,Europe,Bachelor's,Y,N,1729,1998,Northeast,119477.77,Year,Y,Certified
EZYV10300,Asia,Bachelor's,Y,N,1665,2009,South,89983.08,Year,Y,Denied
EZYV23218,Asia,Master's,Y,N,773,1878,South,64342.41,Year,N,Certified
EZYV12774,North America,Doctorate,Y,N,868,1968,South,89724.85,Year,Y,Certified
EZYV2359,South America,Bachelor's,N,N,1380,2008,West,41558.42,Year,Y,Denied
EZYV13181,Asia,Master's,N,N,1184,1977,Midwest,191601.56,Year,N,Certified
EZYV11803,Asia,Bachelor's,Y,N,5332,1995,South,112574.99,Year,Y,Certified
EZYV16667,South America,Master's,N,Y,3553,2006,West,76258.47,Year,Y,Certified
EZYV1284,Europe,Doctorate,N,N,127586,1899,South,28790.45,Year,Y,Certified
EZYV21904,Asia,Bachelor's,Y,Y,1431,1997,Northeast,18821.99,Year,Y,Denied
EZYV11008,Asia,Bachelor's,Y,N,5225,1945,Midwest,63628.06,Year,Y,Certified
EZYV4374,Asia,Bachelor's,N,N,5070,1997,West,33541.02,Year,Y,Denied
EZYV18122,North America,Master's,N,N,3374,1997,Midwest,4164.47,Year,Y,Denied
EZYV23667,Asia,Bachelor's,Y,N,978,2004,West,56584.76,Year,Y,Certified
EZYV25455,Asia,Bachelor's,N,N,1316,2007,South,62844.97,Year,Y,Denied
EZYV19750,Asia,Bachelor's,Y,N,885,1998,West,91431.5,Year,Y,Certified
EZYV20777,Asia,Master's,Y,N,488,2011,South,138562.76,Year,N,Certified
EZYV8644,Asia,Bachelor's,N,N,1773,1952,South,43138.52,Year,Y,Certified
EZYV5293,Asia,High School,Y,N,5774,1968,Northeast,28888.68,Year,Y,Denied
EZYV572,Asia,High School,N,N,2122,2005,South,80604.66,Year,N,Certified
EZYV16551,Europe,Bachelor's,Y,N,3130,2009,West,85022.21,Year,Y,Certified
EZYV9464,Europe,Bachelor's,N,N,1503,2013,West,63168.88,Year,Y,Certified
EZYV5390,Asia,High School,Y,N,1722,2000,Northeast,101716.57,Year,Y,Denied
EZYV10225,Asia,Bachelor's,N,Y,190,1984,South,112232.58,Year,Y,Certified
EZYV2423,Europe,Doctorate,N,Y,723,2001,South,46083.89,Year,Y,Certified
EZYV4561,Asia,Bachelor's,N,N,4230,2002,Midwest,98419.73,Year,Y,Denied
EZYV8014,Asia,Bachelor's,N,N,293,2005,Midwest,157243.55,Year,Y,Certified
EZYV2068,Europe,High School,N,N,1276,2002,South,123244.52,Year,Y,Certified
EZYV9144,Asia,Bachelor's,N,N,1887,1984,West,100463.47,Year,Y,Denied
EZYV3490,Asia,High School,Y,N,5678,2007,West,78023.01,Year,Y,Denied
EZYV11220,Europe,Bachelor's,Y,N,4711,2007,West,47353.13,Year,Y,Denied
EZYV22269,Asia,High School,Y,N,3020,2001,South,179317.92,Year,Y,Certified
EZYV9999,North America,High School,N,N,1711,2006,Northeast,116.38,Hour,Y,Denied
EZYV16337,Asia,Bachelor's,N,N,3822,2014,South,95430.94,Year,Y,Certified
EZYV11907,North America,Bachelor's,N,N,5543,2002,South,61761.32,Year,Y,Denied
EZYV9963,North America,Bachelor's,N,N,4254,2005,Midwest,110338.85,Year,Y,Certified
EZYV21180,Asia,Master's,Y,N,97,2011,Northeast,45970.23,Year,Y,Certified
EZYV9029,North America,Bachelor's,Y,N,3121,1888,South,82432.24,Year,Y,Denied
EZYV17367,North America,Master's,Y,N,3910,2003,Northeast,91051.31,Year,Y,Certified
EZYV21264,Asia,Master's,N,N,1945,1987,West,136961.1,Year,Y,Denied
EZYV11650,North America,Master's,Y,N,3916,2003,West,31484.12,Year,Y,Certified
EZYV10485,Asia,Master's,N,N,4873,2007,Northeast,98398.54,Year,N,Certified
EZYV8669,Asia,Bachelor's,Y,Y,1040,1922,West,136938.84,Year,Y,Certified
EZYV24397,North America,Bachelor's,N,Y,2205,1912,South,125757.81,Year,Y,Denied
EZYV21215,Asia,Master's,Y,N,221,1881,South,82523.91,Year,N,Denied
EZYV11278,Asia,Master's,Y,N,2748,1941,West,15335.44,Year,Y,Certified
EZYV1790,North America,Master's,Y,N,13423,1991,Northeast,44608.71,Year,Y,Certified
EZYV21504,Asia,Bachelor's,N,N,1207,1905,Northeast,116374.76,Year,Y,Certified
EZYV5020,Europe,Master's,Y,N,2852,2004,South,101373.29,Year,Y,Certified
EZYV15277,Asia,Master's,Y,N,431,2011,Midwest,63858.11,Year,N,Certified
EZYV534,North America,Master's,Y,N,2303,1988,Midwest,128167.33,Year,Y,Certified
EZYV9531,Asia,High School,Y,N,962,2003,Northeast,8624.69,Year,Y,Denied
EZYV804,Europe,Bachelor's,Y,Y,10003,1968,South,54981.44,Year,Y,Certified
EZYV20556,Asia,Master's,N,N,531,1839,Northeast,89782.38,Year,Y,Certified
EZYV5176,Asia,Bachelor's,Y,N,1434,1977,Northeast,137368.28,Year,Y,Certified
EZYV13892,Asia,Bachelor's,Y,N,4955,1993,Northeast,294807.32,Year,Y,Certified
EZYV14455,Asia,High School,N,N,3335,1989,Midwest,90410.07,Year,Y,Denied
EZYV14449,North America,Bachelor's,N,N,3341,2008,Midwest,15991.49,Year,Y,Certified
EZYV19359,Asia,Master's,Y,N,3551,1998,Midwest,92343.33,Year,Y,Certified
EZYV23255,Asia,Bachelor's,N,N,3125,1885,Northeast,41726.0,Year,Y,Certified
EZYV17262,Asia,Master's,N,N,1689,2000,Midwest,79230.51,Year,Y,Certified
EZYV18601,Asia,Master's,Y,N,230,1997,South,166702.27,Year,Y,Certified
EZYV10170,Oceania,Bachelor's,Y,N,248,2004,Midwest,152057.56,Year,Y,Certified
EZYV25284,Asia,Master's,N,N,10762,2005,West,110106.19,Year,N,Denied
EZYV18600,Europe,Bachelor's,Y,N,1867,2009,Northeast,45422.56,Year,Y,Certified
EZYV21204,Asia,Bachelor's,Y,N,1066,2002,South,32926.01,Year,Y,Certified
EZYV23954,North America,Bachelor's,N,N,3271,2009,Midwest,51616.49,Year,Y,Certified
EZYV3645,Africa,Bachelor's,Y,N,3463,2008,Northeast,30799.2,Year,Y,Certified
EZYV18732,Asia,Bachelor's,Y,N,2732,2008,Midwest,125193.02,Year,Y,Denied
EZYV11886,Asia,Master's,Y,Y,2343,2009,Midwest,6161.74,Year,Y,Certified
EZYV23197,Asia,Bachelor's,N,N,2368,1993,West,794.8602,Hour,Y,Denied
EZYV896,Africa,High School,Y,N,4310,1909,Northeast,109111.37,Year,Y,Denied
EZYV25270,North America,Master's,Y,N,4239,2003,Northeast,26055.91,Year,Y,Certified
EZYV16604,Europe,High School,N,N,4132,2009,Northeast,40677.71,Year,Y,Certified
EZYV20961,South America,Master's,N,N,4866,1998,West,123957.0,Year,Y,Denied
EZYV13170,Asia,Bachelor's,N,N,901,1968,Northeast,86905.68,Year,Y,Certified
EZYV19154,Asia,Master's,Y,N,442,1884,Northeast,86594.59,Year,Y,Certified
EZYV19626,Asia,Master's,N,N,882,1880,Midwest,41329.12,Year,N,Denied
EZYV3524,Europe,Bachelor's,Y,N,913,2004,South,23515.82,Year,Y,Denied
EZYV2261,Asia,Doctorate,Y,N,1588,2012,South,132901.19,Year,N,Certified
EZYV11099,North America,Bachelor's,Y,N,2617,2005,South,17298.01,Year,Y,Denied
EZYV14458,Africa,Master's,Y,N,158,2003,West,119751.33,Year,Y,Certified
EZYV3863,Asia,Bachelor's,Y,N,2776,1956,Midwest,58775.85,Year,Y,Certified
EZYV15707,Asia,Master's,Y,N,3157,2006,Midwest,54937.54,Year,Y,Certified
EZYV24657,Asia,Bachelor's,N,N,1698,1978,Northeast,8427.08,Year,Y,Denied
EZYV19615,North America,High School,Y,N,5285,1989,Northeast,42116.45,Year,Y,Certified
EZYV25471,North America,Master's,Y,N,2272,1970,Northeast,516.4101,Hour,Y,Certified
EZYV12022,Asia,Master's,Y,N,2147,1995,Northeast,68313.32,Year,N,Certified
EZYV10214,North America,Master's,Y,N,2357,1976,Northeast,103857.4,Year,Y,Denied
EZYV25198,Asia,Master's,Y,N,3515,2008,Midwest,164593.87,Year,Y,Certified
EZYV16367,Asia,Bachelor's,Y,N,4300,1938,Island,30222.56,Year,Y,Certified
EZYV20060,Asia,Doctorate,N,N,2110,1974,Northeast,60485.19,Year,Y,Denied
EZYV24595,Asia,High School,Y,N,2384,2001,Midwest,89032.37,Year,Y,Denied
EZYV1424,Asia,Bachelor's,Y,N,562,1998,South,79221.02,Year,Y,Certified
EZYV23716,Europe,Master's,N,N,4905,2004,Northeast,156979.16,Year,Y,Certified
EZYV13478,Asia,Master's,N,N,4626,2000,Midwest,202399.59,Year,Y,Certified
EZYV21421,Europe,Master's,Y,Y,1554,2013,West,101884.13,Year,Y,Certified
EZYV4310,Asia,Bachelor's,N,N,2588,1801,Island,32799.26,Year,Y,Denied
EZYV966,Asia,Master's,N,N,898,2002,Midwest,122187.35,Year,Y,Certified
EZYV7675,Europe,High School,Y,N,2667,1974,South,100538.0,Year,Y,Denied
EZYV2791,Asia,Master's,Y,N,2620,1980,Northeast,137581.41,Year,N,Certified
EZYV12854,Asia,Master's,N,N,1309,2005,West,144503.5,Year,N,Certified
EZYV16675,North America,Master's,N,N,210665,2006,Northeast,71820.25,Year,N,Certified
EZYV12526,Asia,Master's,Y,Y,2538,1848,Midwest,143866.53,Year,Y,Certified
EZYV25272,Asia,Bachelor's,Y,N,3495,1971,South,132821.07,Year,Y,Certified
EZYV20954,Asia,Bachelor's,Y,N,342,1998,South,122131.77,Year,N,Certified
EZYV11213,Asia,Master's,N,N,1869,1958,West,40338.72,Year,Y,Certified
EZYV629,Europe,Doctorate,Y,N,2128,2001,Northeast,73503.72,Year,Y,Certified
EZYV3866,Asia,Master's,Y,N,147,1989,West,90316.5,Year,Y,Certified
EZYV23587,North America,High School,N,N,4973,2005,Northeast,97043.27,Year,N,Denied
EZYV2282,North America,Bachelor's,N,N,1479,1863,Midwest,25803.19,Year,Y,Certified
EZYV16719,Europe,Doctorate,N,N,1546,1997,South,110248.49,Year,Y,Certified
EZYV8023,Asia,High School,Y,N,1312,2003,Northeast,34802.03,Year,Y,Denied
EZYV11517,Asia,Bachelor's,Y,N,222,1971,Northeast,54599.61,Year,Y,Certified
EZYV25237,Asia,High School,Y,N,3606,2000,Midwest,144226.58,Year,Y,Denied
EZYV9962,Europe,Bachelor's,Y,N,1012,1999,Northeast,30693.7,Year,Y,Certified
EZYV2389,Asia,Master's,Y,N,2899,1968,Northeast,24836.58,Year,Y,Certified
EZYV4998,Asia,Bachelor's,N,Y,796,1999,Midwest,46567.68,Year,Y,Certified
EZYV7958,Asia,Bachelor's,Y,N,4013,1949,South,107626.7,Year,N,Certified
EZYV6777,North America,Bachelor's,N,N,29248,2013,Northeast,62192.33,Year,Y,Certified
EZYV9496,Asia,Bachelor's,Y,N,33054,2001,Midwest,82114.35,Year,Y,Certified
EZYV25199,Europe,Doctorate,N,Y,2404,1912,South,54052.97,Year,Y,Certified
EZYV12735,Asia,High School,Y,N,3410,2004,West,61533.64,Year,Y,Denied
EZYV16375,Asia,Bachelor's,Y,Y,29728,1997,West,151461.98,Year,Y,Certified
EZYV23797,Asia,Master's,Y,N,134,1996,South,99945.0,Year,Y,Certified
EZYV3081,Asia,Bachelor's,N,N,2154,1961,West,85721.94,Year,Y,Denied
EZYV23602,North America,Bachelor's,Y,N,1332,1995,West,111715.46,Year,Y,Denied
EZYV20298,Asia,High School,Y,N,4708,1997,South,51372.5,Year,Y,Certified
EZYV23840,Africa,Doctorate,Y,N,1065,1992,Northeast,36775.17,Year,Y,Certified
EZYV9166,Asia,Master's,Y,N,688,2012,Northeast,60385.59,Year,Y,Certified
EZYV5437,Africa,Master's,Y,N,3832,2001,South,207944.92,Year,Y,Certified
EZYV23756,Asia,Bachelor's,N,N,1988,1988,South,22792.38,Year,Y,Denied
EZYV17721,Asia,High School,N,N,941,1992,South,602.1622,Hour,Y,Denied
EZYV5983,Asia,Master's,Y,N,555,1981,Northeast,129744.35,Year,Y,Certified
EZYV18416,Asia,High School,Y,N,113,2014,West,33358.93,Week,Y,Denied
EZYV5519,Asia,Master's,Y,N,20146,2003,Midwest,89567.82,Year,N,Certified
EZYV14159,Asia,Master's,N,N,1259,1905,South,122474.72,Year,Y,Denied
EZYV17968,Asia,Doctorate,N,Y,2104,1997,West,99361.22,Year,Y,Certified
EZYV21424,Africa,Master's,N,N,351,1887,Northeast,32936.58,Year,Y,Certified
EZYV159,North America,Master's,Y,N,1926,1801,West,104281.71,Year,Y,Certified
EZYV24203,Asia,Bachelor's,Y,N,3032,1998,West,210095.35,Year,Y,Certified
EZYV20406,North America,Master's,N,Y,2789,1855,Northeast,84539.62,Year,Y,Denied
EZYV1900,Africa,Master's,N,N,2867,2005,Northeast,41145.76,Year,Y,Denied
EZYV1814,Asia,Master's,N,N,5441,2006,West,143481.98,Year,N,Denied
EZYV2621,Asia,Bachelor's,Y,N,1441,2012,West,55392.99,Year,Y,Certified
EZYV1131,Asia,Bachelor's,N,N,4727,1942,West,76870.4,Year,Y,Denied
EZYV7006,Asia,Master's,N,Y,3253,1996,South,147042.75,Year,Y,Certified
EZYV8011,Asia,Bachelor's,Y,N,4271,2002,South,119005.45,Year,Y,Certified
EZYV20431,Asia,Master's,Y,N,37986,1987,Midwest,5018.48,Year,Y,Certified
EZYV7385,Asia,Bachelor's,Y,N,3293,1998,West,110665.94,Year,Y,Certified
EZYV12644,Asia,Master's,Y,N,2400,2006,Midwest,138791.34,Year,Y,Certified
EZYV345,Asia,Bachelor's,N,N,3438,2013,Island,97325.13,Year,Y,Denied
EZYV16174,Asia,Bachelor's,N,N,154,1920,West,28601.68,Year,Y,Denied
EZYV24231,Asia,High School,N,N,307,1930,South,359.7006,Hour,Y,Certified
EZYV10275,Asia,Master's,N,N,2365,1985,Midwest,146810.57,Year,Y,Denied
EZYV11199,Asia,Master's,Y,N,1148,2010,Northeast,10194.35,Year,Y,Certified
EZYV319,Asia,High School,N,N,805,1898,Northeast,117.85,Hour,Y,Denied
EZYV20984,Asia,Bachelor's,Y,N,1397,2000,Northeast,136.3614,Hour,Y,Denied
EZYV5457,Asia,High School,Y,N,4412,2004,South,158409.34,Year,Y,Denied
EZYV10431,Asia,Doctorate,N,N,223,2000,South,124663.67,Year,Y,Certified
EZYV23719,Asia,Master's,N,N,2066,1978,Midwest,29101.12,Year,Y,Certified
EZYV9052,Asia,Bachelor's,Y,N,1510,1947,West,640.8977,Hour,Y,Denied
EZYV13988,Asia,Master's,Y,N,4359,1999,West,53199.97,Year,Y,Certified
EZYV16222,Asia,Bachelor's,N,N,28794,1890,West,49173.15,Year,Y,Certified
EZYV19176,North America,Master's,Y,N,5880,1850,West,15268.45,Year,Y,Certified
EZYV14611,Asia,Master's,Y,N,3856,1948,West,143917.45,Year,Y,Certified
EZYV25347,Asia,Bachelor's,N,N,3497,1984,Midwest,671.1878,Hour,Y,Denied
EZYV24368,Asia,High School,N,N,4886,1999,Midwest,154578.55,Year,Y,Denied
EZYV3768,Asia,Doctorate,N,Y,393,2006,Northeast,144295.59,Year,Y,Denied
EZYV2694,Asia,Master's,Y,N,1856,2000,Northeast,73853.33,Year,Y,Certified
EZYV11043,Europe,Master's,N,N,3977,1960,West,51455.45,Year,Y,Certified
EZYV16560,North America,Bachelor's,Y,N,3026,1998,Northeast,22766.46,Week,Y,Denied
EZYV14779,Asia,High School,Y,N,3954,1968,Northeast,43766.4,Year,Y,Denied
EZYV10073,Asia,Bachelor's,Y,N,165,1997,Northeast,93951.49,Year,Y,Certified
EZYV16377,North America,Master's,N,N,246,1970,Midwest,51720.25,Year,Y,Certified
EZYV16531,Asia,Bachelor's,Y,N,3832,2011,West,40405.67,Year,Y,Certified
EZYV7946,Europe,Master's,Y,N,1262,1997,West,7612.62,Year,Y,Certified
EZYV7612,Asia,Bachelor's,N,N,1223,1992,West,92234.76,Year,Y,Denied
EZYV17930,Asia,Bachelor's,N,N,283,1993,West,96394.87,Year,Y,Certified
EZYV15240,Asia,Bachelor's,N,N,2835,2009,Midwest,109182.95,Year,Y,Certified
EZYV20857,Asia,Bachelor's,Y,N,884,2000,South,118031.84,Year,Y,Certified
EZYV14663,Asia,High School,N,N,2287,2001,Midwest,22213.77,Year,Y,Denied
EZYV23174,Europe,Doctorate,N,N,1182,2003,West,27366.69,Year,Y,Certified
EZYV11428,Europe,Master's,N,N,4106,1902,South,126.28,Year,Y,Certified
EZYV5631,North America,Master's,Y,N,2707,2006,South,6278.09,Year,Y,Certified
EZYV10496,Asia,High School,N,N,1662,2001,Northeast,112791.2,Year,N,Denied
EZYV12190,Asia,Master's,Y,N,2172,2005,Northeast,34164.92,Year,Y,Certified
EZYV8174,Asia,Bachelor's,Y,Y,3506,1936,South,44503.62,Week,Y,Denied
EZYV6447,Asia,Bachelor's,Y,N,3248,1818,South,212219.53,Year,Y,Certified
EZYV3241,Asia,Master's,Y,N,1144,1979,South,90816.73,Year,Y,Certified
EZYV5295,North America,Bachelor's,Y,N,2461,1996,South,85840.33,Year,Y,Certified
EZYV14246,Asia,Master's,N,N,1436,2009,South,116388.77,Year,Y,Denied
EZYV11201,Europe,Bachelor's,N,N,2836,2002,South,82560.28,Year,Y,Certified
EZYV1275,Asia,Master's,Y,N,2632,2006,Midwest,68463.9,Year,N,Certified
EZYV5262,Asia,Bachelor's,Y,N,1144,2008,Northeast,52525.41,Year,Y,Denied
EZYV21557,South America,Master's,N,N,40,1996,Northeast,75617.7,Year,Y,Denied
EZYV7695,Asia,Bachelor's,N,N,2987,1883,South,50690.81,Year,Y,Certified
EZYV12156,North America,Master's,N,N,3556,1979,Midwest,33516.1,Year,Y,Certified
EZYV10748,Europe,Doctorate,Y,N,2495,1981,West,6322.71,Year,Y,Certified
EZYV8699,Asia,Bachelor's,Y,N,1221,2005,West,77954.93,Year,Y,Certified
EZYV10509,Asia,Doctorate,N,Y,682,2013,West,95728.34,Year,Y,Certified
EZYV21901,Europe,High School,N,N,228,2006,Midwest,39260.03,Year,Y,Certified
EZYV1004,Asia,Bachelor's,N,N,12487,2000,Northeast,192.8448,Hour,Y,Denied
EZYV17300,Europe,High School,N,N,2352,2003,West,42792.7,Year,Y,Certified
EZYV14982,Europe,Master's,Y,N,5467,1911,South,128683.76,Year,Y,Certified
EZYV7456,Europe,Bachelor's,Y,N,4618,1991,West,54095.28,Year,Y,Certified
EZYV11417,Asia,Master's,N,N,2754,1997,South,121213.05,Year,Y,Certified
EZYV22376,Asia,Master's,Y,N,2770,2007,West,93523.43,Year,Y,Denied
EZYV7487,Europe,Doctorate,N,N,2599,1998,South,104060.58,Year,Y,Certified
EZYV25298,Asia,Master's,Y,N,28730,1979,Northeast,76465.4,Year,Y,Certified
EZYV22593,Europe,Bachelor's,N,N,569,1819,West,36832.35,Year,Y,Denied
EZYV6515,Europe,Bachelor's,Y,N,8577,1977,West,11166.9,Year,Y,Certified
EZYV16182,Asia,Master's,N,N,117877,1997,Northeast,120306.98,Year,Y,Certified
EZYV13751,Europe,Doctorate,Y,N,6115,2008,West,29906.19,Year,Y,Certified
EZYV19817,Asia,Bachelor's,Y,Y,520,1986,West,800.4714,Hour,Y,Denied
EZYV94,Asia,High School,N,N,488,2010,Midwest,49357.95,Year,Y,Certified
EZYV10930,Europe,Doctorate,Y,N,1885,1999,Northeast,14515.06,Year,Y,Certified
EZYV18557,Asia,Master's,N,N,12950,2001,Northeast,171976.84,Year,N,Certified
EZYV18503,Asia,Bachelor's,Y,N,3522,1853,West,96273.78,Year,Y,Certified
EZYV17077,South America,High School,N,Y,2382,1850,Midwest,26416.25,Year,Y,Certified
EZYV19300,Asia,Bachelor's,N,N,80835,1997,Northeast,720.7323,Hour,Y,Denied
EZYV8692,Asia,Bachelor's,Y,N,3589,1873,South,30973.32,Year,Y,Certified
EZYV6455,North America,High School,Y,Y,1697,1980,Northeast,101072.12,Year,Y,Certified
EZYV5542,Asia,Bachelor's,N,N,2162,2007,West,106537.76,Year,Y,Certified
EZYV13047,Asia,Master's,Y,N,3513,2006,Midwest,153235.36,Year,Y,Certified
EZYV2125,North America,High School,Y,N,25994,1994,West,204663.03,Year,N,Certified
EZYV3166,Asia,Doctorate,Y,N,6908,1999,South,34056.76,Year,Y,Certified
EZYV1704,Asia,High School,Y,N,57909,1888,West,67786.77,Year,N,Denied
EZYV13689,Asia,Master's,Y,N,59611,1993,South,161699.75,Week,Y,Certified
EZYV15955,Asia,Master's,N,N,918,1869,South,13959.81,Year,Y,Certified
EZYV8297,Asia,Bachelor's,Y,N,968,2007,South,558.5524,Hour,Y,Certified
EZYV14457,Asia,High School,N,N,494,1983,South,113427.01,Year,Y,Denied
EZYV12136,Asia,Master's,Y,N,584,2005,Midwest,211252.65,Year,Y,Certified
EZYV18929,Asia,High School,N,N,1560,1996,West,30542.17,Year,Y,Certified
EZYV4903,Asia,Master's,N,N,3676,1971,Midwest,171140.02,Year,Y,Certified
EZYV2695,Asia,Bachelor's,N,Y,869,1999,Midwest,49651.95,Year,Y,Denied
EZYV18334,Europe,Doctorate,N,N,6918,2005,West,137154.61,Year,Y,Certified
EZYV11171,Asia,Master's,N,N,1151,2011,Northeast,143835.92,Year,N,Certified
EZYV24253,Asia,Bachelor's,Y,N,2626,1960,Northeast,44871.53,Year,Y,Certified
EZYV5595,Europe,Master's,N,N,900,1986,South,172729.36,Year,Y,Certified
EZYV1871,Asia,Doctorate,N,N,2317,2005,Midwest,154247.76,Year,Y,Certified
EZYV23293,Asia,Bachelor's,N,N,225,1838,Midwest,94724.78,Year,Y,Denied
EZYV8796,Asia,Master's,N,N,687,1999,Midwest,133236.4,Year,Y,Certified
EZYV2533,Asia,Master's,Y,N,4365,1838,Midwest,148542.75,Year,Y,Certified
EZYV25231,Asia,Doctorate,Y,Y,1747,1998,West,139749.58,Year,Y,Denied
EZYV9973,North America,Master's,N,N,1644,2009,Northeast,41979.51,Year,Y,Certified
EZYV10887,North America,Bachelor's,Y,N,762,1962,South,29185.23,Year,Y,Denied
EZYV8957,South America,Bachelor's,Y,N,717,1999,South,63100.65,Year,Y,Certified
EZYV17509,Asia,Bachelor's,N,N,1603,2002,Northeast,419.8784,Hour,Y,Denied
EZYV10759,North America,Doctorate,Y,N,2849,1997,Midwest,111341.93,Year,Y,Certified
EZYV10194,Asia,Master's,N,N,1950,2013,South,60665.05,Year,Y,Denied
EZYV1020,Europe,Doctorate,Y,N,2631,1998,Midwest,110391.42,Year,Y,Certified
EZYV1089,Asia,Bachelor's,Y,N,5319,2012,Midwest,254.778,Hour,Y,Certified
EZYV10834,Asia,Master's,Y,N,2638,1892,South,139520.5,Year,N,Certified
EZYV18295,Asia,Master's,Y,N,5002,2000,South,25285.27,Year,N,Certified
EZYV13110,Europe,Master's,N,Y,261,2004,West,3373.94,Year,Y,Certified
EZYV6702,Africa,High School,N,N,21,2006,Midwest,134399.64,Year,Y,Denied
EZYV8841,Asia,Bachelor's,Y,N,1279,1977,West,106027.64,Year,Y,Certified
EZYV23812,South America,Bachelor's,Y,N,2061,2000,Northeast,53645.3,Year,Y,Denied
EZYV13444,Asia,Bachelor's,Y,N,6569,2011,West,7417.8,Year,Y,Certified
EZYV23998,North America,Master's,N,N,935,2006,West,95275.11,Year,Y,Denied
EZYV8822,Asia,Master's,Y,N,3802,1989,Northeast,71914.27,Year,N,Certified
EZYV2938,Asia,Bachelor's,N,N,1897,1998,South,53779.21,Year,Y,Denied
EZYV15358,Europe,High School,Y,Y,4966,1902,West,8312.3,Year,Y,Denied
EZYV19974,Europe,Bachelor's,Y,N,2369,1817,West,74362.18,Year,Y,Certified
EZYV23904,Europe,High School,N,N,96728,1882,South,69320.47,Year,Y,Certified
EZYV733,Asia,Bachelor's,N,N,2377,1989,South,225.6413,Hour,Y,Certified
EZYV15368,Asia,Master's,N,Y,2145,1998,South,67084.76,Year,Y,Certified
EZYV4078,Asia,High School,N,N,808,1977,Northeast,32072.67,Year,Y,Denied
EZYV23561,North America,Bachelor's,N,N,1428,1978,Northeast,221.6878,Hour,Y,Denied
EZYV12183,North America,Doctorate,Y,N,5931,1959,West,10100.66,Year,Y,Certified
EZYV21515,North America,Bachelor's,N,N,3880,2010,Northeast,116002.76,Year,Y,Certified
EZYV12331,Asia,Master's,N,Y,2482,1976,Island,66072.77,Year,Y,Certified
EZYV16007,Europe,Master's,N,N,3237,1998,West,48750.63,Year,Y,Certified
EZYV20970,Europe,Bachelor's,Y,N,29736,2010,South,5238.4,Year,Y,Denied
EZYV23529,Asia,Master's,N,Y,1411,2011,West,66016.42,Year,Y,Denied
EZYV8815,Asia,High School,Y,N,897,2006,Midwest,75820.24,Year,Y,Denied
EZYV5126,Asia,Master's,N,N,4116,2003,South,605.1812,Hour,Y,Certified
EZYV11883,Europe,High School,Y,N,228,2012,Northeast,47943.58,Year,Y,Denied
EZYV13100,Europe,Doctorate,Y,N,6200,1999,West,30589.06,Year,Y,Certified
EZYV7155,Asia,Master's,Y,N,2541,2008,Northeast,57638.36,Year,Y,Certified
EZYV8797,Asia,Bachelor's,N,N,749,1994,West,90834.51,Year,Y,Certified
EZYV18206,North America,Bachelor's,N,N,1817,2010,West,63444.38,Year,Y,Denied
EZYV5435,Asia,Master's,Y,N,1989,1902,Northeast,106533.08,Year,Y,Certified
EZYV7617,Asia,High School,Y,N,966,2010,South,15327.16,Year,Y,Denied
EZYV24681,Asia,Master's,Y,N,1692,2006,Northeast,72337.3,Year,Y,Certified
EZYV13015,Asia,Master's,N,N,77923,1904,West,120139.85,Year,Y,Certified
EZYV19993,Europe,Master's,Y,N,451,1984,West,29513.6,Year,Y,Certified
EZYV13387,Europe,Doctorate,Y,N,1962,2012,West,64103.54,Year,Y,Certified
EZYV8851,Asia,High School,Y,N,1584,1804,South,159688.85,Year,N,Denied
EZYV2547,Asia,Master's,Y,N,2415,1990,Northeast,68048.52,Year,Y,Certified
EZYV3693,Asia,Bachelor's,N,Y,692,2007,Northeast,27785.74,Year,Y,Denied
EZYV18218,North America,Doctorate,N,Y,83,1947,South,60351.77,Year,Y,Certified
EZYV14675,Asia,Master's,Y,Y,1986,2013,South,132164.41,Year,Y,Certified
EZYV4444,North America,Master's,N,Y,942,1988,South,51763.05,Year,Y,Denied
EZYV8391,Europe,Bachelor's,N,N,3413,1985,West,69162.29,Year,Y,Certified
EZYV3353,Asia,Doctorate,Y,N,4949,1871,West,121542.64,Year,Y,Certified
EZYV6012,Europe,Doctorate,N,N,2793,1997,West,11594.9,Year,Y,Certified
EZYV8874,Asia,Master's,Y,N,3778,1968,West,82057.38,Year,Y,Certified
EZYV24513,Asia,Bachelor's,Y,N,2307,2006,Northeast,29342.8,Year,Y,Certified
EZYV16207,North America,High School,Y,Y,1022,2007,South,699.0667,Hour,Y,Denied
EZYV8438,Asia,Master's,Y,N,2488,1960,Midwest,98414.12,Year,Y,Certified
EZYV12100,Asia,Bachelor's,Y,N,2443,2004,West,559.6412,Hour,Y,Denied
EZYV24070,Asia,Doctorate,Y,N,1188,2002,Northeast,6562.91,Year,Y,Certified
EZYV16762,Europe,Bachelor's,Y,N,2570,2013,Island,184383.63,Year,Y,Denied
EZYV11970,Asia,Bachelor's,Y,N,1241,1993,Northeast,103063.25,Year,Y,Certified
EZYV15617,Asia,Bachelor's,Y,N,4148,2003,South,60821.64,Year,Y,Certified
EZYV22814,Asia,High School,Y,N,440,1999,South,59935.94,Year,Y,Certified
EZYV614,Asia,Master's,Y,N,3298,2005,South,47844.12,Year,N,Certified
EZYV11824,Asia,Bachelor's,N,N,236,1998,West,5572.96,Year,Y,Denied
EZYV12286,Asia,Master's,N,N,2494,1999,Northeast,161174.19,Year,N,Denied
EZYV24603,Asia,Bachelor's,Y,N,1514,2008,West,64632.63,Year,Y,Denied
EZYV10980,Asia,Master's,Y,N,1985,2004,West,180523.3,Year,Y,Certified
EZYV5235,Asia,Bachelor's,Y,N,2178,2013,South,3065.4,Year,Y,Denied
EZYV16677,Asia,Bachelor's,N,N,719,2005,Island,120591.93,Year,Y,Certified
EZYV2482,Asia,Bachelor's,N,N,774,1994,West,208805.24,Year,Y,Denied
EZYV7682,South America,High School,Y,N,2945,1995,Northeast,50289.88,Year,Y,Certified
EZYV18568,North America,Doctorate,N,N,1953,2009,Midwest,16873.86,Year,Y,Certified
EZYV11759,Asia,Master's,N,N,1158,2000,Midwest,129289.13,Year,Y,Certified
EZYV13274,North America,High School,N,N,4881,2011,West,52207.77,Year,Y,Denied
EZYV9059,Asia,Bachelor's,Y,Y,3194,1891,Northeast,83104.95,Year,Y,Certified
EZYV17386,Asia,Master's,N,N,751,1997,Midwest,294945.51,Year,Y,Certified
EZYV1407,Asia,Master's,Y,N,1772,1993,Northeast,53783.93,Year,Y,Certified
EZYV5424,Europe,Bachelor's,N,N,2215,2000,West,19618.82,Year,Y,Certified
EZYV11667,Asia,Bachelor's,Y,N,2215,2009,South,60777.6,Year,Y,Denied
EZYV14320,Asia,Bachelor's,Y,N,5057,1999,West,66248.38,Year,Y,Denied
EZYV23996,Asia,Master's,Y,N,1714,1998,Northeast,141.57,Hour,Y,Denied
EZYV10881,Asia,Master's,Y,N,1699,1991,Northeast,134648.35,Year,Y,Certified
EZYV9293,Asia,Bachelor's,N,N,4135,2003,West,643.4375,Hour,Y,Denied
EZYV9009,Asia,Bachelor's,Y,N,1467,1956,West,228937.44,Year,Y,Certified
EZYV22996,Europe,Doctorate,N,Y,920,1984,West,36011.06,Year,Y,Denied
EZYV19858,North America,Bachelor's,Y,Y,78,2000,Northeast,138883.29,Year,Y,Denied
EZYV23202,Asia,Bachelor's,N,N,1728,1999,Northeast,97629.25,Year,Y,Denied
EZYV8321,Asia,Doctorate,N,Y,2248,1997,South,128239.79,Year,Y,Certified
EZYV24920,North America,Master's,N,N,604,2010,South,141.3244,Hour,Y,Denied
EZYV21510,Asia,Master's,Y,N,1770,1989,West,126153.78,Year,Y,Denied
EZYV9649,North America,Bachelor's,N,N,54858,1991,West,251730.64,Year,Y,Denied
EZYV8459,Asia,Bachelor's,Y,N,4473,1915,Northeast,154026.23,Year,Y,Denied
EZYV18445,Asia,Master's,Y,N,321,2015,Midwest,737.4491,Hour,Y,Denied
EZYV2839,Europe,Doctorate,Y,N,107586,1848,Northeast,46924.36,Year,Y,Certified
EZYV3985,North America,Bachelor's,Y,N,1005,1947,Northeast,253.0191,Hour,Y,Denied
EZYV4437,North America,Master's,N,N,124,2006,Northeast,100.51,Hour,Y,Denied
EZYV10084,Asia,Doctorate,N,N,3653,1851,South,80837.23,Year,N,Certified
EZYV24094,Asia,Master's,N,N,2208,2004,Northeast,62587.59,Year,Y,Certified
EZYV22035,Asia,High School,Y,N,2769,2012,West,37185.38,Week,Y,Certified
EZYV23597,North America,High School,N,N,1423,2006,Midwest,106395.57,Year,N,Denied
EZYV9677,North America,Bachelor's,N,N,1900,2012,South,183.9091,Hour,Y,Certified
EZYV18315,North America,Bachelor's,N,N,65,1993,Northeast,101.1,Hour,Y,Denied
EZYV8237,Europe,Doctorate,N,N,2997,1833,West,63100.22,Year,Y,Certified
EZYV19198,Asia,Bachelor's,N,N,3538,2002,West,170660.5,Year,Y,Certified
EZYV4708,Europe,Master's,N,N,2326,1988,West,228941.33,Year,Y,Denied
EZYV9714,Asia,Bachelor's,N,N,5196,2015,Northeast,133634.78,Year,N,Denied
EZYV9609,Asia,Bachelor's,Y,N,3328,1988,South,36034.11,Year,Y,Denied
EZYV11562,Asia,Bachelor's,Y,N,1536,1865,West,56938.64,Year,Y,Denied
EZYV20571,Asia,Bachelor's,Y,N,963,1962,West,141166.84,Year,Y,Certified
EZYV17068,Asia,Bachelor's,Y,N,355,1838,West,157009.87,Month,Y,Certified
EZYV5641,Asia,Bachelor's,N,N,2615,2011,South,46272.56,Year,Y,Denied
EZYV20909,Asia,Bachelor's,Y,N,6908,1964,South,29831.5,Year,Y,Denied
EZYV7143,Asia,Bachelor's,N,Y,3586,1997,West,67911.59,Year,Y,Denied
EZYV13537,Asia,Bachelor's,Y,N,4407,1997,West,4330.79,Year,Y,Denied
EZYV12678,Asia,High School,N,N,3001,1991,South,30.8737,Hour,Y,Denied
EZYV21505,Asia,High School,Y,N,2144,2007,Midwest,221058.13,Year,Y,Denied
EZYV21325,Asia,High School,N,N,2213,1940,West,71637.77,Year,Y,Denied
EZYV17892,North America,Master's,Y,N,9315,1989,Midwest,59877.19,Year,Y,Certified
EZYV4794,Asia,Bachelor's,N,N,257,1997,South,70578.45,Year,Y,Denied
EZYV7733,Europe,Doctorate,N,N,5224,1951,South,54989.09,Year,Y,Certified
EZYV16982,Asia,Master's,N,N,165,2005,Midwest,144724.07,Year,Y,Certified
EZYV22460,Asia,Bachelor's,Y,N,196,2004,South,2390.83,Year,Y,Certified
EZYV25064,Asia,Master's,Y,N,3771,2004,Northeast,130996.02,Year,N,Denied
EZYV5953,North America,Master's,N,N,2814,2010,South,25331.14,Year,Y,Denied
EZYV8930,North America,Doctorate,N,N,654,2007,South,75036.41,Year,Y,Certified
EZYV13398,South America,Master's,N,N,2507,1981,South,113381.58,Year,Y,Certified
EZYV14516,Asia,Doctorate,N,N,3268,1995,South,123407.28,Year,Y,Denied
EZYV25112,Asia,High School,Y,N,9168,1981,Northeast,113502.52,Year,Y,Certified
EZYV20842,Asia,Master's,Y,N,558,1998,South,100211.55,Year,Y,Certified
EZYV198,Europe,Master's,N,Y,2752,2006,South,21511.58,Year,Y,Certified
EZYV21699,Asia,High School,N,N,2137,2008,Midwest,198182.81,Year,Y,Certified
EZYV25227,South America,Master's,N,N,2436,1988,West,384.1782,Hour,Y,Certified
EZYV3428,North America,Bachelor's,Y,N,10185,1999,South,107729.24,Year,Y,Denied
EZYV11621,Europe,Doctorate,N,N,1971,2001,South,81660.94,Year,Y,Certified
EZYV16676,Asia,Bachelor's,Y,N,436,1934,Northeast,89648.45,Year,Y,Certified
EZYV5914,Asia,Doctorate,Y,N,3891,1997,Northeast,59788.42,Year,Y,Certified
EZYV19509,Asia,Bachelor's,Y,N,5644,1903,South,34365.45,Year,Y,Certified
EZYV6901,Europe,Bachelor's,Y,N,1910,2004,Northeast,57521.34,Year,Y,Denied
EZYV22477,Asia,Master's,N,N,2384,1977,Midwest,130705.18,Year,Y,Certified
EZYV16418,Asia,Bachelor's,Y,N,4237,1971,Midwest,48117.86,Year,Y,Certified
EZYV13057,Europe,Master's,Y,N,1632,1841,South,77155.86,Year,Y,Certified
EZYV7711,Asia,High School,Y,N,917,1990,Northeast,107636.53,Year,Y,Denied
EZYV10328,Asia,Master's,Y,N,2659,1976,Midwest,110008.57,Year,Y,Certified
EZYV4841,Asia,Bachelor's,Y,N,429,1995,Midwest,44986.24,Month,Y,Certified
EZYV17484,Asia,Master's,N,N,1932,1998,Midwest,133719.74,Year,Y,Denied
EZYV18144,Asia,High School,Y,N,3654,1978,Northeast,103897.57,Year,Y,Certified
EZYV10116,Asia,Bachelor's,N,N,2836,1986,Midwest,163371.86,Year,Y,Certified
EZYV24813,Europe,Bachelor's,N,N,1985,2003,South,76313.45,Year,Y,Denied
EZYV2729,Asia,Master's,N,N,12104,2005,West,48536.48,Year,Y,Denied
EZYV1158,Asia,Master's,Y,N,1016,2005,West,627.9543,Hour,Y,Certified
EZYV7606,Asia,Master's,Y,N,1484,2003,West,97517.88,Year,N,Certified
EZYV19526,North America,Master's,Y,N,3710,1988,Northeast,41529.88,Year,Y,Certified
EZYV4407,Asia,Bachelor's,Y,N,73686,1999,South,177.89,Year,Y,Denied
EZYV7965,Asia,Bachelor's,Y,N,2774,2012,Midwest,117109.12,Year,N,Certified
EZYV9525,Europe,Doctorate,N,N,2003,1959,South,12709.21,Year,Y,Certified
EZYV20733,South America,High School,N,N,612,1995,West,97.3218,Hour,Y,Denied
EZYV3564,Asia,Master's,Y,N,1002,1884,Midwest,130009.87,Year,Y,Certified
EZYV13269,South America,High School,Y,N,1476,1991,Northeast,13334.71,Year,Y,Denied
EZYV21975,Europe,Bachelor's,Y,N,563,1997,West,11828.43,Year,Y,Certified
EZYV19308,Asia,Doctorate,Y,N,662,1990,West,117254.98,Year,Y,Certified
EZYV19869,North America,Master's,Y,N,1653,1946,Northeast,9813.66,Year,Y,Certified
EZYV16003,North America,Bachelor's,Y,N,1657,2012,West,82780.17,Year,Y,Certified
EZYV14299,Asia,Master's,Y,N,209,1965,Midwest,39544.26,Year,Y,Certified
EZYV16694,Asia,Master's,N,N,107,2012,Northeast,409.975,Hour,Y,Denied
EZYV14300,Asia,Master's,Y,N,1908,2003,West,82195.61,Year,Y,Certified
EZYV25407,Asia,High School,Y,N,4806,2006,Northeast,137125.01,Year,Y,Certified
EZYV20448,Europe,Bachelor's,N,N,993,2011,West,6694.46,Year,Y,Certified
EZYV2259,Europe,Master's,N,N,4921,1998,South,66295.34,Year,N,Certified
EZYV14830,Asia,Bachelor's,N,N,2637,2010,Northeast,101617.86,Year,Y,Certified
EZYV22820,South America,High School,Y,N,4062,1994,Midwest,22430.47,Year,Y,Denied
EZYV14399,Asia,High School,Y,N,2052,1898,West,522.2423,Hour,Y,Denied
EZYV13648,Europe,Bachelor's,N,N,935,1986,Northeast,343.0688,Hour,Y,Denied
EZYV13070,Asia,Doctorate,Y,N,26503,2007,Northeast,66285.81,Year,Y,Certified
EZYV17702,Asia,Bachelor's,N,N,531,2009,West,104416.31,Year,Y,Certified
EZYV4339,Europe,Doctorate,N,Y,501,1986,Northeast,73749.93,Year,Y,Certified
EZYV10715,Asia,Bachelor's,Y,N,104317,1998,Northeast,19279.24,Year,Y,Denied
EZYV14250,South America,Bachelor's,Y,N,5043,1986,Northeast,100517.62,Year,Y,Denied
EZYV6598,Asia,Master's,Y,Y,1458,2000,Northeast,112346.11,Year,Y,Certified
EZYV14347,Asia,Master's,N,N,1829,1999,South,281582.84,Year,N,Denied
EZYV22578,Africa,Master's,N,N,5918,2012,Northeast,85939.76,Year,Y,Certified
EZYV7693,Asia,Master's,N,N,206,1885,South,124628.13,Year,N,Certified
EZYV2364,Asia,Master's,N,N,488,1997,South,87200.56,Year,Y,Certified
EZYV338,North America,Bachelor's,N,Y,2747,1994,Northeast,42321.96,Year,Y,Denied
EZYV19689,North America,Bachelor's,Y,N,3053,2004,South,28257.56,Year,Y,Denied
EZYV9122,Asia,Bachelor's,N,N,3206,2007,South,145564.76,Year,Y,Certified
EZYV14918,Asia,Master's,N,N,2613,2013,Northeast,16.7318,Hour,Y,Denied
EZYV22244,Europe,High School,Y,N,189,1999,Northeast,94698.97,Year,Y,Certified
EZYV15146,Asia,Bachelor's,Y,N,3658,1982,West,94773.42,Year,Y,Certified
EZYV12911,Asia,High School,Y,N,2603,1998,West,84919.52,Year,Y,Denied
EZYV475,Asia,Doctorate,N,N,1006,2009,South,23389.53,Year,Y,Certified
EZYV22168,Asia,Master's,Y,N,14339,1889,Midwest,143693.23,Year,Y,Certified
EZYV14344,South America,Master's,Y,N,2340,1998,Northeast,527.6657,Hour,Y,Denied
EZYV9252,North America,Master's,N,N,3136,1981,Midwest,58191.8,Year,Y,Certified
EZYV9246,Asia,Doctorate,Y,N,1575,2003,Island,82428.39,Year,Y,Certified
EZYV15306,Asia,Bachelor's,Y,N,824,1968,Northeast,201123.05,Year,N,Denied
EZYV25382,Asia,Bachelor's,N,Y,1764,2002,Northeast,101486.22,Year,Y,Denied
EZYV3152,Asia,Bachelor's,Y,N,595,1981,South,70460.1,Year,Y,Certified
EZYV17858,Europe,Master's,N,N,3564,2007,Northeast,67398.82,Year,Y,Certified
EZYV17433,Asia,Master's,N,Y,134,2000,West,123584.93,Year,Y,Certified
EZYV6202,Asia,Bachelor's,Y,N,1615,1999,South,99812.43,Year,Y,Denied
EZYV14939,Asia,Bachelor's,Y,N,3922,2006,Midwest,52463.16,Year,Y,Certified
EZYV22349,North America,Bachelor's,N,N,194312,2000,West,62589.28,Year,Y,Certified
EZYV20063,Asia,Master's,Y,N,4174,1912,Northeast,4797.89,Year,Y,Certified
EZYV23729,Asia,Master's,N,N,3576,2010,South,132044.06,Year,N,Certified
EZYV9965,Asia,Master's,Y,N,269,2009,South,37960.11,Year,Y,Certified
EZYV3370,Asia,Master's,Y,Y,3534,1996,South,27621.53,Year,Y,Certified
EZYV235,Europe,Bachelor's,N,N,2771,1975,West,100786.62,Year,Y,Certified
EZYV11869,Asia,High School,Y,N,5260,1986,Midwest,70285.33,Year,Y,Denied
EZYV1434,Europe,Bachelor's,Y,N,1342,2013,South,56975.77,Year,Y,Certified
EZYV22812,Africa,Master's,N,N,885,2009,Northeast,50041.81,Year,Y,Certified
EZYV10947,Oceania,Bachelor's,N,N,3215,1986,West,45294.27,Year,Y,Certified
EZYV16829,North America,High School,N,N,2856,2004,Midwest,109121.62,Year,Y,Denied
EZYV10243,Asia,Bachelor's,Y,N,3342,1998,Northeast,106700.22,Year,Y,Denied
EZYV10825,Asia,Master's,Y,N,1867,1999,South,71548.97,Year,Y,Certified
EZYV2167,Asia,Master's,N,Y,259,1998,South,22800.25,Year,Y,Certified
EZYV5901,North America,Master's,N,N,4554,1999,Northeast,79313.36,Year,N,Certified
EZYV501,Asia,Master's,Y,N,1245,2012,Midwest,92549.52,Year,N,Certified
EZYV19098,Asia,Master's,Y,N,3777,1977,Midwest,112031.54,Year,Y,Certified
EZYV8041,Asia,Master's,N,N,3026,1995,Northeast,336.9514,Hour,Y,Certified
EZYV5003,Asia,Bachelor's,N,N,4888,1988,Northeast,113881.29,Year,Y,Certified
EZYV22413,Europe,Master's,N,N,2929,1979,West,28164.35,Year,Y,Certified
EZYV113,Asia,Bachelor's,Y,N,2421,1974,South,87336.53,Year,Y,Certified
EZYV7130,Asia,Bachelor's,Y,N,3460,1960,West,73095.1,Year,Y,Certified
EZYV14909,Asia,Bachelor's,N,N,3327,1878,Midwest,125661.75,Year,Y,Certified
EZYV13515,Asia,High School,Y,N,2541,1971,Northeast,104081.09,Year,Y,Denied
EZYV8489,Asia,High School,Y,N,2835,1947,South,50.8813,Hour,Y,Denied
EZYV904,Asia,Master's,Y,N,4215,1915,Northeast,23954.31,Year,Y,Certified
EZYV17309,Europe,High School,N,N,3904,2010,South,49571.2,Year,Y,Certified
EZYV20457,Asia,Master's,Y,Y,1653,2001,Northeast,127012.42,Year,Y,Certified
EZYV15373,Asia,Master's,N,N,16198,2005,Northeast,89630.46,Year,N,Certified
EZYV16372,Asia,Master's,N,N,3716,1949,South,110344.92,Year,Y,Denied
EZYV8914,North America,Bachelor's,N,N,3109,1993,Northeast,22324.16,Year,Y,Denied
EZYV16334,Asia,Master's,Y,N,4228,2010,Northeast,129559.22,Year,N,Denied
EZYV943,North America,High School,N,N,2449,1974,Northeast,229950.7,Week,Y,Denied
EZYV21324,Europe,Bachelor's,N,Y,3810,2013,West,62346.51,Year,Y,Certified
EZYV1154,Asia,Master's,Y,N,5347,2004,South,73435.36,Year,Y,Certified
EZYV24233,Asia,Master's,Y,N,3863,1994,South,75988.29,Year,Y,Certified
EZYV25091,Asia,Bachelor's,N,N,568,1897,Midwest,68158.16,Year,Y,Certified
EZYV19011,Asia,High School,N,N,1659,2001,Northeast,40192.77,Year,Y,Certified
EZYV10353,Asia,Bachelor's,N,N,25078,1981,West,125807.4,Year,Y,Denied
EZYV10976,Europe,Bachelor's,Y,Y,364,2013,West,223098.15,Year,N,Certified
EZYV21774,Europe,High School,N,Y,1476,2015,Northeast,62905.54,Year,Y,Denied
EZYV12553,Asia,High School,N,N,1320,2012,Northeast,3209.68,Year,Y,Denied
EZYV4372,Asia,Master's,Y,N,1726,1984,Midwest,145363.03,Year,Y,Certified
EZYV24709,Europe,Master's,Y,N,3439,1876,West,53016.75,Year,Y,Certified
EZYV9802,Asia,Master's,Y,N,1222,2007,Northeast,18071.67,Year,Y,Certified
EZYV25467,Europe,Bachelor's,Y,N,1938,2005,West,6973.4,Year,Y,Denied
EZYV11408,North America,Master's,N,N,14360,1987,Island,133404.82,Year,Y,Denied
EZYV22525,Asia,Bachelor's,Y,N,4430,1997,Northeast,33929.97,Year,Y,Certified
EZYV8960,Asia,Master's,Y,N,1345,2004,West,67116.28,Year,Y,Certified
EZYV4175,Asia,Master's,Y,N,1261,2006,Midwest,93838.91,Year,Y,Certified
EZYV2130,Asia,Master's,Y,N,1691,2003,Northeast,41649.56,Year,N,Certified
EZYV25266,Asia,Bachelor's,Y,N,1160,1998,Midwest,90327.59,Year,Y,Denied
EZYV9011,Asia,High School,N,N,1564,1993,South,433.7437,Hour,Y,Denied
EZYV8056,Europe,Bachelor's,N,Y,4382,1989,South,109759.64,Year,Y,Certified
EZYV7091,Asia,Master's,Y,N,928,2008,Midwest,112107.8,Year,Y,Certified
EZYV11988,Asia,Bachelor's,N,Y,646,2010,South,125729.45,Year,Y,Certified
EZYV2481,Europe,Master's,Y,N,1306,2006,West,36687.83,Year,Y,Certified
EZYV17742,Asia,Doctorate,Y,N,4811,1989,Northeast,31744.55,Year,Y,Certified
EZYV12129,Asia,Master's,Y,N,992,2006,Northeast,134.89,Hour,Y,Certified
EZYV13500,North America,Master's,N,N,687,1988,West,46531.75,Year,Y,Certified
EZYV21548,Asia,High School,N,Y,385,1920,Northeast,235454.33,Year,Y,Certified
EZYV15842,Asia,Bachelor's,Y,N,3399,2005,West,65351.6,Year,Y,Denied
EZYV19221,Asia,Bachelor's,N,N,4318,1970,West,161.3074,Hour,Y,Certified
EZYV462,North America,Bachelor's,N,Y,2999,2006,South,172504.71,Year,Y,Certified
EZYV3008,Asia,Bachelor's,Y,N,2587,2002,West,44996.84,Year,Y,Certified
EZYV872,Asia,Master's,N,N,367,2016,Midwest,107772.42,Year,Y,Certified
EZYV2937,Europe,Master's,N,N,224,2003,West,7184.13,Year,Y,Certified
EZYV7363,Europe,Bachelor's,N,Y,3992,2003,Midwest,85850.98,Year,Y,Certified
EZYV25157,Asia,High School,Y,N,3227,1985,West,65292.22,Year,N,Certified
EZYV10206,Asia,High School,Y,N,2924,1937,West,341.808,Hour,Y,Denied
EZYV17459,Asia,Master's,N,N,2961,1999,South,37983.27,Year,Y,Certified
EZYV9093,Asia,Master's,Y,N,2805,1951,Northeast,84247.91,Year,Y,Certified
EZYV13713,Asia,Bachelor's,N,N,413,1990,South,108.59,Hour,Y,Denied
EZYV10914,North America,High School,Y,Y,2668,1870,Northeast,122912.17,Year,Y,Denied
EZYV22964,Asia,Master's,N,N,242,1995,West,63602.49,Year,Y,Denied
EZYV8228,Europe,Master's,Y,N,1755,1979,West,71578.37,Year,Y,Certified
EZYV13764,Europe,Master's,Y,Y,3710,1979,Midwest,20610.17,Year,Y,Certified
EZYV4787,North America,Bachelor's,Y,N,1678,1834,Midwest,102780.96,Year,Y,Certified
EZYV12505,Asia,High School,Y,N,3625,1994,South,86772.18,Year,Y,Denied
EZYV2981,Asia,Bachelor's,N,N,3174,2007,West,136425.39,Year,Y,Denied
EZYV20166,Asia,Master's,Y,N,4513,1986,South,67742.59,Year,N,Certified
EZYV18133,North America,Bachelor's,Y,N,2629,1997,Northeast,91683.19,Year,Y,Certified
EZYV18291,Asia,Doctorate,Y,N,14839,2010,South,19829.34,Year,Y,Certified
EZYV2752,Asia,Bachelor's,Y,Y,1811,1969,West,79583.46,Year,Y,Certified
EZYV4278,Europe,High School,N,Y,5752,1999,South,82305.59,Year,Y,Denied
EZYV8040,North America,Master's,Y,N,33570,1996,South,74387.29,Year,N,Certified
EZYV8182,Asia,Master's,Y,N,7477,2012,South,67676.59,Year,N,Certified
EZYV9805,Asia,Bachelor's,Y,N,1400,2004,South,56847.22,Year,Y,Certified
EZYV140,Asia,Master's,Y,N,54,1988,South,47002.53,Year,N,Certified
EZYV8279,Asia,Master's,Y,N,3575,2005,Northeast,865.0057,Hour,Y,Certified
EZYV13113,Asia,Bachelor's,Y,N,4308,1947,Midwest,83353.73,Year,Y,Certified
EZYV1165,Asia,Master's,Y,N,4092,1998,Midwest,150034.38,Year,Y,Certified
EZYV23208,Asia,Bachelor's,N,Y,751,2010,South,110633.9,Year,Y,Certified
EZYV20002,Asia,High School,Y,N,817,1998,South,222868.81,Year,Y,Certified
EZYV3278,Asia,Master's,N,N,116,1956,West,131.0796,Hour,Y,Denied
EZYV25457,Asia,Bachelor's,Y,N,998,1996,South,67340.65,Year,Y,Certified
EZYV11897,Asia,Master's,N,N,1606,2010,West,126516.39,Year,Y,Certified
EZYV14105,Africa,Master's,N,N,1004,1929,Northeast,132289.27,Year,Y,Certified
EZYV8649,Asia,Doctorate,N,N,741,2000,South,91740.25,Year,Y,Certified
EZYV24638,Asia,Bachelor's,Y,N,524,1973,South,176.8885,Hour,Y,Certified
EZYV270,Asia,Bachelor's,N,Y,1546,1850,South,162990.52,Year,Y,Certified
EZYV17375,Asia,Bachelor's,N,N,2594,2003,West,83919.41,Year,Y,Certified
EZYV24050,Asia,High School,N,N,1182,2010,South,136010.17,Year,Y,Denied
EZYV12859,Asia,Bachelor's,N,N,4923,2010,South,540.33,Hour,Y,Denied
EZYV8656,Asia,Bachelor's,Y,N,1727,1851,South,81620.84,Year,Y,Certified
EZYV16678,Oceania,Bachelor's,Y,Y,1195,1991,South,40905.3,Year,Y,Certified
EZYV1388,North America,Bachelor's,Y,N,4491,2006,South,68129.09,Year,Y,Certified
EZYV4430,Asia,Master's,N,N,3243,2008,South,32903.96,Year,N,Denied
EZYV12776,North America,Bachelor's,Y,N,4594,2006,South,53523.79,Year,N,Denied
EZYV13379,Africa,Master's,N,N,1387,2004,South,34362.28,Year,Y,Certified
EZYV14670,Europe,Doctorate,N,N,1371,1909,South,17249.08,Year,Y,Certified
EZYV12686,Asia,Bachelor's,N,N,119318,1999,West,502.853,Hour,Y,Certified
EZYV8129,North America,Bachelor's,Y,N,214,1997,Island,76545.36,Year,Y,Certified
EZYV13749,Europe,Master's,Y,N,2818,1994,West,74963.35,Year,Y,Certified
EZYV21945,Africa,Master's,Y,N,-25,1977,Midwest,79150.51,Year,Y,Certified
EZYV11511,Asia,Bachelor's,Y,N,47,2010,South,56241.2,Year,Y,Certified
EZYV1854,Asia,Master's,N,N,4314,1968,Northeast,50688.45,Year,Y,Denied
EZYV6882,Europe,Bachelor's,N,N,465,1985,West,29739.52,Year,Y,Certified
EZYV13903,Asia,Master's,Y,N,4546,2014,Northeast,59875.21,Year,Y,Certified
EZYV15680,Asia,Master's,Y,N,3480,1995,West,476.6519,Hour,Y,Certified
EZYV12593,Europe,Master's,N,Y,2998,2006,Midwest,78613.07,Year,Y,Certified
EZYV3086,Asia,Master's,Y,N,1529,2009,South,121190.07,Year,Y,Certified
EZYV2849,Asia,Bachelor's,Y,N,2122,1997,Northeast,52130.26,Year,Y,Certified
EZYV1056,Europe,High School,Y,Y,1777,2011,Northeast,118280.52,Year,Y,Denied
EZYV14589,North America,Master's,N,N,86,2006,South,59343.21,Year,Y,Certified
EZYV17435,Asia,Bachelor's,N,N,2079,2010,Northeast,138103.17,Year,Y,Denied
EZYV9881,Europe,Bachelor's,Y,N,623,2010,South,38073.44,Year,Y,Certified
EZYV2696,South America,Master's,Y,N,749,1889,Midwest,174046.48,Week,Y,Certified
EZYV23595,Asia,High School,Y,N,2327,1946,Northeast,39608.24,Year,Y,Certified
EZYV10600,Asia,Master's,N,N,3429,2001,Midwest,121219.73,Year,Y,Denied
EZYV15098,Asia,Bachelor's,N,Y,3627,1968,South,33969.49,Year,Y,Denied
EZYV25104,Asia,High School,Y,N,2380,2004,Island,64803.17,Year,Y,Denied
EZYV13837,North America,High School,N,Y,1186,1969,Northeast,81478.35,Year,Y,Denied
EZYV10259,Asia,Master's,Y,N,882,1987,Northeast,96661.76,Year,N,Denied
EZYV7703,Asia,High School,Y,Y,1169,1997,South,47223.92,Year,Y,Denied
EZYV22953,Asia,Bachelor's,N,N,7640,1986,South,137742.05,Year,Y,Denied
EZYV1099,Asia,Master's,N,N,2384,1998,West,10580.09,Year,N,Denied
EZYV3128,Europe,Bachelor's,Y,Y,223,2005,West,12080.16,Year,Y,Certified
EZYV9384,Africa,Master's,N,N,699,1987,Northeast,103119.78,Year,Y,Certified
EZYV19660,Asia,Master's,Y,N,2749,1855,West,63788.18,Year,Y,Certified
EZYV9188,Asia,Master's,N,Y,1286,1977,South,84926.45,Year,Y,Certified
EZYV23702,Europe,High School,N,Y,1612,1986,West,17536.85,Year,Y,Certified
EZYV25271,Asia,Bachelor's,Y,N,1244,1990,South,114388.39,Year,Y,Denied
EZYV3709,Asia,Master's,N,N,92520,2008,Midwest,94423.87,Year,Y,Denied
EZYV22572,North America,Bachelor's,Y,N,1308,2010,West,88764.1,Year,Y,Certified
EZYV24017,Asia,Bachelor's,N,N,3225,1998,West,166.67,Hour,Y,Denied
EZYV17814,Europe,Bachelor's,Y,N,3881,2012,South,36207.87,Year,Y,Certified
EZYV25243,North America,Master's,Y,N,517,1993,West,98116.95,Year,Y,Certified
EZYV6492,South America,Master's,Y,Y,1773,1916,Northeast,102049.15,Year,Y,Certified
EZYV19306,Asia,Master's,Y,N,2824,1984,West,30904.19,Year,Y,Denied
EZYV22852,Asia,Master's,Y,N,666,2010,Northeast,264947.49,Year,N,Certified
EZYV2434,Asia,Doctorate,N,N,962,1993,West,135700.68,Year,Y,Denied
EZYV797,Asia,Bachelor's,Y,N,1561,2009,South,108527.79,Year,Y,Certified
EZYV15755,Asia,Bachelor's,Y,N,1647,1969,South,129676.9,Year,Y,Denied
EZYV8943,Europe,Master's,N,N,1390,1968,West,54798.48,Year,Y,Certified
EZYV7272,Europe,Bachelor's,N,N,246398,1880,South,6287.76,Year,Y,Denied
EZYV3852,Europe,Doctorate,Y,N,366,1909,Northeast,39712.14,Year,Y,Certified
EZYV4169,South America,Master's,N,Y,661,2001,West,1919.38,Year,Y,Denied
EZYV13357,North America,Bachelor's,Y,N,4336,1996,Northeast,140885.87,Year,Y,Certified
EZYV8622,Asia,Master's,N,N,443,2005,South,41120.48,Year,N,Certified
EZYV11331,Africa,Master's,N,Y,9151,1895,South,80026.48,Year,Y,Certified
EZYV24891,North America,High School,N,N,5160,1997,Northeast,85268.09,Year,N,Denied
EZYV16333,North America,Master's,N,N,3104,2011,South,60374.73,Year,Y,Denied
EZYV22995,Europe,Bachelor's,Y,N,465,1997,South,79124.71,Year,Y,Certified
EZYV8080,Asia,Master's,N,N,2321,2011,West,22143.21,Year,Y,Certified
EZYV19069,Asia,Master's,N,N,2076,1838,Northeast,824.2697,Hour,Y,Certified
EZYV11554,Europe,Bachelor's,N,N,1901,1982,South,711.403,Hour,Y,Denied
EZYV21977,Asia,Bachelor's,Y,N,3903,1880,Midwest,72681.97,Year,Y,Certified
EZYV14060,Asia,Bachelor's,N,N,8545,1985,West,113093.71,Year,Y,Certified
EZYV11138,Asia,Bachelor's,Y,N,327,2008,South,137841.21,Year,Y,Denied
EZYV11565,North America,Master's,Y,N,911,1998,South,47624.29,Year,Y,Certified
EZYV16937,Asia,Bachelor's,Y,N,2298,1999,South,84589.52,Year,Y,Denied
EZYV16494,Asia,Bachelor's,Y,N,4181,1911,South,48416.38,Year,N,Certified
EZYV15031,Asia,Master's,Y,N,2643,2009,Midwest,143335.37,Year,N,Certified
EZYV13843,Europe,Bachelor's,N,N,467,1995,Midwest,98009.9,Year,Y,Denied
EZYV24122,Asia,High School,N,N,100,2005,South,61391.17,Year,Y,Denied
EZYV17678,Asia,High School,N,N,1762,2001,Northeast,238.8305,Hour,Y,Certified
EZYV4671,Asia,Master's,N,N,3784,1993,Northeast,71501.69,Year,N,Denied
EZYV25336,Asia,Bachelor's,N,Y,118,1992,Northeast,80523.48,Year,Y,Certified
EZYV12995,Asia,Master's,Y,Y,3251,1975,Northeast,105779.03,Year,Y,Denied
EZYV6051,Asia,Bachelor's,Y,Y,372,2006,South,32322.9,Year,Y,Certified
EZYV4116,Europe,Master's,Y,N,397,2002,Northeast,149.58,Hour,Y,Certified
EZYV16055,Asia,Bachelor's,N,N,4861,2013,South,121453.77,Year,Y,Certified
EZYV5047,Europe,Bachelor's,Y,N,882,2012,Northeast,69771.62,Year,Y,Certified
EZYV21853,Asia,Bachelor's,Y,N,1177,2007,Northeast,188857.52,Year,Y,Certified
EZYV9418,Asia,Bachelor's,Y,N,3309,2004,Northeast,39941.49,Year,Y,Denied
EZYV17239,Asia,Doctorate,Y,N,3251,1999,West,26991.49,Year,Y,Certified
EZYV22821,Asia,Master's,Y,N,370,1817,South,145446.44,Year,Y,Certified
EZYV8221,Asia,Master's,Y,N,1378,1953,West,890.13,Year,Y,Certified
EZYV16169,Asia,Master's,Y,N,1551,1995,Northeast,38130.4,Year,N,Denied
EZYV10792,Asia,Bachelor's,N,N,1222,2005,Midwest,2795.57,Year,Y,Denied
EZYV25379,Asia,Bachelor's,N,N,2607,2010,Midwest,63945.93,Year,Y,Certified
EZYV12857,North America,Bachelor's,Y,N,2443,1954,Northeast,719.6481,Hour,N,Denied
EZYV11782,Asia,Master's,N,N,1109,1974,Island,264798.08,Year,N,Certified
EZYV7088,Asia,Bachelor's,N,N,3157,1984,Midwest,83268.51,Year,Y,Certified
EZYV20101,Asia,Master's,Y,N,2898,1839,Midwest,59472.8,Year,Y,Certified
EZYV15667,Asia,Bachelor's,Y,N,3186,1961,Midwest,145785.76,Year,Y,Certified
EZYV7075,Asia,Doctorate,Y,N,3335,2005,South,78187.18,Year,Y,Certified
EZYV12109,Asia,Master's,N,N,1397,1998,Midwest,68676.02,Year,Y,Certified
EZYV10510,Asia,Bachelor's,N,N,943,2000,West,107445.51,Year,Y,Denied
EZYV8873,Asia,Bachelor's,N,Y,94,1982,Northeast,84868.05,Year,Y,Certified
EZYV25285,Asia,Bachelor's,N,N,2526,1962,West,29596.54,Year,Y,Denied
EZYV1474,Europe,High School,Y,N,2198,1934,West,74094.48,Year,Y,Denied
EZYV17777,North America,High School,Y,N,4550,1945,Northeast,7956.54,Year,Y,Denied
EZYV22779,Asia,Bachelor's,N,N,221,1983,South,109380.12,Year,Y,Denied
EZYV8962,Asia,Master's,Y,N,358,2009,South,105159.8,Year,N,Certified
EZYV11781,Asia,Bachelor's,Y,N,2302,2006,South,76852.99,Year,Y,Denied
EZYV7137,North America,High School,Y,Y,1459,1949,Northeast,814.0594,Hour,Y,Certified
EZYV17699,Asia,Bachelor's,N,N,3134,1945,South,673.6424,Hour,Y,Denied
EZYV10696,Asia,Master's,Y,N,1209,2001,Midwest,44129.01,Year,Y,Certified
EZYV13766,Asia,Master's,Y,N,1197,1947,Northeast,46568.32,Year,Y,Certified
EZYV11692,Asia,High School,N,N,3348,2001,Midwest,515.4567,Hour,Y,Denied
EZYV23055,Asia,Master's,Y,N,1107,1880,South,39798.65,Year,Y,Certified
EZYV16950,South America,Master's,Y,N,4169,1999,Island,32865.26,Year,Y,Denied
EZYV1656,Europe,Bachelor's,Y,Y,4702,2013,South,125908.42,Year,Y,Certified
EZYV18181,Asia,Bachelor's,Y,N,4384,2008,Midwest,4553.76,Year,Y,Certified
EZYV3816,North America,Bachelor's,Y,N,55,1989,Island,115772.43,Year,Y,Certified
EZYV9795,Asia,Bachelor's,N,N,3653,1957,Northeast,91503.54,Year,Y,Denied
EZYV14138,Europe,High School,Y,N,2140,1989,West,43600.18,Year,Y,Denied
EZYV7007,North America,Bachelor's,Y,N,22417,2001,South,499.2207,Hour,Y,Denied
EZYV22614,Asia,Master's,N,N,1501,2007,Midwest,57862.29,Year,N,Certified
EZYV18699,Asia,Bachelor's,Y,N,3231,1968,Northeast,128824.08,Year,Y,Denied
EZYV19719,Asia,High School,Y,N,126,2000,Northeast,85438.85,Year,Y,Denied
EZYV4873,North America,Master's,N,N,2604,1989,South,64965.61,Year,Y,Certified
EZYV13241,Asia,Doctorate,N,N,1876,1996,Northeast,28759.98,Year,Y,Certified
EZYV11830,Asia,Bachelor's,Y,N,997,2001,South,9585.89,Year,Y,Certified
EZYV7600,Asia,Bachelor's,N,N,1596,1994,West,48009.66,Year,Y,Certified
EZYV14799,Asia,Master's,Y,N,1649,1994,Northeast,36804.4,Year,Y,Certified
EZYV4032,Africa,Bachelor's,N,N,4765,1996,Northeast,54235.58,Year,Y,Denied
EZYV11135,Asia,Master's,N,N,533,2007,Midwest,74506.35,Year,Y,Certified
EZYV2149,Asia,Bachelor's,N,N,4494,2007,South,105190.0,Year,Y,Certified
EZYV24934,Asia,Master's,N,Y,1973,2006,Midwest,103481.98,Year,Y,Certified
EZYV267,Asia,Bachelor's,N,N,5425,1855,Northeast,45614.3,Year,Y,Denied
EZYV14106,Asia,Bachelor's,Y,N,1684,1960,Northeast,46858.75,Year,Y,Denied
EZYV22688,Asia,Master's,N,N,780,1997,Northeast,104.59,Hour,Y,Certified
EZYV3220,North America,High School,N,N,1672,2001,Northeast,799.1258,Hour,Y,Denied
EZYV6117,Asia,Master's,N,N,2849,1998,Midwest,92270.51,Year,Y,Certified
EZYV2331,Asia,Bachelor's,Y,N,2676,1995,Northeast,73154.95,Year,Y,Certified
EZYV16684,Asia,Doctorate,N,N,3372,1920,Midwest,49837.44,Year,Y,Certified
EZYV25223,Asia,Bachelor's,Y,N,811,1889,South,79527.14,Year,Y,Certified
EZYV13326,Asia,Master's,Y,N,988,2001,Northeast,105265.77,Year,N,Certified
EZYV12000,North America,Master's,N,N,1852,1997,Northeast,120154.52,Year,Y,Denied
EZYV11609,Asia,Master's,N,N,4220,1989,South,167363.39,Year,N,Certified
EZYV6413,Asia,Master's,Y,N,1589,1972,Northeast,80671.3,Year,Y,Certified
EZYV12755,Asia,Bachelor's,N,N,85,2003,West,88971.79,Year,Y,Certified
EZYV18103,Asia,Master's,Y,N,3660,2004,Northeast,42287.49,Year,Y,Certified
EZYV22967,Asia,Bachelor's,N,Y,2453,1994,South,178992.15,Year,Y,Denied
EZYV6976,Asia,High School,N,Y,740,1900,Midwest,131322.09,Year,Y,Denied
EZYV1664,North America,Master's,N,N,1129,2007,South,107747.49,Year,Y,Certified
EZYV6221,Asia,Master's,Y,N,4398,1864,Northeast,12.2234,Hour,Y,Certified
EZYV8510,Asia,Master's,Y,N,707,2000,South,53719.84,Year,Y,Certified
EZYV11101,Europe,High School,Y,N,2685,2008,South,52613.73,Year,Y,Denied
EZYV1507,Europe,Master's,N,N,2074,1924,Northeast,835.3447,Hour,Y,Certified
EZYV21952,Asia,Bachelor's,Y,N,3162,2006,South,1832.8,Year,Y,Denied
EZYV24759,Asia,Master's,Y,N,4675,1995,West,99587.17,Year,Y,Certified
EZYV9808,Asia,Bachelor's,Y,N,860,1992,South,80719.43,Year,Y,Certified
EZYV2443,Asia,Master's,Y,N,2372,2012,Midwest,62282.5,Year,N,Certified
EZYV17362,Europe,Bachelor's,Y,N,38337,2005,West,34993.44,Year,Y,Certified
EZYV10288,Asia,Doctorate,Y,N,1955,1966,Northeast,312.7783,Hour,Y,Certified
EZYV8171,Asia,Master's,N,Y,3905,2006,South,194535.66,Year,Y,Certified
EZYV3676,Asia,High School,Y,N,150,2014,West,122952.87,Year,Y,Denied
EZYV11074,Asia,Bachelor's,Y,N,2113,1966,South,44737.35,Year,Y,Certified
EZYV16021,Asia,Master's,Y,N,2586,2007,South,553.5161,Hour,Y,Certified
EZYV24896,Europe,Bachelor's,Y,N,1820,2005,Northeast,96585.74,Year,Y,Certified
EZYV14083,North America,Bachelor's,Y,N,165826,1989,South,117.0447,Hour,Y,Denied
EZYV20521,Asia,Bachelor's,Y,N,4634,2008,Northeast,47884.0,Year,N,Certified
EZYV11944,Asia,Bachelor's,N,N,514,1855,Northeast,25886.61,Year,Y,Denied
EZYV20986,Europe,Master's,N,N,1859,1926,West,945.5997,Hour,Y,Certified
EZYV18383,Asia,High School,N,N,549,1983,Northeast,427.3764,Hour,Y,Denied
EZYV2693,Asia,Bachelor's,N,N,492,2006,Midwest,28009.02,Year,Y,Denied
EZYV12802,Asia,Bachelor's,Y,N,5373,2014,Northeast,4321.56,Year,Y,Certified
EZYV16391,Asia,Master's,Y,N,885,1968,West,133.89,Hour,Y,Denied
EZYV2793,Asia,Bachelor's,N,N,1332,1982,West,47556.72,Year,Y,Denied
EZYV11926,Europe,Bachelor's,Y,N,2776,2009,West,120000.58,Year,Y,Certified
EZYV9211,North America,Master's,N,N,4144,1992,Northeast,679.4535,Hour,Y,Certified
EZYV12939,Asia,Master's,Y,N,2150,1838,Island,115069.56,Year,N,Certified
EZYV18731,Asia,Master's,Y,N,1664,1992,Northeast,153977.48,Year,N,Certified
EZYV7547,Asia,High School,N,N,2756,2008,Northeast,86541.17,Year,Y,Denied
EZYV1722,Asia,Master's,Y,Y,1852,1954,South,77908.95,Year,Y,Certified
EZYV12775,Europe,Doctorate,Y,Y,661,1968,South,30926.78,Year,Y,Certified
EZYV7078,Asia,Bachelor's,Y,N,2013,2005,West,21099.22,Year,Y,Denied
EZYV18621,Europe,Bachelor's,N,N,3669,2010,South,32512.42,Year,Y,Certified
EZYV21590,Asia,Master's,N,N,3728,2000,Northeast,997.9191,Hour,Y,Denied
EZYV12701,Europe,Master's,Y,N,2558,2005,Midwest,67888.89,Year,Y,Certified
EZYV2031,Asia,Doctorate,N,N,93,1989,Midwest,52874.41,Year,Y,Certified
EZYV2680,Asia,Bachelor's,Y,N,436,1971,South,29001.48,Year,Y,Certified
EZYV15956,North America,High School,Y,N,2152,1999,Northeast,624.8694,Hour,Y,Denied
EZYV16466,Asia,Bachelor's,N,N,2801,1870,Northeast,47174.55,Year,Y,Denied
EZYV1355,Asia,Bachelor's,Y,N,1911,2002,Midwest,139279.24,Year,Y,Certified
EZYV10396,Asia,Doctorate,Y,N,3709,1858,Northeast,18888.66,Year,Y,Certified
EZYV1783,Oceania,Master's,Y,N,732,2003,Northeast,28565.97,Year,Y,Certified
EZYV3854,Asia,High School,Y,N,561,1981,Midwest,139358.08,Year,Y,Denied
EZYV14567,Africa,Master's,Y,N,492,1871,Northeast,132539.07,Year,Y,Certified
EZYV24613,North America,Master's,Y,N,1745,1831,Northeast,45087.02,Year,Y,Denied
EZYV19854,Asia,Bachelor's,N,N,2427,1996,South,176918.27,Year,Y,Denied
EZYV15597,Asia,Bachelor's,Y,N,1735,1855,West,115252.38,Year,Y,Certified
EZYV22095,Asia,High School,N,N,1879,2007,West,155936.91,Year,N,Denied
EZYV380,Asia,Bachelor's,Y,N,2090,1872,West,197452.18,Year,N,Certified
EZYV7559,North America,Bachelor's,N,N,59742,2001,Northeast,138252.19,Year,N,Denied
EZYV16373,Europe,Bachelor's,N,N,2118,1968,West,38018.05,Year,Y,Certified
EZYV18452,Asia,Bachelor's,N,N,2916,1990,Northeast,62795.85,Year,Y,Certified
EZYV17916,Asia,Doctorate,Y,N,1959,1925,West,15683.14,Year,Y,Certified
EZYV22680,Asia,Master's,Y,N,18699,1999,West,10404.92,Year,N,Denied
EZYV2193,Asia,Bachelor's,Y,Y,2055,2012,South,81730.7,Year,Y,Certified
EZYV16441,Asia,Bachelor's,Y,N,756,2012,Northeast,158110.39,Year,Y,Denied
EZYV21082,Asia,Master's,Y,N,14944,2008,Midwest,62339.98,Year,Y,Certified
EZYV15089,Asia,Doctorate,Y,N,1116,1999,Northeast,90494.35,Year,Y,Certified
EZYV25403,Asia,Bachelor's,N,N,461,1997,West,464.4856,Hour,Y,Certified
EZYV4490,Asia,Master's,Y,N,3385,1987,South,113421.74,Year,Y,Certified
EZYV19534,Asia,Bachelor's,Y,N,574,1950,West,108003.81,Year,Y,Denied
EZYV6680,Asia,Bachelor's,N,N,3806,1996,Northeast,79468.74,Year,Y,Denied
EZYV4954,Asia,Bachelor's,Y,N,27073,1911,Northeast,121327.37,Year,Y,Denied
EZYV15728,Asia,Master's,N,N,1661,2011,South,39911.16,Year,Y,Certified
EZYV183,Europe,Master's,N,Y,4439,1962,South,113366.37,Year,Y,Certified
EZYV10564,Europe,Master's,Y,N,105202,2012,Northeast,68944.02,Year,Y,Certified
EZYV18018,Asia,High School,N,Y,1519,1876,Northeast,57166.04,Year,Y,Certified
EZYV23798,Asia,Bachelor's,Y,N,347,1989,Northeast,191522.61,Year,N,Certified
EZYV10422,Asia,Master's,Y,Y,1138,1995,Midwest,74444.51,Year,Y,Certified
EZYV5580,North America,Master's,Y,N,5523,2004,West,83846.81,Year,Y,Certified
EZYV20267,Asia,Master's,Y,N,1751,1992,Midwest,35090.87,Year,N,Denied
EZYV14304,Europe,Bachelor's,Y,Y,2748,1968,West,111546.18,Year,Y,Denied
EZYV17423,South America,High School,Y,N,4320,1998,Northeast,32114.87,Year,Y,Denied
EZYV7311,Asia,Master's,N,N,554,1999,Northeast,352.4315,Hour,Y,Certified
EZYV19765,Asia,Master's,Y,N,4933,2006,Northeast,81580.72,Year,Y,Certified
EZYV21775,North America,Master's,Y,N,5911,1998,West,105910.01,Year,N,Certified
EZYV9071,Asia,Bachelor's,N,N,149,2013,Midwest,169063.75,Year,Y,Certified
EZYV24578,Asia,Master's,Y,N,2354,1905,Northeast,77908.23,Year,Y,Certified
EZYV5741,Asia,Bachelor's,Y,N,564,1963,Midwest,121270.83,Year,Y,Denied
EZYV5841,Asia,High School,Y,N,1570,1964,South,257.6062,Hour,Y,Denied
EZYV18204,Asia,Master's,Y,N,4856,2005,Northeast,78971.72,Year,Y,Certified
EZYV8522,Asia,Bachelor's,Y,N,1207,2007,South,828.4491,Hour,Y,Denied
EZYV12974,Europe,Bachelor's,Y,N,1670,1963,Northeast,89119.86,Year,Y,Denied
EZYV8840,Europe,Bachelor's,Y,N,1683,2008,West,71618.26,Year,Y,Certified
EZYV6921,Oceania,High School,N,N,29086,1988,West,16446.6,Year,Y,Certified
EZYV15322,Asia,Master's,N,N,142770,1985,West,673.6127,Hour,Y,Denied
EZYV17297,North America,Bachelor's,N,N,746,1997,West,49181.84,Year,Y,Denied
EZYV13334,Asia,Master's,N,N,2663,1974,Midwest,73990.17,Year,Y,Denied
EZYV13395,Oceania,Doctorate,N,N,4079,1993,Midwest,65478.98,Year,Y,Certified
EZYV13538,Asia,Master's,Y,N,1273,2006,Midwest,117089.71,Year,Y,Certified
EZYV4052,Asia,Bachelor's,Y,N,3968,2003,South,30260.62,Year,Y,Denied
EZYV25130,Asia,Bachelor's,N,N,2256,2012,South,118776.18,Year,Y,Denied
EZYV25479,Asia,Master's,Y,Y,1918,1887,West,86154.77,Year,Y,Certified
EZYV7630,Asia,Bachelor's,Y,N,5914,2009,Northeast,86080.81,Year,Y,Certified
EZYV3593,Asia,Bachelor's,Y,N,4538,1968,West,28217.11,Year,Y,Certified
EZYV24285,Europe,Bachelor's,Y,N,5760,1838,South,18947.12,Year,Y,Certified
EZYV7156,Asia,Master's,Y,N,1764,1863,West,132039.98,Year,Y,Certified
EZYV17225,Asia,Master's,Y,N,13693,1978,Midwest,89875.43,Year,Y,Certified
EZYV21958,Asia,Doctorate,Y,N,922,1981,Northeast,42139.74,Year,Y,Certified
EZYV17673,South America,Bachelor's,Y,N,855,1960,Northeast,235.23,Hour,Y,Denied
EZYV8195,Asia,Bachelor's,N,N,2190,1980,Northeast,100683.43,Year,Y,Certified
EZYV20419,Asia,Bachelor's,N,N,3870,1940,Northeast,85876.66,Year,N,Denied
EZYV20734,Asia,Master's,N,N,4150,1999,Northeast,76348.25,Year,N,Certified
EZYV12164,Asia,High School,Y,N,2936,2012,Midwest,106274.55,Year,Y,Denied
EZYV15295,Asia,Bachelor's,N,N,3090,1973,West,33213.0,Year,Y,Certified
EZYV15162,Asia,Master's,N,N,40,2010,West,95367.11,Year,N,Certified
EZYV20020,Europe,Doctorate,Y,N,4000,2001,Northeast,87639.1,Year,Y,Certified
EZYV579,Asia,Bachelor's,Y,N,1743,1998,West,110382.9,Year,Y,Certified
EZYV1932,Europe,Bachelor's,Y,N,65092,2001,Midwest,68952.73,Year,Y,Certified
EZYV8207,Asia,Master's,Y,N,1016,1984,Northeast,120070.0,Year,N,Certified
EZYV1487,North America,Doctorate,Y,N,4491,1998,Northeast,2421.14,Year,Y,Certified
EZYV22180,Asia,High School,Y,N,1545,1936,Midwest,99645.3,Year,Y,Certified
EZYV13711,Africa,Bachelor's,Y,N,84768,1870,Northeast,20711.1,Year,Y,Certified
EZYV15307,Asia,Bachelor's,Y,N,178,1978,Northeast,124495.5,Year,Y,Denied
EZYV5062,Asia,Master's,Y,N,613,2005,Midwest,91887.44,Year,Y,Certified
EZYV20687,Asia,Master's,Y,N,4611,1997,Midwest,33883.77,Year,Y,Certified
EZYV7879,Asia,Master's,N,N,1317,1989,Midwest,144191.39,Year,Y,Certified
EZYV9243,Europe,Master's,Y,N,3730,1994,Northeast,11810.36,Year,Y,Certified
EZYV20893,Asia,Bachelor's,Y,N,125,1992,West,126073.98,Year,Y,Denied
EZYV7926,North America,Master's,Y,N,2648,2001,Northeast,45.9551,Hour,Y,Certified
EZYV19419,Asia,Bachelor's,Y,Y,670,1938,West,82744.02,Year,Y,Denied
EZYV1623,South America,Master's,N,N,1839,1964,Midwest,94520.54,Year,Y,Certified
EZYV24269,North America,Doctorate,Y,Y,3351,2000,South,59882.05,Year,Y,Certified
EZYV11910,Europe,Doctorate,N,N,3112,1917,West,9980.17,Year,Y,Certified
EZYV578,North America,Master's,Y,N,645,1988,South,149452.3,Year,Y,Certified
EZYV3651,Europe,Doctorate,N,N,3143,1970,Northeast,14085.44,Year,Y,Certified
EZYV9552,Asia,Bachelor's,N,Y,2916,1995,South,51231.08,Year,Y,Certified
EZYV4114,North America,Master's,Y,Y,566,1935,Island,11461.58,Year,Y,Certified
EZYV10526,Asia,Master's,N,N,719,1868,West,147415.92,Year,N,Denied
EZYV15877,Asia,Master's,N,N,26737,1870,Midwest,169059.04,Year,Y,Certified
EZYV12800,Africa,Master's,Y,N,1249,1947,Northeast,53141.86,Year,Y,Certified
EZYV18275,Europe,Bachelor's,Y,N,3088,1963,South,63078.94,Year,Y,Certified
EZYV21649,North America,Master's,N,N,88,1916,South,542.6532,Hour,Y,Denied
EZYV1996,Europe,Bachelor's,N,N,4066,1996,South,54816.41,Year,Y,Certified
EZYV14400,Asia,Master's,N,N,1320,2012,West,145996.56,Year,N,Denied
EZYV19672,Asia,Doctorate,Y,N,2858,1998,South,123882.1,Year,Y,Certified
EZYV23417,Europe,Bachelor's,N,N,1456,2008,Northeast,9.1753,Hour,Y,Denied
EZYV17518,Asia,Bachelor's,Y,Y,460,2004,South,123049.55,Year,Y,Denied
EZYV18651,Europe,Bachelor's,N,N,4828,1996,West,59282.65,Year,Y,Certified
EZYV4901,North America,Bachelor's,N,N,2714,2013,South,110793.85,Year,Y,Certified
EZYV19978,North America,Bachelor's,Y,N,3758,2003,South,82236.19,Year,Y,Denied
EZYV15489,Asia,Master's,N,N,704,2012,Island,152248.86,Year,Y,Certified
EZYV8461,Europe,Doctorate,N,N,1442,2000,West,44385.47,Year,Y,Certified
EZYV16082,Asia,Bachelor's,N,N,1741,2000,West,59524.97,Year,Y,Denied
EZYV451,Asia,Bachelor's,N,Y,1543,1999,West,78402.72,Year,Y,Denied
EZYV15905,Asia,Bachelor's,N,N,405,1992,West,49606.82,Year,Y,Certified
EZYV11111,Asia,Doctorate,Y,N,1399,1883,Northeast,52262.38,Week,Y,Certified
EZYV21764,Europe,Bachelor's,Y,N,3903,2005,West,55893.17,Year,Y,Denied
EZYV24658,Asia,Bachelor's,Y,N,2893,2001,Northeast,101.27,Hour,Y,Denied
EZYV24959,Asia,Master's,Y,N,2768,2004,Midwest,218488.72,Year,N,Certified
EZYV12647,Asia,High School,Y,N,321,2003,South,42857.08,Year,Y,Denied
EZYV11070,Asia,Master's,Y,N,216,2011,Midwest,51933.79,Year,Y,Certified
EZYV16790,Asia,Doctorate,Y,N,6034,2013,South,25619.05,Year,Y,Certified
EZYV19153,Asia,Bachelor's,Y,N,5319,2008,South,64662.64,Year,Y,Certified
EZYV9709,Europe,Bachelor's,Y,N,1665,1862,Midwest,69822.5,Year,Y,Denied
EZYV187,Asia,Bachelor's,N,N,421,2005,Midwest,88809.74,Year,Y,Certified
EZYV619,Africa,Master's,Y,N,3510,2005,Northeast,200084.9,Year,Y,Certified
EZYV903,Asia,Bachelor's,N,N,2369,1947,Northeast,71594.62,Year,Y,Denied
EZYV13424,North America,Doctorate,Y,N,26539,1999,West,7693.39,Year,Y,Denied
EZYV11006,Europe,Doctorate,N,N,4190,2007,South,26008.97,Year,Y,Certified
EZYV23386,Asia,Master's,Y,N,2405,1854,Northeast,129800.15,Year,N,Certified
EZYV13469,Oceania,Doctorate,N,N,2208,1989,West,783.4473,Hour,Y,Denied
EZYV14942,Asia,Bachelor's,Y,N,2755,2007,South,119351.61,Year,N,Certified
EZYV19702,Europe,High School,Y,N,2969,2001,Northeast,90706.89,Year,Y,Certified
EZYV3302,Europe,Doctorate,Y,N,5147,1977,Midwest,65281.24,Year,Y,Certified
EZYV13834,Asia,Bachelor's,N,Y,2161,1838,South,84457.64,Year,Y,Certified
EZYV9756,Asia,Bachelor's,N,N,1871,1981,West,150542.63,Year,Y,Denied
EZYV4590,Asia,Bachelor's,N,N,496,1969,West,15691.69,Year,Y,Denied
EZYV6829,Africa,Bachelor's,N,N,3402,1929,Northeast,94270.24,Year,Y,Denied
EZYV15938,Asia,High School,N,N,379,1883,Northeast,150696.0,Week,N,Denied
EZYV12448,North America,Bachelor's,N,N,2112,1899,South,53165.04,Year,Y,Denied
EZYV8754,Asia,Master's,Y,N,3552,1981,Northeast,47212.81,Year,Y,Certified
EZYV17004,Asia,Bachelor's,Y,N,3155,1973,Northeast,118.49,Hour,Y,Certified
EZYV17249,North America,Master's,N,N,5925,2005,West,66376.94,Year,Y,Certified
EZYV23820,North America,Bachelor's,Y,N,396,1994,West,122696.23,Year,Y,Certified
EZYV10538,Asia,Doctorate,N,Y,1744,1986,West,41262.76,Year,Y,Certified
EZYV16358,North America,Bachelor's,N,N,4565,2012,West,37917.25,Year,Y,Certified
EZYV17172,South America,Master's,N,N,990,1936,South,122624.42,Year,Y,Certified
EZYV16561,Africa,Bachelor's,Y,N,1703,2007,South,105416.02,Year,N,Denied
EZYV18605,Asia,High School,Y,N,3061,1991,Northeast,124524.31,Year,Y,Certified
EZYV5099,Asia,Bachelor's,Y,N,3062,2004,South,26526.5,Year,Y,Certified
EZYV18270,North America,Bachelor's,Y,N,1476,2000,West,65311.85,Year,Y,Denied
EZYV2821,Asia,Bachelor's,N,N,3455,1999,West,139463.72,Year,Y,Denied
EZYV15574,North America,Master's,N,N,962,2010,Midwest,107689.56,Year,Y,Certified
EZYV12208,Asia,Master's,N,N,3781,1984,South,102892.21,Year,N,Certified
EZYV6397,Asia,High School,Y,N,1794,1999,Northeast,140411.93,Year,Y,Denied
EZYV7431,Africa,High School,N,Y,284,1855,West,102492.08,Year,Y,Denied
EZYV20263,Asia,Bachelor's,Y,N,208,1998,Northeast,94634.36,Year,Y,Certified
EZYV16461,Asia,Bachelor's,N,N,7687,2012,Northeast,68408.42,Year,Y,Denied
EZYV6878,Asia,Master's,Y,N,1104,1993,Midwest,271409.44,Year,Y,Certified
EZYV9369,Asia,High School,N,N,670,1984,Northeast,183952.23,Year,N,Denied
EZYV12469,North America,Bachelor's,Y,N,2845,1963,South,24055.31,Year,Y,Denied
EZYV17871,Asia,Bachelor's,Y,N,1510,1856,Northeast,859.3788,Hour,Y,Certified
EZYV23403,Asia,Bachelor's,N,N,2420,2013,Northeast,70675.5,Year,Y,Certified
EZYV8954,Europe,Doctorate,Y,N,1552,1913,West,49578.66,Year,Y,Certified
EZYV24311,Europe,Bachelor's,Y,Y,1096,1855,West,30631.68,Year,Y,Certified
EZYV1125,Asia,Master's,N,N,4085,1997,Midwest,89551.4,Year,Y,Certified
EZYV25007,Asia,Master's,Y,N,2238,2000,Northeast,118431.09,Year,Y,Certified
EZYV10729,Europe,Bachelor's,Y,Y,2466,2012,South,84000.33,Year,Y,Certified
EZYV16563,Asia,Bachelor's,Y,N,321,1986,Northeast,94517.26,Year,Y,Certified
EZYV8410,Asia,Master's,Y,N,3209,2008,Northeast,46082.69,Year,Y,Certified
EZYV23546,North America,Master's,Y,N,2338,1991,Northeast,38444.59,Year,Y,Certified
EZYV7253,Europe,Bachelor's,Y,N,2069,2011,South,127892.96,Year,Y,Certified
EZYV9247,Asia,Master's,Y,N,337,2004,Northeast,44775.66,Year,Y,Certified
EZYV16972,Asia,Master's,N,N,3138,1947,Northeast,121.24,Hour,Y,Denied
EZYV12555,Europe,Bachelor's,Y,Y,4237,1913,South,112625.94,Year,Y,Certified
EZYV23727,Asia,Master's,N,N,1194,1988,West,48750.89,Year,Y,Denied
EZYV6668,Asia,Bachelor's,Y,N,2692,1992,South,135251.97,Year,Y,Certified
EZYV16405,Asia,Doctorate,Y,N,29,2012,Midwest,79547.27,Year,Y,Certified
EZYV17528,Asia,Doctorate,N,N,4008,1995,Midwest,156240.97,Year,Y,Certified
EZYV283,Europe,Bachelor's,Y,N,3489,2007,South,88447.6,Year,Y,Certified
EZYV497,North America,Master's,Y,N,36353,1998,Northeast,125925.71,Year,N,Certified
EZYV23829,Europe,Bachelor's,Y,Y,3723,1974,West,63619.51,Year,Y,Certified
EZYV21346,Asia,Bachelor's,Y,Y,3175,1994,Northeast,47406.54,Year,Y,Certified
EZYV2841,Europe,Bachelor's,N,N,4645,2010,West,12093.05,Year,Y,Certified
EZYV18105,Asia,Master's,Y,N,2561,2006,Midwest,99702.16,Year,Y,Certified
EZYV9024,Asia,Master's,N,N,3426,1998,Midwest,171485.08,Year,Y,Certified
EZYV15390,Asia,Master's,N,Y,1981,2007,West,66912.28,Year,Y,Certified
EZYV7346,Europe,Doctorate,Y,N,5788,1931,West,6143.66,Year,Y,Certified
EZYV6432,Europe,Master's,Y,N,281,1995,West,76688.04,Year,Y,Certified
EZYV37,Europe,High School,Y,N,2520,1981,West,2490.12,Year,Y,Denied
EZYV22658,Asia,Master's,N,N,4312,2007,Midwest,112277.97,Year,N,Denied
EZYV5373,Europe,Bachelor's,Y,N,4642,2005,South,26494.6,Year,Y,Certified
EZYV23370,North America,Doctorate,Y,Y,3619,1999,West,64987.97,Year,Y,Certified
EZYV18078,Asia,Doctorate,Y,N,1623,1985,Northeast,91027.19,Year,Y,Certified
EZYV19783,North America,Master's,Y,N,924,1953,South,72280.27,Year,Y,Certified
EZYV21926,Asia,Master's,N,N,4617,2011,Northeast,140927.71,Year,N,Certified
EZYV10395,Asia,Bachelor's,N,N,2742,2009,Northeast,63576.33,Year,Y,Certified
EZYV24023,Asia,Bachelor's,Y,N,3283,1989,Northeast,11393.72,Year,Y,Certified
EZYV3813,Asia,Bachelor's,Y,N,3329,1968,Northeast,70284.59,Year,Y,Certified
EZYV6897,Asia,Bachelor's,Y,N,951,1992,South,48633.65,Year,Y,Certified
EZYV25401,Asia,Bachelor's,N,N,1535,2010,Northeast,103659.75,Year,Y,Certified
EZYV20139,Asia,Bachelor's,Y,N,4978,1999,Midwest,33117.84,Year,Y,Denied
EZYV2115,Asia,Master's,Y,N,2030,1965,West,277281.01,Year,N,Certified
EZYV256,Europe,High School,N,N,1243,1998,West,65458.88,Year,Y,Denied
EZYV7483,Asia,Master's,N,Y,3304,1925,Northeast,32300.19,Year,Y,Certified
EZYV3661,Asia,Bachelor's,N,N,3579,1996,Midwest,144178.34,Year,Y,Denied
EZYV17530,North America,Bachelor's,Y,N,1320,2002,West,56963.64,Year,Y,Denied
EZYV23594,Asia,Master's,Y,N,2167,1929,Northeast,52965.55,Year,Y,Denied
EZYV6737,Asia,Bachelor's,Y,N,17322,1993,West,232265.54,Year,Y,Certified
EZYV15605,Europe,Doctorate,Y,N,884,1922,South,30834.97,Year,Y,Certified
EZYV1535,Asia,Bachelor's,Y,N,1753,1995,West,74102.39,Year,N,Certified
EZYV18692,Asia,Bachelor's,N,N,3224,2007,Midwest,36684.43,Year,Y,Denied
EZYV19472,Asia,Master's,N,N,1059,1911,West,104156.58,Year,N,Certified
EZYV20607,Asia,Bachelor's,N,N,2380,1999,Midwest,37409.3,Year,Y,Denied
EZYV3207,Asia,Master's,N,N,1923,1998,Northeast,125865.48,Year,Y,Denied
EZYV8087,North America,Master's,N,N,58,2013,Northeast,75017.91,Year,Y,Denied
EZYV9328,Asia,High School,N,Y,702,1975,South,152195.67,Year,Y,Denied
EZYV8420,North America,Master's,Y,N,613,1840,Midwest,151276.84,Year,N,Certified
EZYV3487,Asia,Bachelor's,Y,N,1686,2009,South,107881.79,Year,Y,Certified
EZYV25017,Asia,Bachelor's,Y,N,1496,2008,Midwest,127431.99,Year,Y,Certified
EZYV6975,Asia,Bachelor's,N,N,2319,2010,West,44321.76,Year,N,Denied
EZYV6891,Europe,Doctorate,Y,Y,28350,1989,South,101874.51,Year,Y,Certified
EZYV22053,Europe,Doctorate,Y,N,1976,2005,West,147177.42,Year,Y,Denied
EZYV13671,Asia,Doctorate,Y,N,996,1990,West,35751.12,Year,Y,Certified
EZYV23210,Asia,Doctorate,N,N,2494,1970,Midwest,93287.34,Year,Y,Certified
EZYV8915,Asia,Bachelor's,N,N,4427,1998,Northeast,5.6396,Hour,Y,Denied
EZYV2339,Asia,Bachelor's,N,N,334,1947,South,324.2135,Hour,Y,Certified
EZYV15334,Asia,Master's,N,N,1419,1989,West,15184.57,Year,N,Certified
EZYV8468,Asia,Bachelor's,Y,N,1305,2001,South,46100.72,Year,Y,Certified
EZYV11421,Asia,Bachelor's,Y,N,735,2007,Northeast,78248.32,Year,Y,Certified
EZYV4879,Europe,Master's,N,N,46,1968,West,28928.77,Year,Y,Certified
EZYV14073,South America,Bachelor's,Y,N,310467,1992,South,46574.14,Year,Y,Denied
EZYV11464,Asia,Doctorate,N,Y,1405,2010,South,110302.99,Year,Y,Certified
EZYV17242,Asia,High School,Y,N,961,2005,South,41650.15,Year,Y,Certified
EZYV1176,North America,Master's,Y,N,2410,2008,Northeast,42861.65,Year,Y,Certified
EZYV8092,Asia,Master's,Y,N,2443,2004,Midwest,215498.05,Year,N,Certified
EZYV4799,North America,Bachelor's,N,N,413,1900,Northeast,692.9511,Hour,Y,Denied
EZYV18463,Asia,Bachelor's,N,N,5411,1897,Northeast,39556.43,Year,Y,Certified
EZYV11568,Asia,Master's,Y,N,2048,1993,West,55348.25,Year,Y,Certified
EZYV23830,Asia,Master's,Y,N,5863,2001,West,94926.47,Year,N,Denied
EZYV17499,Asia,Bachelor's,Y,N,1088,2009,Midwest,119423.4,Year,N,Certified
EZYV16771,Asia,Bachelor's,Y,N,545,2001,Northeast,82898.86,Year,Y,Certified
EZYV10677,Asia,Bachelor's,Y,Y,2395,2008,South,31499.53,Year,Y,Certified
EZYV12539,Asia,Bachelor's,Y,N,1445,2009,Northeast,24309.92,Year,Y,Certified
EZYV1378,North America,Master's,Y,N,1840,2000,South,75458.8,Year,N,Certified
EZYV6074,Asia,Master's,N,N,4679,1998,West,85248.54,Year,N,Certified
EZYV4848,North America,Bachelor's,Y,N,505,1984,Midwest,117619.18,Year,Y,Certified
EZYV12816,Europe,Master's,N,N,54,1994,West,43871.9,Year,Y,Certified
EZYV18198,Asia,Master's,Y,N,1765,1966,Island,90315.05,Year,N,Certified
EZYV12564,Asia,Master's,N,Y,2574,2008,South,30179.16,Year,Y,Denied
EZYV1306,North America,Doctorate,Y,N,6397,1976,Northeast,57334.17,Year,Y,Certified
EZYV12040,Asia,Bachelor's,N,N,1227,2004,Northeast,620.9771,Hour,Y,Denied
EZYV3131,Asia,Bachelor's,Y,N,1547,1998,Northeast,452.2859,Hour,Y,Certified
EZYV22183,Asia,Master's,N,N,2401,1997,South,21651.73,Year,Y,Certified
EZYV17925,Europe,Doctorate,N,N,978,1901,South,47731.42,Year,Y,Certified
EZYV20133,Asia,Bachelor's,Y,N,1698,2003,South,58192.91,Year,Y,Certified
EZYV1223,Asia,Bachelor's,Y,N,5877,2013,West,150646.84,Year,Y,Certified
EZYV23308,Asia,Master's,Y,N,2329,1981,South,20084.65,Year,Y,Certified
EZYV967,Europe,Master's,N,N,2619,1981,West,62376.12,Year,Y,Certified
EZYV14063,Asia,Bachelor's,Y,N,2373,2007,West,69150.51,Year,Y,Denied
EZYV6654,Asia,High School,Y,N,125,1998,Midwest,9063.57,Year,Y,Denied
EZYV11506,Asia,Bachelor's,N,N,2419,2007,South,993.9033,Hour,Y,Denied
EZYV2596,Asia,Master's,N,N,444,2015,Island,67006.71,Year,Y,Denied
EZYV22576,Europe,High School,N,Y,3983,2001,South,102133.71,Year,Y,Certified
EZYV15139,Asia,Bachelor's,Y,N,48,2001,Northeast,109644.77,Year,Y,Certified
EZYV13992,Asia,Bachelor's,N,N,3432,2000,West,181893.87,Year,Y,Denied
EZYV20811,Asia,Bachelor's,Y,Y,249,2012,South,175314.63,Year,Y,Denied
EZYV13403,Asia,Bachelor's,N,N,4796,2009,Northeast,159030.67,Year,Y,Certified
EZYV04,Asia,Bachelor's,N,N,98,1897,West,83434.03,Year,Y,Denied
EZYV20603,Asia,Master's,Y,N,2470,1992,Midwest,82956.02,Year,Y,Certified
EZYV23026,Asia,High School,N,N,1395,1987,South,73606.03,Year,N,Denied
EZYV4498,Asia,Bachelor's,Y,N,5166,1999,Midwest,73494.54,Year,Y,Denied
EZYV4330,Asia,High School,Y,N,3600,1993,Northeast,70899.61,Year,Y,Denied
EZYV11618,Asia,High School,Y,N,5749,1997,Northeast,46591.17,Year,Y,Denied
EZYV6280,South America,Bachelor's,N,N,2093,2009,South,419.7764,Hour,Y,Denied
EZYV19166,Asia,Bachelor's,N,N,3772,2007,Midwest,89195.29,Year,Y,Certified
EZYV3127,Asia,Bachelor's,Y,N,915,2012,South,86226.14,Year,Y,Certified
EZYV6419,North America,Bachelor's,N,N,2175,1986,South,149197.43,Year,N,Denied
EZYV3440,Asia,Master's,Y,N,3509,2002,Northeast,141441.04,Year,Y,Certified
EZYV7266,Asia,Bachelor's,Y,N,3119,2009,Midwest,60950.07,Year,Y,Denied
EZYV13304,Asia,Bachelor's,Y,N,2938,1872,South,111913.83,Year,Y,Certified
EZYV7714,Asia,Master's,Y,N,2833,1997,Midwest,139459.16,Year,Y,Certified
EZYV21454,Asia,High School,Y,N,2842,1908,South,104135.83,Year,N,Certified
EZYV728,Asia,High School,N,N,660,2009,South,66781.76,Year,N,Certified
EZYV15174,Asia,Master's,Y,N,382,2009,Northeast,70594.59,Year,N,Certified
EZYV22945,Asia,Master's,Y,N,3109,1998,Northeast,120742.51,Year,N,Certified
EZYV6706,Asia,Bachelor's,Y,N,5401,2002,Northeast,78785.76,Year,Y,Certified
EZYV14926,Africa,Doctorate,Y,N,3882,1984,Northeast,18442.17,Year,Y,Certified
EZYV25348,Asia,Bachelor's,N,N,2203,1999,Midwest,132574.3,Year,N,Certified
EZYV5011,Europe,Bachelor's,Y,N,558,1978,West,122691.96,Year,Y,Certified
EZYV19688,Asia,Bachelor's,Y,N,2073,2010,South,54386.28,Year,Y,Certified
EZYV5073,Asia,High School,Y,N,1270,2006,South,53915.03,Year,Y,Denied
EZYV7831,Asia,Doctorate,Y,N,1361,1995,Northeast,69343.27,Year,Y,Certified
EZYV19215,Asia,Bachelor's,Y,N,2716,1867,South,6230.57,Year,Y,Certified
EZYV1857,Asia,Bachelor's,N,N,4749,1985,Northeast,116878.97,Year,Y,Denied
EZYV20534,Asia,Bachelor's,Y,N,2897,1905,Midwest,42988.26,Year,Y,Certified
EZYV3641,Asia,Master's,Y,N,3216,1895,South,107513.3,Year,N,Certified
EZYV10506,North America,Master's,N,Y,1341,1977,Midwest,82146.12,Year,Y,Certified
EZYV17687,North America,Bachelor's,Y,N,4479,1897,South,81084.06,Year,Y,Certified
EZYV13740,Asia,Master's,Y,N,2407,1992,Northeast,69124.3,Year,N,Certified
EZYV3970,Asia,Bachelor's,N,Y,2638,1990,Northeast,37970.43,Year,Y,Denied
EZYV18390,Europe,Master's,Y,Y,3501,1995,South,64778.1,Year,Y,Certified
EZYV18328,Asia,High School,Y,N,3135,1880,Midwest,8675.74,Year,Y,Certified
EZYV16079,Asia,Doctorate,Y,Y,2989,1971,Northeast,42586.51,Year,Y,Certified
EZYV25085,Asia,Master's,Y,N,3559,1994,Midwest,93638.1,Year,Y,Certified
EZYV14022,Asia,Bachelor's,Y,Y,224,1987,West,106967.85,Year,Y,Certified
EZYV4036,Asia,Bachelor's,Y,N,4266,2001,West,52595.55,Year,Y,Certified
EZYV18672,Asia,Master's,Y,N,212,1911,Midwest,112296.49,Year,Y,Certified
EZYV3716,Asia,Doctorate,N,N,808,1863,South,109359.13,Year,Y,Denied
EZYV7478,Asia,Master's,Y,N,4079,2008,Northeast,38550.64,Year,Y,Certified
EZYV4576,Asia,Master's,Y,N,1704,1986,Northeast,92639.65,Year,Y,Certified
EZYV7215,Asia,Bachelor's,Y,N,2201,1996,South,74957.14,Year,Y,Certified
EZYV12676,Asia,Master's,Y,N,666,1995,South,81445.08,Year,N,Certified
EZYV21678,Asia,Bachelor's,Y,N,3901,1984,Northeast,66089.01,Year,Y,Denied
EZYV2497,Europe,Master's,N,N,1767,1989,South,132234.0,Year,Y,Certified
EZYV21692,Asia,Bachelor's,Y,N,1149,2007,Northeast,89661.82,Year,Y,Certified
EZYV24051,North America,Master's,N,N,4123,1989,Northeast,155201.84,Year,Y,Certified
EZYV6628,Asia,Bachelor's,Y,N,1618,1989,South,17106.77,Year,Y,Denied
EZYV11159,Asia,High School,N,N,3107,1841,Island,154.1,Hour,Y,Denied
EZYV886,South America,Bachelor's,Y,N,2448,1991,Northeast,86070.87,Year,Y,Denied
EZYV2584,Asia,Master's,Y,N,2708,1950,Northeast,151206.86,Year,Y,Certified
EZYV19985,Asia,Bachelor's,N,N,2101,2005,Northeast,113247.28,Month,Y,Certified
EZYV15228,Asia,Master's,N,N,4389,2006,South,153949.11,Year,N,Denied
EZYV17659,Asia,Master's,N,N,1564,1963,Midwest,174246.98,Year,Y,Denied
EZYV21689,Asia,Master's,N,N,3989,1998,Midwest,44454.62,Year,N,Certified
EZYV22581,Asia,Bachelor's,Y,N,2904,2003,Northeast,24195.42,Year,Y,Certified
EZYV14849,Asia,Master's,Y,N,2504,2005,Northeast,273426.75,Year,Y,Certified
EZYV23963,Oceania,Bachelor's,Y,N,4656,1988,Northeast,13279.3,Year,Y,Certified
EZYV7929,Asia,Doctorate,N,N,1315,2007,South,581.855,Hour,Y,Certified
EZYV1494,South America,Master's,Y,N,812,1960,West,43761.25,Year,Y,Certified
EZYV19549,South America,Master's,Y,N,2388,1885,Midwest,120339.13,Week,Y,Denied
EZYV14171,North America,Doctorate,N,Y,729,2007,West,239880.69,Year,Y,Denied
EZYV20493,North America,Master's,Y,N,4658,1968,Northeast,101356.75,Year,Y,Denied
EZYV6039,Asia,Doctorate,Y,N,503,1998,Northeast,85538.19,Year,Y,Certified
EZYV2244,Asia,Master's,N,N,5578,2003,Northeast,37125.6,Year,Y,Denied
EZYV382,Asia,Master's,Y,N,855,2009,Northeast,53519.51,Year,Y,Certified
EZYV11728,Asia,Doctorate,Y,N,2490,2004,South,54495.66,Year,N,Certified
EZYV17154,Asia,Bachelor's,N,N,1965,2009,West,65749.92,Year,Y,Denied
EZYV4385,Asia,High School,Y,N,1470,1990,West,56416.43,Year,Y,Denied
EZYV25123,Asia,Master's,N,N,1911,1976,Island,126858.8,Year,Y,Certified
EZYV8907,Asia,Master's,Y,N,2699,2004,Northeast,229535.14,Year,N,Certified
EZYV936,Asia,Master's,Y,N,880,1997,Northeast,123273.68,Year,Y,Certified
EZYV16099,Europe,Bachelor's,N,Y,3814,1964,Midwest,50827.99,Year,Y,Denied
EZYV18914,Asia,Bachelor's,Y,N,1093,2013,South,151569.46,Year,Y,Denied
EZYV9091,Asia,Bachelor's,N,N,114,1999,West,25842.98,Year,Y,Certified
EZYV4986,North America,Doctorate,N,N,1890,1838,Northeast,253111.05,Year,Y,Certified
EZYV17,Europe,Master's,Y,N,76638,1991,Midwest,3706.79,Year,Y,Certified
EZYV13222,Europe,Master's,N,N,2960,1977,West,136961.84,Year,Y,Certified
EZYV16469,Europe,Doctorate,Y,N,14536,1865,Island,83635.92,Year,Y,Certified
EZYV22733,Asia,Bachelor's,Y,N,370,2005,Midwest,73806.47,Year,Y,Denied
EZYV22161,Asia,Bachelor's,Y,N,4192,1965,Midwest,105292.67,Year,N,Certified
EZYV719,Europe,Bachelor's,N,N,53698,2000,Midwest,153573.56,Year,Y,Certified
EZYV3216,Asia,Doctorate,Y,N,4329,1994,Northeast,29814.74,Year,Y,Certified
EZYV18102,North America,High School,Y,N,89925,1998,Northeast,40457.91,Year,Y,Denied
EZYV6712,Asia,Bachelor's,Y,N,2065,1994,South,72398.42,Year,Y,Denied
EZYV23179,Europe,Doctorate,Y,N,1841,1970,West,87439.59,Year,Y,Certified
EZYV9055,Europe,Master's,N,N,77625,1909,West,25922.1,Year,Y,Certified
EZYV22450,Asia,Master's,Y,N,2132,2013,South,157147.35,Year,Y,Certified
EZYV7836,Asia,Master's,Y,N,93,2006,Northeast,69939.97,Year,Y,Certified
EZYV23043,Asia,Master's,N,N,3917,1983,South,249394.83,Year,N,Certified
EZYV19723,Europe,Doctorate,N,Y,1833,1977,South,118550.77,Year,Y,Certified
EZYV18517,Asia,Bachelor's,N,Y,4478,2010,West,46126.42,Year,Y,Certified
EZYV17979,Europe,Master's,Y,N,482,2009,West,59142.58,Year,Y,Certified
EZYV1070,Asia,Master's,Y,N,1374,2010,West,9743.16,Year,Y,Certified
EZYV17542,North America,High School,Y,N,223,1999,Northeast,13540.73,Year,Y,Denied
EZYV754,Asia,Bachelor's,N,N,3537,1998,Midwest,88664.77,Year,Y,Certified
EZYV15994,Asia,Master's,N,N,2395,1983,Island,201367.99,Year,Y,Denied
EZYV20160,North America,Master's,Y,N,1045,1998,Northeast,4405.31,Year,Y,Certified
EZYV17395,North America,Bachelor's,Y,N,3367,1966,Midwest,27615.79,Year,Y,Certified
EZYV5880,Oceania,Master's,Y,N,3154,1986,Midwest,107036.53,Year,Y,Certified
EZYV6690,Europe,Bachelor's,N,N,1420,2008,West,1259.39,Year,Y,Certified
EZYV6738,Asia,Master's,N,N,2639,1974,West,63055.44,Year,Y,Certified
EZYV24321,Europe,Bachelor's,N,N,3099,1982,Northeast,38543.05,Year,Y,Certified
EZYV7230,Europe,High School,Y,N,1461,1988,West,45205.15,Year,Y,Denied
EZYV2512,Asia,Bachelor's,N,N,911,1881,Northeast,129087.05,Year,Y,Denied
EZYV22060,Asia,Master's,Y,N,3013,2005,West,82382.24,Year,Y,Certified
EZYV13653,Asia,Bachelor's,N,N,938,2012,Northeast,154523.77,Year,Y,Certified
EZYV1663,Asia,High School,Y,N,540,1997,West,87049.43,Year,Y,Denied
EZYV6099,Asia,High School,Y,N,3456,2007,South,115974.56,Year,Y,Denied
EZYV11575,Asia,Bachelor's,Y,N,59,2001,Northeast,46057.7,Year,Y,Denied
EZYV21708,Asia,Bachelor's,N,N,4379,2008,Midwest,79676.38,Year,Y,Denied
EZYV11771,Asia,Master's,N,N,79290,1984,West,208482.93,Year,Y,Denied
EZYV13814,North America,Master's,Y,N,1976,2008,Island,136323.49,Year,Y,Certified
EZYV5478,North America,Doctorate,N,Y,34346,2000,South,72665.49,Year,Y,Certified
EZYV6351,Asia,Bachelor's,N,Y,241,2012,West,45991.89,Year,Y,Denied
EZYV3959,Asia,Bachelor's,N,N,3420,1984,South,44172.14,Year,Y,Denied
EZYV2140,North America,Master's,Y,N,2082,2011,West,97343.56,Year,N,Certified
EZYV4023,Asia,Master's,N,Y,2316,2006,West,64727.78,Year,Y,Denied
EZYV4588,Asia,Master's,Y,N,1417,2010,Midwest,78192.76,Year,Y,Certified
EZYV6993,Asia,Bachelor's,N,N,3347,2007,Northeast,104484.75,Year,Y,Certified
EZYV10477,Europe,High School,N,N,213,1912,Northeast,110011.2,Year,N,Denied
EZYV4704,Europe,Master's,Y,N,2260,2009,South,373.2045,Hour,Y,Certified
EZYV1965,Asia,Bachelor's,Y,N,3731,1999,South,156564.13,Year,N,Certified
EZYV12240,Asia,Master's,Y,N,24124,1977,South,104871.39,Year,Y,Certified
EZYV14774,Asia,Bachelor's,N,N,1052,1993,Northeast,65252.28,Year,Y,Certified
EZYV20290,Europe,Bachelor's,Y,Y,2684,2011,Northeast,96036.58,Year,Y,Certified
EZYV9909,Asia,Master's,Y,N,636,2005,South,124218.44,Year,Y,Certified
EZYV9045,Asia,Master's,Y,N,1853,2007,Midwest,118290.54,Year,Y,Certified
EZYV24092,Europe,Master's,N,N,3407,1977,South,142432.57,Year,Y,Certified
EZYV12638,Asia,High School,N,Y,525,2001,Midwest,97298.69,Year,Y,Denied
EZYV4400,Asia,Doctorate,Y,N,1358,2000,Northeast,39013.19,Year,Y,Certified
EZYV8864,North America,Bachelor's,N,N,1829,1969,West,44441.86,Year,Y,Certified
EZYV13370,Asia,Master's,Y,N,2898,1993,West,36147.66,Year,N,Denied
EZYV18811,Asia,Bachelor's,Y,N,3703,1979,West,201827.86,Year,Y,Certified
EZYV5352,Asia,Doctorate,N,N,4759,2006,Midwest,125393.1,Year,Y,Certified
EZYV2180,North America,High School,Y,N,5545,2005,West,51725.47,Year,Y,Certified
EZYV5946,Asia,Master's,N,N,74815,1926,Island,165693.26,Year,N,Certified
EZYV5032,South America,Master's,Y,N,256,1954,Northeast,97329.25,Year,Y,Certified
EZYV251,Asia,Master's,Y,N,4280,2004,Northeast,61147.07,Year,Y,Certified
EZYV12554,Europe,Bachelor's,Y,N,327,1866,Northeast,26874.27,Year,Y,Certified
EZYV92,North America,Bachelor's,N,N,4103,2004,Northeast,125880.21,Year,Y,Denied
EZYV6538,Asia,Master's,N,N,766,1977,South,246.81,Hour,Y,Certified
EZYV22186,Asia,Bachelor's,N,N,2193,1973,Northeast,41003.82,Year,Y,Denied
EZYV3204,Asia,Master's,Y,N,1454,2010,Northeast,3673.63,Year,Y,Certified
EZYV2741,North America,Master's,N,N,3089,2005,West,127951.85,Year,N,Denied
EZYV25071,Asia,Bachelor's,Y,N,1914,2007,West,35987.75,Year,N,Denied
EZYV23122,Europe,Master's,N,Y,24902,1983,West,30496.74,Year,Y,Denied
EZYV4155,Asia,Bachelor's,Y,N,5398,2001,South,39776.26,Year,Y,Certified
EZYV7101,Asia,High School,N,Y,636,2011,South,120298.68,Year,Y,Denied
EZYV21160,Asia,Bachelor's,Y,N,139,1938,Northeast,6036.67,Year,Y,Denied
EZYV3398,Europe,Master's,Y,Y,2190,1994,Island,60605.79,Year,Y,Certified
EZYV6800,Asia,Bachelor's,Y,N,926,1878,South,6948.67,Year,Y,Certified
EZYV8667,South America,Bachelor's,Y,N,61,2004,Northeast,85934.41,Year,Y,Certified
EZYV13247,Europe,High School,Y,N,150,2001,Northeast,7855.31,Year,Y,Denied
EZYV5531,Europe,Doctorate,Y,N,2084,2005,West,20732.57,Year,Y,Certified
EZYV4020,Asia,High School,N,N,1382,2001,West,81973.52,Week,Y,Denied
EZYV20554,North America,Bachelor's,N,Y,3881,2010,West,37813.1,Year,Y,Certified
EZYV7016,North America,Master's,Y,N,2729,1976,West,234406.36,Week,Y,Certified
EZYV13822,Asia,Master's,N,Y,693,2000,South,149931.85,Year,Y,Certified
EZYV2647,Asia,Bachelor's,Y,N,811,2000,Midwest,155515.14,Year,Y,Certified
EZYV4119,Europe,Doctorate,N,Y,2145,1992,West,20690.04,Year,Y,Certified
EZYV10326,Europe,Bachelor's,Y,N,3759,2001,South,95735.52,Year,Y,Certified
EZYV16666,North America,High School,N,Y,3067,2006,West,132212.54,Year,Y,Certified
EZYV20630,Asia,Bachelor's,Y,N,4249,2004,South,151701.25,Year,Y,Certified
EZYV19633,Europe,Bachelor's,Y,N,3616,1998,South,84582.21,Year,Y,Certified
EZYV5077,Asia,Master's,Y,N,5998,1972,South,91086.97,Year,N,Certified
EZYV5865,Asia,Master's,N,N,2428,1997,Northeast,42929.42,Year,Y,Certified
EZYV14475,Africa,Master's,N,N,3126,1983,Island,122215.53,Year,Y,Denied
EZYV4012,Asia,Bachelor's,Y,N,4944,1979,South,62577.41,Year,Y,Certified
EZYV23908,North America,Master's,Y,N,310628,1986,West,101619.15,Year,Y,Denied
EZYV1539,Asia,Bachelor's,N,N,3002,1997,South,144782.66,Year,Y,Certified
EZYV15431,Asia,Bachelor's,Y,N,1627,1974,South,43853.94,Year,Y,Denied
EZYV6085,Asia,Master's,Y,N,1646,2007,Northeast,141324.72,Year,Y,Certified
EZYV85,Asia,Master's,Y,Y,1023,2002,South,174014.59,Year,Y,Certified
EZYV17613,Asia,Master's,N,N,906,1947,Northeast,123.44,Hour,Y,Denied
EZYV21435,Asia,Bachelor's,N,N,2895,2003,Northeast,115.2475,Hour,Y,Denied
EZYV17266,Asia,Master's,Y,N,5287,1971,West,21229.23,Year,Y,Certified
EZYV770,Europe,High School,N,N,3615,2012,West,141020.04,Year,Y,Denied
EZYV18278,Asia,Bachelor's,N,Y,94019,2010,South,123974.14,Year,Y,Certified
EZYV13823,Asia,Bachelor's,N,N,2538,1839,Northeast,99745.33,Year,Y,Certified
EZYV3550,Asia,Bachelor's,N,N,4342,1997,Northeast,18935.59,Year,Y,Denied
EZYV10896,North America,Master's,N,N,5002,1997,West,102319.91,Year,Y,Denied
EZYV15389,Asia,Bachelor's,Y,N,823,2012,South,88987.16,Year,Y,Certified
EZYV14373,North America,Master's,Y,N,455,1999,Island,124729.03,Year,Y,Certified
EZYV18705,Europe,High School,N,N,3212,2006,Midwest,431.2125,Hour,Y,Certified
EZYV19348,Europe,Doctorate,Y,Y,1032,1989,Northeast,113234.8,Year,Y,Certified
EZYV19681,North America,Master's,Y,N,328,1986,West,232473.44,Year,Y,Denied
EZYV23730,Europe,Doctorate,N,Y,1316,1985,South,110145.36,Year,Y,Certified
EZYV23385,Asia,Master's,Y,N,1208,1888,Northeast,33150.57,Year,Y,Denied
EZYV22740,North America,Master's,N,N,25121,1999,South,31933.95,Year,N,Certified
EZYV20257,Asia,Doctorate,Y,Y,1573,2010,South,115655.01,Year,Y,Certified
EZYV6258,Asia,Bachelor's,N,Y,3462,1999,West,110110.28,Year,Y,Certified
EZYV20641,North America,Bachelor's,N,N,3300,1988,Northeast,214788.51,Year,Y,Denied
EZYV11729,South America,High School,N,N,59,1947,Northeast,174.35,Hour,Y,Denied
EZYV15851,Asia,Bachelor's,N,N,1183,2001,Northeast,95771.26,Year,Y,Certified
EZYV12315,Asia,Master's,Y,N,1376,1933,Midwest,145039.62,Year,Y,Certified
EZYV2572,Asia,Master's,N,N,2325,1865,West,67889.69,Year,Y,Denied
EZYV8886,Asia,High School,N,N,3899,1970,Midwest,41807.57,Year,Y,Denied
EZYV7613,Europe,Bachelor's,N,N,1450,1997,South,70358.59,Year,Y,Certified
EZYV17014,Europe,High School,Y,Y,1385,2002,South,91506.51,Year,Y,Certified
EZYV11310,Europe,Bachelor's,Y,N,522,1999,South,99323.3,Year,N,Certified
EZYV20125,North America,Doctorate,Y,N,2315,2007,Midwest,113850.16,Year,Y,Certified
EZYV18912,Asia,Master's,Y,N,2384,2001,West,14517.69,Year,Y,Certified
EZYV16567,Asia,Master's,Y,Y,3478,1987,South,116879.57,Year,Y,Certified
EZYV8227,Africa,Master's,N,N,1427,1984,West,58594.99,Year,Y,Certified
EZYV4105,Asia,Bachelor's,Y,N,6245,2009,West,93970.69,Week,Y,Certified
EZYV13007,Asia,High School,N,N,3538,2011,South,74187.59,Year,Y,Denied
EZYV4571,Asia,Bachelor's,Y,N,411,2012,Northeast,84556.5,Year,Y,Certified
EZYV18587,Asia,Doctorate,N,Y,3586,2009,West,25418.82,Year,Y,Certified
EZYV6493,Asia,Bachelor's,Y,N,19660,2005,Northeast,72422.66,Year,Y,Certified
EZYV19404,South America,High School,Y,Y,64,1996,Northeast,96560.28,Week,Y,Denied
EZYV8427,Asia,Bachelor's,Y,N,128,1947,South,51294.76,Year,Y,Certified
EZYV5513,Asia,Master's,N,N,818,1997,South,77988.65,Year,Y,Certified
EZYV15800,Asia,Bachelor's,N,N,3582,1993,Northeast,72948.78,Year,Y,Certified
EZYV3079,Europe,Master's,Y,N,1995,2012,Northeast,106631.92,Year,Y,Certified
EZYV6395,Asia,Bachelor's,N,N,67550,1971,Midwest,77096.9,Year,Y,Denied
EZYV20646,Asia,Bachelor's,N,N,728,2003,West,85704.18,Year,Y,Certified
EZYV673,Asia,Master's,N,N,111654,2012,Northeast,963.0685,Hour,Y,Denied
EZYV26,North America,Master's,N,N,1100,1997,Midwest,99489.65,Year,Y,Certified
EZYV14972,Europe,Master's,Y,Y,1331,2012,South,3612.03,Year,Y,Certified
EZYV21162,Asia,Bachelor's,N,N,2058,2015,South,115412.76,Year,Y,Certified
EZYV11396,Asia,Bachelor's,N,Y,3222,2000,South,144728.15,Year,Y,Certified
EZYV4462,Europe,High School,Y,N,473,2001,West,41738.38,Year,Y,Denied
EZYV23341,Asia,Bachelor's,N,N,3843,2000,South,69143.29,Year,Y,Denied
EZYV13587,Asia,Master's,Y,N,3704,2003,Midwest,107465.64,Year,N,Denied
EZYV12597,North America,Bachelor's,Y,N,1299,1896,Northeast,28141.06,Year,Y,Certified
EZYV4097,Asia,Bachelor's,Y,N,469,1997,Northeast,406.05,Year,Y,Certified
EZYV4458,Asia,Bachelor's,N,N,1935,2007,Northeast,38579.29,Year,Y,Denied
EZYV10182,Europe,Doctorate,N,N,4439,2004,South,6308.79,Year,Y,Certified
EZYV7813,North America,Bachelor's,N,N,1138,1991,Island,62953.34,Year,Y,Denied
EZYV6937,Asia,Bachelor's,Y,N,1494,2010,West,104011.52,Year,Y,Certified
EZYV20378,Asia,Doctorate,Y,Y,1680,2003,Northeast,71124.82,Year,Y,Certified
EZYV5365,Asia,Bachelor's,Y,N,2182,2014,South,61564.6,Year,Y,Certified
EZYV9393,Asia,High School,N,N,1836,1998,South,140421.08,Year,Y,Denied
EZYV6306,Africa,High School,N,Y,571,1946,Northeast,133774.72,Year,Y,Denied
EZYV3677,Asia,Bachelor's,Y,N,122,1923,Northeast,131969.66,Year,N,Certified
EZYV5382,Europe,Master's,N,N,1752,1920,Northeast,920.8805,Hour,Y,Denied
EZYV23743,Europe,Doctorate,N,N,1919,1980,West,28902.49,Year,Y,Denied
EZYV10357,Asia,Bachelor's,Y,N,1858,2006,West,25790.89,Year,Y,Certified
EZYV17140,Europe,Bachelor's,N,N,1737,2013,South,2655.45,Year,Y,Certified
EZYV22594,Asia,High School,Y,N,3939,2004,Northeast,139.7277,Hour,Y,Denied
EZYV8501,North America,Bachelor's,N,N,2751,1850,West,113991.6,Year,Y,Certified
EZYV18638,Asia,Bachelor's,Y,N,854,1991,South,126511.45,Year,N,Certified
EZYV20026,Asia,Bachelor's,N,N,11072,1932,Northeast,65841.64,Year,Y,Denied
EZYV16533,Asia,Master's,Y,N,20942,1918,Northeast,51871.19,Year,N,Certified
EZYV15654,Asia,Bachelor's,N,N,3103,1930,West,101.66,Hour,Y,Denied
EZYV14702,Africa,Master's,Y,N,110206,1928,Midwest,228645.15,Year,Y,Certified
EZYV13957,Africa,Bachelor's,Y,Y,2524,1952,West,68044.65,Year,Y,Certified
EZYV9239,Asia,Doctorate,N,Y,1131,1997,West,3556.83,Year,Y,Certified
EZYV18219,Asia,High School,N,N,3493,1971,Midwest,197598.54,Year,Y,Certified
EZYV17902,Europe,High School,N,Y,3792,1978,West,106680.94,Year,Y,Denied
EZYV2080,North America,High School,Y,N,921,2007,Northeast,51798.26,Year,Y,Certified
EZYV16158,Asia,Master's,Y,N,-11,1994,South,62681.25,Year,Y,Certified
EZYV12998,Asia,Master's,N,N,2583,1993,West,63646.96,Year,Y,Denied
EZYV24328,Asia,Master's,Y,N,1890,2002,West,70953.13,Year,N,Denied
EZYV6354,Asia,High School,N,Y,95,2011,West,38382.91,Year,Y,Denied
EZYV23297,Europe,Bachelor's,Y,Y,758,2000,Island,95057.67,Year,Y,Certified
EZYV3352,Asia,Bachelor's,N,N,569,1840,Northeast,111155.99,Year,Y,Denied
EZYV11177,North America,Bachelor's,Y,N,4527,1997,Midwest,51306.59,Year,Y,Denied
EZYV13634,Asia,Bachelor's,Y,N,2711,1998,South,80085.36,Year,N,Certified
EZYV24468,Europe,Bachelor's,N,Y,94,1841,South,118981.15,Year,N,Denied
EZYV24404,Asia,Bachelor's,Y,N,861,1998,Midwest,132756.76,Year,Y,Certified
EZYV8990,Asia,Bachelor's,N,Y,548,2012,West,72555.4,Year,Y,Certified
EZYV14374,Asia,Master's,N,N,3802,1996,Midwest,26019.48,Year,Y,Certified
EZYV1795,Asia,Master's,Y,N,3432,1989,Midwest,168220.74,Year,Y,Certified
EZYV20644,Asia,Master's,Y,N,3539,2000,Midwest,130013.75,Year,Y,Certified
EZYV15660,Asia,Bachelor's,N,Y,1572,2012,South,55850.16,Year,Y,Certified
EZYV20775,Asia,High School,Y,N,2039,1984,Northeast,163581.86,Year,Y,Certified
EZYV15544,Asia,Bachelor's,N,N,4180,1884,Northeast,88515.94,Year,Y,Certified
EZYV11812,Asia,Bachelor's,Y,N,1358,1986,Northeast,146403.6,Year,Y,Denied
EZYV8964,Asia,Master's,N,N,2484,2008,Midwest,48990.05,Year,Y,Certified
EZYV7562,Europe,Bachelor's,N,Y,2684,1990,Northeast,74278.18,Year,Y,Certified
EZYV15184,Africa,Master's,Y,N,4704,1998,Northeast,72225.79,Year,Y,Certified
EZYV21671,Asia,Master's,Y,N,1225,1945,West,2978.8,Year,Y,Certified
EZYV3902,Europe,Doctorate,N,N,3162,1966,Northeast,30476.29,Year,Y,Certified
EZYV8904,Asia,Master's,Y,N,55,2006,Midwest,174882.93,Year,Y,Certified
EZYV17536,Asia,High School,N,N,1443,2004,South,257775.44,Year,Y,Certified
EZYV4448,North America,Bachelor's,Y,N,5780,2010,West,75555.93,Year,Y,Denied
EZYV19754,Europe,Master's,N,Y,2962,2001,West,145597.09,Year,Y,Denied
EZYV1010,Asia,Bachelor's,N,Y,1708,2011,Midwest,40719.26,Year,Y,Certified
EZYV21134,Asia,Bachelor's,Y,N,440,1943,Northeast,37612.22,Year,Y,Denied
EZYV18409,Europe,High School,N,N,1533,2014,Midwest,51037.6,Year,Y,Certified
EZYV12134,Asia,Bachelor's,Y,N,318,1985,Midwest,15999.93,Year,Y,Certified
EZYV13486,Asia,Bachelor's,Y,N,1561,1998,Northeast,92099.71,Year,Y,Certified
EZYV13638,Asia,Doctorate,Y,N,1986,2010,Northeast,16177.16,Year,Y,Certified
EZYV19460,Europe,Bachelor's,Y,N,1085,2005,South,15988.85,Year,Y,Certified
EZYV8473,Asia,Master's,N,N,1566,1995,West,19736.48,Year,Y,Certified
EZYV16196,Asia,Bachelor's,Y,N,4547,1978,West,90670.38,Year,Y,Denied
EZYV11853,Europe,Bachelor's,N,N,105,2001,Northeast,109246.91,Year,Y,Denied
EZYV25254,Asia,Master's,Y,N,1860,1971,West,118067.65,Year,N,Certified
EZYV738,Asia,Master's,Y,N,3484,1821,West,61829.31,Year,Y,Certified
EZYV16927,Asia,Doctorate,Y,N,247,2001,Northeast,46345.94,Year,Y,Certified
EZYV15175,North America,Bachelor's,N,N,3399,1909,West,88436.0,Year,N,Denied
EZYV10802,Asia,High School,Y,Y,122255,2014,South,42048.73,Year,Y,Denied
EZYV15212,Asia,Bachelor's,Y,N,5134,1996,South,72191.79,Year,Y,Certified
EZYV21012,Asia,Master's,N,N,1751,1988,Midwest,106571.49,Year,Y,Certified
EZYV7280,Europe,Bachelor's,Y,N,215,2013,West,5561.41,Year,N,Denied
EZYV24077,North America,Master's,N,N,3051,2005,Northeast,127908.53,Year,Y,Denied
EZYV21859,Asia,Bachelor's,Y,N,3331,2004,West,140328.15,Year,Y,Denied
EZYV15661,Asia,Master's,Y,N,4078,1968,South,35652.1,Year,Y,Certified
EZYV12933,South America,Bachelor's,Y,N,956,1996,South,91261.7,Year,N,Denied
EZYV5826,Asia,High School,N,N,1213,2001,Midwest,467.24,Hour,Y,Denied
EZYV22159,North America,Master's,Y,N,2774,1989,South,143100.63,Year,N,Denied
EZYV3937,Asia,High School,Y,N,2741,1971,Northeast,293.0452,Hour,Y,Denied
EZYV8898,Europe,Bachelor's,Y,N,2624,2006,Northeast,101182.94,Year,Y,Certified
EZYV23363,Asia,Master's,Y,N,9302,1977,Midwest,124995.72,Year,Y,Certified
EZYV21497,Asia,Bachelor's,N,N,96,1997,Northeast,345.9177,Hour,Y,Denied
EZYV17861,Asia,Master's,N,N,4867,2014,Island,38751.66,Year,Y,Denied
EZYV25041,Asia,Bachelor's,Y,Y,2178,1963,West,75073.61,Year,Y,Certified
EZYV18267,Europe,Doctorate,Y,N,2259,1873,West,19296.23,Year,Y,Certified
EZYV13817,South America,Master's,Y,N,2509,2009,West,30577.69,Year,Y,Certified
EZYV25338,Asia,Master's,N,N,909,1999,Midwest,100743.2,Year,Y,Certified
EZYV3508,Asia,Bachelor's,Y,N,2977,1989,West,245418.67,Year,Y,Certified
EZYV23279,North America,Master's,N,N,737,1990,Northeast,533.0116,Hour,Y,Denied
EZYV24950,Asia,Master's,N,N,3029,2011,South,97359.62,Year,N,Certified
EZYV16633,Asia,Master's,Y,N,1387,2004,South,86669.35,Year,Y,Certified
EZYV8215,Europe,Bachelor's,Y,N,567,1883,Northeast,56733.59,Year,Y,Denied
EZYV12148,Europe,Bachelor's,N,N,497,1995,South,25755.42,Year,Y,Certified
EZYV11582,Asia,Bachelor's,Y,N,913,1987,Northeast,552.3862,Hour,Y,Denied
EZYV2819,North America,Bachelor's,N,N,2482,2002,Midwest,157950.29,Year,Y,Denied
EZYV4896,Asia,Bachelor's,N,N,1972,1997,Northeast,13358.9,Year,Y,Denied
EZYV9316,Asia,Master's,Y,N,4812,1984,Northeast,10715.62,Year,Y,Certified
EZYV2907,Asia,Bachelor's,N,Y,7592,1885,South,48288.09,Year,Y,Denied
EZYV1331,Asia,High School,N,N,2446,2009,Northeast,136201.77,Year,Y,Denied
EZYV13607,Asia,Master's,N,N,1809,2005,Northeast,39646.92,Year,Y,Denied
EZYV19351,North America,Master's,Y,N,978,2010,South,30544.68,Year,Y,Certified
EZYV19384,Europe,Bachelor's,Y,N,10814,1997,South,157770.0,Year,N,Certified
EZYV13138,Asia,Master's,N,N,894,1902,South,739.4609,Hour,Y,Denied
EZYV3840,North America,Master's,Y,N,4887,1976,Northeast,117440.97,Week,Y,Certified
EZYV20851,Asia,High School,Y,N,26549,1980,West,5551.43,Year,Y,Certified
EZYV11078,Asia,Bachelor's,Y,N,3197,1998,South,82948.63,Year,Y,Certified
EZYV20326,Europe,Doctorate,Y,Y,6543,1955,West,60283.18,Year,Y,Certified
EZYV6634,Asia,Master's,N,N,837,1857,Island,110210.49,Year,Y,Certified
EZYV19906,Asia,Bachelor's,Y,N,1509,1963,Midwest,102680.92,Year,N,Certified
EZYV16664,Europe,Bachelor's,N,N,2527,1998,West,40125.84,Year,Y,Certified
EZYV25293,North America,Master's,Y,N,2058,1998,West,143564.1,Year,Y,Certified
EZYV10264,Asia,Master's,N,Y,836,2006,South,68641.46,Year,Y,Certified
EZYV18942,Asia,Master's,Y,N,1622,1993,Midwest,143184.09,Year,Y,Certified
EZYV22444,Asia,Master's,N,N,602,1976,South,108810.85,Year,Y,Denied
EZYV12017,Asia,Bachelor's,N,N,4871,2002,Midwest,24041.35,Year,Y,Certified
EZYV17771,Asia,Doctorate,N,N,1855,2003,Northeast,30672.78,Year,Y,Certified
EZYV25333,Asia,Bachelor's,Y,N,743,2007,South,88810.89,Year,Y,Certified
EZYV6683,Asia,Bachelor's,Y,N,3348,1999,Midwest,142140.43,Year,Y,Certified
EZYV19370,Asia,Master's,Y,N,3623,1986,West,10550.14,Year,Y,Denied
EZYV3635,Asia,High School,N,N,2593,2007,Northeast,98157.02,Year,Y,Denied
EZYV6662,Asia,Bachelor's,Y,N,4818,1984,Northeast,208640.93,Year,Y,Certified
EZYV15068,Europe,Master's,Y,N,1699,1953,Northeast,24996.66,Year,Y,Certified
EZYV11964,Asia,Doctorate,Y,N,132,1999,Midwest,31732.61,Year,Y,Certified
EZYV7717,Asia,High School,N,Y,1985,1979,West,41351.1,Year,Y,Denied
EZYV2488,Asia,Bachelor's,Y,N,2663,1885,Northeast,167509.74,Year,N,Certified
EZYV1780,Asia,High School,Y,N,1040,1998,West,96294.89,Year,Y,Denied
EZYV22900,Asia,High School,N,Y,1244,2012,Northeast,112481.5,Year,Y,Certified
EZYV19477,Europe,Master's,Y,N,1104,2000,South,56797.94,Year,Y,Certified
EZYV1420,Africa,Bachelor's,Y,N,502,2004,Northeast,56203.25,Year,Y,Certified
EZYV12782,Asia,Doctorate,N,Y,2656,1988,Northeast,91483.1,Year,Y,Certified
EZYV18407,Asia,Bachelor's,Y,N,3503,2006,South,151821.95,Year,Y,Denied
EZYV18787,Asia,High School,N,N,4046,1996,Midwest,125395.07,Year,Y,Denied
EZYV17697,Asia,Master's,Y,N,1154,1919,South,35802.6,Year,N,Certified
EZYV19336,Asia,High School,Y,N,6738,2011,South,15445.23,Year,Y,Denied
EZYV15856,North America,Bachelor's,Y,N,1487,2013,Northeast,41649.43,Year,Y,Certified
EZYV15532,Asia,Master's,N,N,3380,1965,South,144834.39,Year,N,Certified
EZYV21833,Asia,Bachelor's,Y,N,3006,1962,West,17748.23,Year,Y,Denied
EZYV1187,Asia,Master's,N,N,801,1945,Midwest,128078.97,Year,Y,Certified
EZYV2603,Asia,Master's,Y,Y,15420,1892,South,120329.66,Year,Y,Certified
EZYV23486,Asia,High School,Y,Y,878,1947,South,82071.13,Year,Y,Denied
EZYV20163,Asia,Bachelor's,Y,N,3061,1986,West,40953.27,Year,Y,Certified
EZYV6529,Asia,Master's,N,N,1250,1998,Northeast,125470.03,Year,Y,Certified
EZYV23655,Europe,Master's,Y,N,1817,1973,South,35581.93,Year,Y,Certified
EZYV19279,Asia,Bachelor's,N,N,1727,2000,West,68818.99,Year,Y,Denied
EZYV10331,North America,Master's,Y,N,2535,1975,Northeast,245197.29,Year,N,Certified
EZYV25042,Asia,Bachelor's,Y,N,1189,2010,Northeast,58805.84,Year,Y,Certified
EZYV24570,Asia,Doctorate,Y,N,1183,1969,Northeast,231545.19,Year,N,Certified
EZYV6905,Asia,Bachelor's,Y,N,2229,1979,Northeast,110082.91,Year,Y,Certified
EZYV14052,Asia,Bachelor's,Y,N,2727,2011,West,60834.42,Year,Y,Certified
EZYV5786,North America,Bachelor's,N,Y,2614,2007,South,68937.13,Year,Y,Certified
EZYV18710,North America,Bachelor's,N,N,2243,2007,Midwest,129458.05,Year,N,Certified
EZYV11842,Asia,Bachelor's,N,N,57424,2007,South,494.9521,Hour,Y,Certified
EZYV19425,Europe,Master's,N,N,1860,2000,Northeast,79621.11,Year,N,Denied
EZYV22713,Asia,High School,Y,Y,3193,1951,West,68630.14,Year,Y,Certified
EZYV5688,Asia,Bachelor's,Y,N,2458,1967,Northeast,143751.12,Year,Y,Certified
EZYV13964,Asia,High School,N,N,89,1997,Northeast,94344.67,Year,N,Denied
EZYV16346,Asia,Master's,Y,N,30690,2005,Northeast,34445.14,Year,Y,Certified
EZYV25146,North America,High School,Y,N,304,1987,Midwest,29362.09,Year,Y,Certified
EZYV1237,Africa,Master's,Y,N,314,1997,Northeast,72130.76,Year,Y,Certified
EZYV24198,Asia,Master's,N,N,2111,1930,Midwest,46386.84,Year,Y,Denied
EZYV10910,Asia,Bachelor's,Y,N,424,2006,West,8935.83,Year,Y,Certified
EZYV13280,Asia,Bachelor's,Y,N,4567,1919,West,34449.58,Year,Y,Denied
EZYV2784,Asia,High School,Y,N,517884,1979,South,108936.22,Year,Y,Denied
EZYV1339,Asia,Master's,Y,N,1571,1837,Midwest,120382.79,Year,Y,Certified
EZYV2550,Asia,High School,Y,N,5223,1997,South,79263.12,Year,Y,Certified
EZYV7506,North America,Bachelor's,N,N,292,2009,Northeast,2183.23,Week,Y,Certified
EZYV17983,Europe,High School,Y,N,3646,2009,Northeast,51670.91,Year,Y,Certified
EZYV9138,Asia,Bachelor's,Y,N,6492,2001,West,76947.81,Year,N,Certified
EZYV1533,Europe,High School,N,N,1041,2002,West,14995.93,Year,Y,Denied
EZYV22611,Asia,High School,N,N,602,1998,Northeast,147644.76,Year,Y,Certified
EZYV7764,Asia,Bachelor's,Y,N,166,1981,Midwest,16239.03,Year,Y,Denied
EZYV7842,Asia,High School,Y,Y,299,1989,South,69151.54,Year,Y,Denied
EZYV3381,Asia,Bachelor's,N,N,3332,2007,Northeast,104978.15,Year,Y,Denied
EZYV9487,Asia,Master's,Y,N,413,2009,South,50110.13,Year,Y,Certified
EZYV23316,Africa,Doctorate,N,N,4320,1870,Northeast,39471.74,Year,Y,Certified
EZYV5079,Asia,Bachelor's,Y,N,1260,2007,West,265.7185,Hour,Y,Certified
EZYV12825,Europe,Doctorate,Y,N,5089,2002,Northeast,51003.12,Year,Y,Certified
EZYV325,Europe,Bachelor's,Y,N,6188,1993,South,94830.46,Year,Y,Certified
EZYV20906,Asia,Master's,Y,N,241162,1880,Midwest,136826.1,Year,Y,Certified
EZYV21828,Asia,Master's,N,N,564,1997,Midwest,97764.44,Year,Y,Certified
EZYV11293,Asia,Bachelor's,Y,N,4682,2005,West,48990.93,Year,Y,Certified
EZYV7723,Asia,Doctorate,N,Y,3644,2001,West,78943.51,Year,Y,Certified
EZYV20230,Europe,Bachelor's,N,N,124,1996,West,15854.64,Year,Y,Certified
EZYV5543,South America,Bachelor's,Y,N,834,1974,Northeast,66348.82,Year,Y,Certified
EZYV201,Asia,Doctorate,Y,N,3282,1979,West,74441.11,Year,Y,Certified
EZYV10913,Asia,Bachelor's,N,N,3590,2001,Northeast,50866.22,Year,Y,Certified
EZYV21730,Asia,Bachelor's,Y,N,155,2007,West,151403.23,Year,Y,Denied
EZYV910,Asia,Doctorate,Y,Y,1961,1998,West,91772.54,Year,Y,Certified
EZYV17411,Asia,Bachelor's,N,Y,908,1997,South,96934.66,Year,Y,Certified
EZYV216,Europe,Bachelor's,N,Y,789,1925,Midwest,21282.82,Year,Y,Certified
EZYV150,Asia,Master's,N,N,2326,1933,West,123739.41,Year,Y,Denied
EZYV15732,Asia,Master's,Y,N,144576,1986,Northeast,55493.82,Year,Y,Certified
EZYV19106,Asia,Bachelor's,N,Y,1354,2005,South,59228.35,Year,Y,Certified
EZYV9310,North America,High School,N,N,69036,2005,Northeast,117542.92,Year,Y,Certified
EZYV19226,North America,Master's,N,N,2404,1965,South,104317.18,Year,Y,Certified
EZYV15148,Asia,Doctorate,Y,N,5838,1934,West,27108.6,Year,Y,Certified
EZYV2757,Asia,High School,N,N,4813,2007,Midwest,66453.54,Year,Y,Denied
EZYV10672,Asia,Bachelor's,Y,N,3365,1928,South,316.9498,Hour,Y,Certified
EZYV2013,Asia,Bachelor's,N,N,2056,1987,South,102323.92,Year,Y,Certified
EZYV24323,Asia,Bachelor's,Y,N,1610,2012,Midwest,109107.67,Year,Y,Certified
EZYV16590,Asia,High School,Y,N,2715,1960,South,6943.61,Year,Y,Certified
EZYV21482,Asia,Bachelor's,N,N,1720,1977,Northeast,50233.3,Year,Y,Denied
EZYV14801,South America,Master's,Y,N,2481,1887,West,40515.44,Year,Y,Denied
EZYV9982,Asia,Bachelor's,Y,N,1833,1995,Northeast,22386.15,Year,Y,Certified
EZYV13520,Asia,High School,Y,N,388,1900,South,148376.03,Year,Y,Denied
EZYV24629,Asia,Master's,N,N,52972,1919,Midwest,561.9343,Hour,Y,Denied
EZYV9957,Asia,Master's,N,N,3960,1981,Midwest,121933.89,Year,N,Certified
EZYV7405,Europe,Doctorate,Y,N,5248,1998,West,54889.53,Year,Y,Certified
EZYV5810,Asia,Master's,Y,N,978,1990,Midwest,79374.96,Year,Y,Certified
EZYV5275,Asia,Bachelor's,Y,N,261,2007,South,127597.92,Year,Y,Certified
EZYV11672,Europe,Master's,N,N,2324,2006,South,49993.47,Year,Y,Certified
EZYV10049,Europe,Bachelor's,N,Y,20174,1997,West,125144.74,Year,Y,Certified
EZYV11221,North America,Master's,Y,N,2147,2011,Midwest,148755.52,Year,Y,Certified
EZYV19,Africa,Master's,Y,N,4743,2004,Midwest,150441.13,Year,Y,Certified
EZYV8926,Asia,Doctorate,Y,N,3809,1979,South,62185.1,Year,Y,Certified
EZYV19996,Europe,Bachelor's,Y,N,3773,2011,Northeast,68468.16,Year,Y,Certified
EZYV15113,Asia,Bachelor's,Y,N,3267,2002,Northeast,46598.13,Year,Y,Certified
EZYV14148,Europe,Bachelor's,N,Y,1801,1999,Northeast,91564.34,Year,Y,Certified
EZYV22407,Europe,Bachelor's,Y,Y,2766,1999,West,125178.21,Year,Y,Certified
EZYV20815,Asia,Bachelor's,Y,N,4042,1970,Northeast,129952.96,Year,Y,Certified
EZYV19635,Africa,Bachelor's,N,N,1004,2001,South,15497.93,Year,Y,Certified
EZYV7507,Asia,Bachelor's,Y,N,3588,1988,South,94152.5,Year,Y,Certified
EZYV19084,Asia,High School,N,N,1666,2013,Northeast,540.1,Year,Y,Denied
EZYV11065,North America,Master's,Y,N,4802,1943,South,144156.27,Year,N,Denied
EZYV16108,Asia,Master's,Y,N,4880,2005,West,32662.49,Year,Y,Certified
EZYV24354,Asia,Bachelor's,N,N,80,2010,South,85357.66,Year,Y,Denied
EZYV10416,Asia,Bachelor's,N,N,1009,2010,South,78676.37,Year,Y,Denied
EZYV13168,Asia,High School,Y,N,2696,2000,West,72900.32,Year,Y,Denied
EZYV20439,South America,Master's,N,Y,162,1900,Midwest,9759.95,Year,Y,Certified
EZYV12925,Asia,Master's,Y,N,2020,1861,Northeast,75874.11,Year,Y,Certified
EZYV22278,North America,Bachelor's,N,Y,899,2004,Northeast,78026.51,Year,Y,Certified
EZYV12356,North America,Master's,N,N,746,1838,Island,134586.34,Year,N,Certified
EZYV3006,Asia,Bachelor's,Y,N,1327,2008,South,96022.42,Year,Y,Certified
EZYV10790,Asia,Bachelor's,Y,N,4495,1962,South,149141.18,Year,Y,Denied
EZYV19188,Asia,Bachelor's,Y,N,4134,1920,Northeast,631.3547,Hour,Y,Denied
EZYV8999,Europe,High School,N,Y,3436,1997,West,93610.55,Year,Y,Denied
EZYV22634,Asia,Bachelor's,Y,N,4120,2004,Northeast,82810.94,Year,Y,Certified
EZYV22176,Asia,Bachelor's,N,N,1837,1970,Northeast,28893.47,Year,Y,Denied
EZYV23938,Asia,Doctorate,Y,Y,35,2002,South,51623.25,Year,Y,Certified
EZYV10753,Asia,Master's,N,N,2690,1994,South,33614.19,Year,Y,Denied
EZYV15040,Asia,Bachelor's,N,N,2462,1920,Northeast,99284.73,Year,Y,Certified
EZYV17825,Asia,Bachelor's,Y,Y,2348,1957,South,613.8004,Hour,Y,Certified
EZYV2858,Europe,High School,Y,N,5538,1946,Island,43389.02,Year,Y,Denied
EZYV4921,Europe,Doctorate,Y,N,5601,1990,Northeast,7672.13,Year,Y,Certified
EZYV8116,Asia,High School,N,N,1885,1989,Midwest,60901.64,Year,N,Denied
EZYV11000,Europe,Bachelor's,N,N,1961,1964,Midwest,90028.66,Year,Y,Denied
EZYV12535,Asia,Master's,N,N,1968,1909,Northeast,229794.44,Year,N,Certified
EZYV10367,Asia,High School,Y,N,619,2000,West,111997.5,Year,Y,Denied
EZYV19456,Asia,Master's,N,N,471,2012,South,118701.14,Year,Y,Denied
EZYV4184,Europe,Bachelor's,N,Y,519,1959,Midwest,103821.45,Year,Y,Certified
EZYV2610,Asia,Bachelor's,Y,N,514,2004,Northeast,40583.93,Year,Y,Certified
EZYV6765,Asia,Bachelor's,Y,N,1687,2000,Midwest,215192.35,Year,Y,Certified
EZYV3543,Asia,Bachelor's,N,N,3423,1915,Northeast,28120.75,Year,Y,Denied
EZYV13796,Asia,Bachelor's,Y,N,3494,2005,Northeast,72912.67,Year,Y,Certified
EZYV20869,Asia,Bachelor's,N,N,2455,1957,Northeast,272.996,Hour,Y,Certified
EZYV19250,Asia,Bachelor's,Y,N,3724,2010,West,103545.19,Year,Y,Denied
EZYV3890,Asia,Master's,Y,N,2142,1984,West,64402.73,Year,Y,Certified
EZYV23813,Asia,Master's,Y,N,5369,1855,West,39445.27,Year,Y,Certified
EZYV10126,Europe,Master's,N,Y,121,1998,South,63624.42,Year,Y,Certified
EZYV18804,Europe,Doctorate,Y,N,678,2010,West,64554.11,Year,Y,Certified
EZYV7575,Europe,Bachelor's,N,Y,2186,1877,Midwest,153798.52,Year,Y,Certified
EZYV3376,Europe,Master's,N,N,1347,1995,West,141922.07,Year,Y,Certified
EZYV16,Asia,High School,Y,N,4897,1987,West,74108.02,Year,Y,Denied
EZYV24399,Asia,Master's,Y,N,623,1968,West,658.5429,Hour,Y,Denied
EZYV18679,South America,Bachelor's,Y,N,4469,1976,West,73543.08,Year,Y,Denied
EZYV13006,Asia,Bachelor's,N,N,1160,2014,Northeast,71034.56,Year,N,Denied
EZYV16484,Asia,Bachelor's,Y,N,1011,1996,South,45802.11,Year,Y,Denied
EZYV9681,Asia,Master's,Y,N,5669,2000,West,35668.98,Year,Y,Certified
EZYV1029,North America,Master's,N,N,4528,1989,West,33987.17,Year,Y,Denied
EZYV10903,Asia,Bachelor's,Y,N,2343,1997,Island,117346.34,Year,Y,Denied
EZYV22086,Asia,Master's,Y,N,3638,1954,West,38152.17,Year,Y,Certified
EZYV11499,Asia,Master's,N,N,3516,2008,Midwest,51497.37,Year,Y,Certified
EZYV14136,Asia,Bachelor's,N,N,322,1990,Northeast,68333.2,Year,Y,Certified
EZYV11719,Asia,Master's,Y,N,2185,2013,Northeast,54745.47,Year,Y,Certified
EZYV24008,Asia,Bachelor's,Y,N,883,2010,Northeast,21894.51,Year,Y,Certified
EZYV10939,Asia,High School,Y,N,2311,1980,Northeast,72749.0,Year,Y,Denied
EZYV19267,Asia,High School,Y,N,450,1994,Northeast,99341.35,Year,Y,Certified
EZYV21358,Asia,Bachelor's,Y,N,1736,2005,South,14765.24,Year,Y,Certified
EZYV6162,North America,Master's,Y,N,3804,2002,Midwest,122898.11,Year,Y,Certified
EZYV1638,Europe,Bachelor's,Y,Y,1230,1978,South,70211.32,Year,Y,Certified
EZYV14875,Asia,Bachelor's,Y,N,1092,1963,Island,63801.37,Year,Y,Denied
EZYV199,Asia,Master's,N,N,1375,1976,South,94252.62,Year,N,Certified
EZYV18518,Asia,Bachelor's,N,N,1060,1998,West,68340.77,Year,Y,Denied
EZYV12192,Asia,Master's,Y,N,3149,1909,Northeast,34037.56,Year,N,Denied
EZYV14969,Asia,Master's,Y,N,276,1993,Midwest,78387.82,Year,N,Denied
EZYV12405,Europe,Master's,Y,N,1436,1989,South,84839.65,Year,Y,Certified
EZYV4533,Asia,Master's,Y,N,375,1944,Northeast,90538.2,Year,N,Certified
EZYV17838,Europe,High School,Y,N,1514,1999,Northeast,106829.01,Year,Y,Certified
EZYV14441,Asia,Master's,Y,N,3551,2000,South,14840.54,Year,Y,Certified
EZYV10761,Asia,Bachelor's,N,N,2514,1955,Midwest,95160.81,Year,N,Certified
EZYV21752,Asia,Bachelor's,N,N,686,1999,Midwest,94954.61,Year,Y,Denied
EZYV9332,Europe,Doctorate,N,N,3883,1873,West,19411.0,Year,Y,Certified
EZYV6129,North America,Master's,N,N,3053,1974,Midwest,138170.18,Year,N,Certified
EZYV12444,North America,Master's,Y,N,133,2003,Northeast,141099.66,Year,N,Certified
EZYV8572,Asia,Bachelor's,Y,N,1249,2009,South,73476.34,Year,Y,Denied
EZYV20480,Asia,Bachelor's,N,N,905,2013,South,114755.59,Year,Y,Denied
EZYV23950,Asia,Master's,N,N,2476,2006,Midwest,122711.51,Year,Y,Certified
EZYV9648,Europe,Bachelor's,N,N,2258,1998,West,152041.11,Year,Y,Denied
EZYV6835,Asia,Bachelor's,Y,Y,2639,1987,West,25666.2,Year,Y,Certified
EZYV19467,Asia,Bachelor's,Y,N,835,1809,West,81557.74,Year,Y,Certified
EZYV18823,South America,Bachelor's,N,Y,2850,1920,South,5661.67,Year,Y,Denied
EZYV16195,Asia,High School,N,N,16,2005,Northeast,55016.22,Year,Y,Denied
EZYV12073,North America,High School,Y,N,5794,1982,Northeast,65487.01,Year,N,Denied
EZYV11425,North America,High School,Y,N,5990,2006,West,87312.49,Year,Y,Denied
EZYV24669,Asia,Bachelor's,Y,N,2247,2005,West,81826.01,Month,Y,Certified
EZYV11540,Asia,Master's,N,N,1022,2000,Midwest,133640.78,Year,Y,Certified
EZYV2888,Asia,Master's,N,N,5502,1986,Northeast,56041.69,Year,Y,Denied
EZYV10282,Asia,Bachelor's,Y,N,1086,2011,Midwest,143.346,Hour,Y,Denied
EZYV9199,Africa,Bachelor's,Y,Y,537,1994,West,133347.71,Year,Y,Denied
EZYV25186,South America,High School,N,N,4785,1984,Midwest,74839.57,Year,Y,Denied
EZYV18119,Asia,Master's,N,N,30710,1993,Midwest,85459.81,Year,N,Certified
EZYV11354,North America,Master's,Y,N,13790,1998,Northeast,17856.49,Year,Y,Certified
EZYV13995,Asia,Master's,N,N,116,1853,South,45506.73,Year,Y,Certified
EZYV20747,Asia,Master's,N,N,715,1998,Midwest,54780.08,Year,Y,Certified
EZYV7528,Asia,Master's,Y,N,1973,2004,Midwest,137315.86,Year,N,Certified
EZYV23157,Asia,Master's,Y,N,54,1998,Northeast,123302.86,Year,Y,Certified
EZYV24724,Europe,Master's,Y,N,4591,1995,Northeast,51962.44,Year,Y,Denied
EZYV3563,Europe,Bachelor's,N,N,4650,1997,West,69117.89,Year,Y,Denied
EZYV1254,Asia,Bachelor's,Y,N,2665,1980,West,31701.58,Year,Y,Certified
EZYV2879,Asia,Master's,Y,N,1972,1991,South,289.8,Year,Y,Certified
EZYV4969,Asia,High School,Y,N,183,2004,South,76119.17,Year,Y,Denied
EZYV22409,Asia,Master's,Y,N,136,1867,Northeast,203056.19,Year,N,Certified
EZYV19290,Europe,Doctorate,Y,N,1646,1994,Midwest,61545.97,Year,Y,Certified
EZYV13719,North America,Bachelor's,Y,N,891,2000,Northeast,663.237,Hour,Y,Certified
EZYV21647,North America,Master's,N,N,2323,1931,West,101132.65,Year,Y,Certified
EZYV11545,Asia,Bachelor's,Y,N,3847,1992,South,62004.61,Year,Y,Certified
EZYV4716,Asia,Bachelor's,Y,N,128236,2003,South,86421.64,Year,Y,Denied
EZYV19725,Asia,Bachelor's,N,N,2953,2003,Northeast,83494.59,Year,Y,Certified
EZYV6632,Asia,Master's,Y,N,4706,2002,West,20633.3,Year,Y,Certified
EZYV23429,Asia,Master's,Y,N,781,1967,Midwest,117499.98,Year,Y,Certified
EZYV4161,Africa,Bachelor's,N,Y,3295,1994,South,70536.49,Year,Y,Denied
EZYV8096,Asia,High School,Y,N,17068,2014,Northeast,78564.34,Year,Y,Denied
EZYV3143,Asia,Master's,Y,N,3158,1990,Northeast,69251.26,Year,N,Certified
EZYV19080,Asia,Bachelor's,N,N,1470,1999,South,35.1594,Hour,Y,Denied
EZYV13715,Asia,Master's,Y,N,3942,1996,Northeast,117918.84,Year,Y,Certified
EZYV1368,South America,High School,Y,N,1031,2007,Northeast,72230.21,Year,Y,Certified
EZYV9622,Asia,Bachelor's,N,N,1525,2010,South,140601.74,Year,Y,Certified
EZYV16543,Africa,Bachelor's,Y,N,1575,2004,Northeast,95948.98,Year,Y,Denied
EZYV25323,Europe,Bachelor's,N,N,2047,2001,West,30213.71,Year,Y,Certified
EZYV5681,Europe,Master's,Y,N,2094,2010,Northeast,117448.63,Year,Y,Certified
EZYV15760,Africa,Master's,Y,N,2531,1897,South,63212.28,Year,N,Certified
EZYV3411,Europe,Doctorate,Y,N,2774,1968,West,54462.16,Year,Y,Certified
EZYV18971,Asia,Bachelor's,N,N,369,1989,Midwest,119047.32,Year,Y,Certified
EZYV8115,Asia,Master's,Y,N,1450,2004,Northeast,106906.53,Year,N,Certified
EZYV12685,Asia,Bachelor's,N,N,527,1995,West,474.047,Hour,Y,Denied
EZYV6043,Asia,Master's,Y,N,1176,2010,Northeast,141132.72,Year,N,Certified
EZYV976,Asia,Bachelor's,N,N,5601,2014,South,132150.73,Year,Y,Certified
EZYV21491,Asia,Doctorate,Y,N,2017,1963,Northeast,55124.32,Year,Y,Certified
EZYV25098,Asia,Bachelor's,Y,N,3726,1996,Island,37665.99,Year,Y,Denied
EZYV10663,Asia,Bachelor's,Y,N,3448,2001,Northeast,99689.51,Year,Y,Certified
EZYV2038,Asia,High School,Y,N,673,1981,Northeast,135757.89,Year,Y,Denied
EZYV8020,Asia,Master's,Y,N,683,1987,South,87896.18,Year,Y,Certified
EZYV14519,South America,Doctorate,Y,Y,4354,2004,South,80181.81,Year,Y,Certified
EZYV23899,Europe,Doctorate,N,N,5234,2005,Northeast,60339.14,Year,Y,Certified
EZYV23814,Asia,Bachelor's,N,N,348,1970,South,113.6,Hour,Y,Certified
EZYV16672,Asia,Bachelor's,Y,N,2474,2010,South,65900.59,Year,Y,Certified
EZYV8239,Asia,Master's,Y,N,4457,1988,Northeast,48075.79,Year,Y,Certified
EZYV2759,Asia,Master's,N,Y,146,1997,West,31514.0,Year,Y,Denied
EZYV16518,Asia,Bachelor's,N,Y,2391,2012,South,439.3944,Hour,Y,Denied
EZYV8769,North America,Master's,Y,N,4973,1962,West,58547.35,Year,N,Certified
EZYV25303,North America,Master's,Y,N,1967,2004,Northeast,41236.95,Year,Y,Denied
EZYV19805,Asia,Master's,N,N,690,1990,West,158510.24,Year,Y,Denied
EZYV11485,Asia,Bachelor's,Y,N,739,1958,West,219.92,Year,Y,Denied
EZYV43,Europe,Doctorate,Y,N,19770,2005,West,43630.58,Year,Y,Certified
EZYV11095,Asia,Master's,N,N,1626,1982,Northeast,65059.64,Year,Y,Certified
EZYV1688,Asia,Bachelor's,Y,N,4647,2000,West,52815.25,Year,Y,Certified
EZYV16535,Asia,Bachelor's,Y,N,3054,1963,West,92232.11,Year,Y,Denied
EZYV22343,Asia,Bachelor's,N,N,844,1915,West,80120.87,Year,Y,Certified
EZYV24714,Asia,Bachelor's,Y,N,3155,2005,South,66541.52,Year,Y,Certified
EZYV5466,Asia,Doctorate,N,N,2192,1960,South,133706.57,Year,Y,Certified
EZYV14110,Asia,Master's,N,Y,24321,1999,West,151198.32,Year,Y,Denied
EZYV13323,Asia,High School,N,Y,1667,2001,West,121777.59,Year,Y,Denied
EZYV17539,Asia,High School,N,N,891,1997,Midwest,130069.92,Year,Y,Certified
EZYV1370,Asia,Bachelor's,Y,N,1117,2006,Midwest,54076.89,Year,Y,Certified
EZYV19943,Asia,Master's,Y,Y,4033,2007,West,131559.15,Year,Y,Denied
EZYV21005,Europe,High School,Y,N,5750,1948,West,31307.94,Year,Y,Denied
EZYV18907,Asia,Bachelor's,Y,N,655,1977,South,42018.7,Year,Y,Certified
EZYV1096,Asia,Bachelor's,N,N,5289,2004,Midwest,218982.83,Year,Y,Certified
EZYV7951,Asia,Master's,N,N,3567,1981,Midwest,148945.17,Year,Y,Certified
EZYV8661,Asia,Bachelor's,N,Y,1002,2000,West,55439.0,Year,Y,Denied
EZYV17529,Europe,Doctorate,Y,N,373353,1977,South,28248.56,Year,Y,Certified
EZYV17519,Asia,High School,Y,N,40,1994,South,161411.87,Year,Y,Denied
EZYV8843,North America,Master's,Y,N,4642,1987,South,40513.81,Year,Y,Certified
EZYV20401,North America,Master's,Y,N,5291,1999,Northeast,26930.89,Year,Y,Certified
EZYV7625,North America,Bachelor's,Y,N,1221,2002,Midwest,28099.46,Year,N,Certified
EZYV15130,Europe,Doctorate,Y,N,67,1993,South,66947.84,Year,Y,Certified
EZYV6574,Asia,Bachelor's,Y,N,1258,2005,West,53677.0,Year,Y,Denied
EZYV9494,Asia,Doctorate,Y,Y,6590,1985,South,59604.42,Year,Y,Certified
EZYV13016,Asia,Master's,Y,Y,1336,2004,Northeast,51865.43,Year,Y,Certified
EZYV7488,South America,Doctorate,N,Y,2398,1946,South,123417.87,Year,Y,Certified
EZYV5769,Asia,High School,N,N,1055,1947,Midwest,28662.77,Year,Y,Denied
EZYV1092,Africa,Master's,Y,N,3074,1875,Northeast,147576.26,Year,Y,Certified
EZYV12993,Asia,Bachelor's,Y,N,102,1982,Northeast,245.727,Hour,Y,Denied
EZYV19318,South America,Bachelor's,Y,N,2482,1994,West,20429.27,Year,Y,Certified
EZYV23698,Europe,Master's,Y,N,237,1998,Midwest,39978.57,Year,Y,Certified
EZYV16923,Europe,Master's,Y,N,1746,2004,Northeast,66489.29,Year,Y,Certified
EZYV1477,Asia,Bachelor's,Y,N,609,2000,West,64920.22,Year,Y,Certified
EZYV14753,Europe,Master's,Y,N,1390,2013,Northeast,117480.79,Year,Y,Certified
EZYV940,Asia,Master's,Y,N,1874,1921,West,41178.56,Year,Y,Certified
EZYV2963,Asia,Bachelor's,N,N,142,1994,West,102649.83,Year,Y,Denied
EZYV20398,Asia,Master's,Y,N,22649,2015,Midwest,98360.28,Year,N,Certified
EZYV16776,Asia,Bachelor's,Y,N,874,1857,West,60089.67,Year,Y,Certified
EZYV11229,Europe,Bachelor's,Y,Y,2030,1997,South,222276.55,Year,Y,Certified
EZYV19846,Asia,Bachelor's,Y,N,487,2012,South,44296.22,Year,Y,Certified
EZYV22948,Europe,Bachelor's,Y,N,3404,2011,West,120759.07,Year,Y,Denied
EZYV15697,Europe,Master's,Y,N,4648,2007,South,1566.49,Year,Y,Certified
EZYV1328,Asia,Bachelor's,Y,N,1559,1963,West,137088.38,Year,Y,Certified
EZYV20629,Oceania,Doctorate,N,Y,2666,2013,West,60233.11,Year,Y,Certified
EZYV6750,Europe,High School,Y,Y,20608,2009,South,54208.95,Year,Y,Denied
EZYV17738,Asia,Master's,Y,Y,3048,1911,South,73102.79,Year,Y,Certified
EZYV6691,North America,Bachelor's,N,N,1021,1881,South,79197.95,Year,Y,Denied
EZYV16910,Africa,Bachelor's,N,N,2591,2008,Northeast,107532.21,Year,Y,Denied
EZYV21527,Asia,Master's,N,N,195,2006,Midwest,126145.21,Year,Y,Certified
EZYV14062,Europe,Bachelor's,N,N,2738,1947,Northeast,58910.11,Year,Y,Certified
EZYV7084,Asia,Bachelor's,Y,N,4614,2013,South,77321.22,Year,Y,Denied
EZYV19990,North America,Master's,Y,N,1343,1855,Northeast,112.68,Hour,Y,Denied
EZYV20162,Asia,Bachelor's,N,N,573,2010,South,134711.61,Year,Y,Certified
EZYV24005,North America,Bachelor's,Y,N,558,1842,South,33279.57,Year,N,Certified
EZYV18031,Africa,High School,Y,Y,4068,2004,West,51060.2,Year,Y,Denied
EZYV2472,Asia,Bachelor's,Y,N,6369,1972,South,5299.54,Year,Y,Certified
EZYV20205,North America,Master's,Y,N,3793,2005,Northeast,46853.11,Year,Y,Certified
EZYV6687,Asia,Bachelor's,Y,N,4634,1996,Midwest,128598.74,Year,Y,Certified
EZYV15699,South America,Master's,N,N,2325,1997,West,135745.74,Year,N,Certified
EZYV5220,Asia,High School,N,N,1751,1963,Midwest,104812.44,Year,Y,Denied
EZYV12763,Asia,Doctorate,Y,N,1008,1867,Northeast,107959.68,Year,Y,Certified
EZYV18563,North America,Bachelor's,N,N,2163,2006,West,245890.1,Year,Y,Certified
EZYV2409,Asia,High School,N,N,503,2005,Midwest,134481.31,Year,Y,Certified
EZYV17686,Asia,Bachelor's,Y,N,2503,2007,West,111651.49,Year,Y,Denied
EZYV11746,Asia,Bachelor's,Y,N,3864,1999,West,115353.35,Year,Y,Denied
EZYV5651,Asia,Master's,N,N,430,1997,West,9724.8,Year,N,Certified
EZYV8220,Asia,Master's,Y,N,2026,2009,West,28787.72,Year,Y,Certified
EZYV1716,Asia,Master's,Y,N,3150,1985,South,111506.27,Year,Y,Certified
EZYV948,North America,Master's,Y,N,1337,2002,Midwest,105152.57,Year,N,Certified
EZYV18357,Asia,Bachelor's,Y,N,1072,1980,West,82871.36,Year,Y,Certified
EZYV17378,Asia,Master's,Y,N,2467,1980,Northeast,245785.16,Year,Y,Certified
EZYV13121,Asia,Bachelor's,Y,N,7553,2006,South,123748.04,Year,Y,Certified
EZYV16733,Europe,Bachelor's,Y,N,2832,1978,South,108.8813,Hour,Y,Denied
EZYV13676,Asia,Bachelor's,Y,N,110,1987,West,117659.39,Year,Y,Denied
EZYV9002,Asia,Bachelor's,Y,N,887,2006,Midwest,35249.16,Year,Y,Certified
EZYV20008,Asia,Master's,Y,N,4202,1984,South,58052.61,Year,Y,Certified
EZYV12867,North America,High School,N,N,1528,2004,South,314.4384,Hour,Y,Denied
EZYV24308,Asia,Master's,Y,N,835,1992,South,58473.39,Year,Y,Certified
EZYV16057,Asia,Master's,Y,Y,1891,1999,Northeast,50949.96,Year,Y,Certified
EZYV17214,Asia,Bachelor's,Y,N,3030,1867,Midwest,135106.84,Year,Y,Denied
EZYV21856,Asia,Bachelor's,N,N,2942,1968,Northeast,51943.37,Year,Y,Denied
EZYV9502,Asia,Bachelor's,N,N,9642,2007,Northeast,57202.52,Year,Y,Certified
EZYV25143,Asia,Bachelor's,Y,N,855,2008,Midwest,70206.18,Year,Y,Denied
EZYV18940,Asia,Bachelor's,Y,N,2670,1880,Northeast,187154.3,Year,Y,Certified
EZYV23123,South America,Bachelor's,Y,N,3699,2013,Midwest,74323.97,Year,Y,Denied
EZYV23828,Asia,Bachelor's,Y,N,1681,1998,West,60282.62,Year,Y,Certified
EZYV13294,Europe,Doctorate,N,N,3571,1993,Northeast,70330.13,Year,Y,Certified
EZYV9309,North America,Master's,N,N,1582,1995,Northeast,335.2274,Hour,Y,Denied
EZYV11611,Asia,High School,Y,N,730,2004,Midwest,94754.87,Year,Y,Denied
EZYV16509,Asia,Bachelor's,Y,N,3175,1999,South,89407.87,Year,Y,Denied
EZYV6467,Asia,Master's,N,N,324,1902,Northeast,254230.21,Year,N,Certified
EZYV2648,Asia,Master's,N,N,6084,1997,South,108806.25,Year,Y,Denied
EZYV11941,Asia,Bachelor's,Y,N,1751,1997,Northeast,57634.0,Year,Y,Certified
EZYV12630,North America,Master's,N,N,3101,2003,South,181137.69,Year,N,Certified
EZYV16961,Asia,High School,Y,Y,286,1990,Northeast,108937.43,Year,Y,Certified
EZYV21014,North America,Master's,Y,N,1290,1995,Midwest,72745.29,Year,N,Certified
EZYV10318,Asia,Bachelor's,N,N,3486,1997,South,55123.78,Year,Y,Certified
EZYV5856,North America,Master's,Y,N,570,1920,Northeast,142223.42,Year,Y,Certified
EZYV24091,Asia,Master's,Y,N,84,2008,Midwest,91706.93,Year,Y,Certified
EZYV10032,Europe,Master's,Y,N,2698,1981,South,10561.57,Year,Y,Certified
EZYV21628,North America,Master's,N,N,19837,1998,Northeast,136218.43,Year,Y,Certified
EZYV14660,Asia,High School,Y,N,1870,1962,South,6910.74,Year,N,Denied
EZYV7680,Asia,High School,Y,N,3062,2007,Northeast,95813.52,Year,Y,Denied
EZYV16916,Europe,Master's,N,N,1996,1925,Northeast,186566.61,Year,Y,Certified
EZYV7660,Asia,Bachelor's,Y,Y,2640,1997,South,135703.69,Year,Y,Certified
EZYV24662,North America,Bachelor's,Y,N,2137,1990,West,28.9508,Hour,Y,Certified
EZYV15282,Europe,Doctorate,Y,N,117975,1884,West,95242.63,Year,Y,Certified
EZYV6233,Asia,Master's,Y,N,3101,2002,Midwest,208822.63,Year,Y,Certified
EZYV3594,Asia,Master's,Y,N,3268,2007,Northeast,89508.33,Year,N,Certified
EZYV16479,Asia,Master's,Y,N,1029,1998,Northeast,81421.33,Year,Y,Denied
EZYV21876,Asia,Bachelor's,N,Y,2267,2000,South,133568.69,Year,Y,Certified
EZYV5181,Europe,High School,Y,N,1599,1996,South,50155.2,Year,Y,Denied
EZYV13327,Asia,Doctorate,Y,N,1123,1937,Northeast,117714.22,Year,Y,Certified
EZYV4266,North America,Bachelor's,Y,N,4236,1968,Northeast,52945.42,Year,Y,Certified
EZYV10028,Asia,High School,Y,N,2475,1809,Northeast,62821.54,Year,Y,Denied
EZYV13944,North America,Bachelor's,N,Y,4229,1999,West,25925.96,Year,Y,Denied
EZYV15105,North America,High School,Y,N,1584,1986,Northeast,110428.85,Year,N,Denied
EZYV4271,North America,High School,Y,N,4585,1942,West,994.5969,Hour,Y,Certified
EZYV801,Europe,High School,Y,Y,69947,1995,Northeast,127242.79,Year,Y,Denied
EZYV6188,Asia,Bachelor's,N,N,4433,1989,West,142917.12,Year,N,Denied
EZYV20918,Asia,Bachelor's,Y,N,3800,2004,West,129951.66,Year,Y,Denied
EZYV20004,Asia,Bachelor's,N,N,3421,2000,West,92772.82,Year,Y,Denied
EZYV19938,Europe,Bachelor's,N,N,3864,2010,West,61589.57,Year,Y,Certified
EZYV19398,North America,Bachelor's,N,N,3217,1979,Northeast,47940.75,Year,Y,Denied
EZYV17633,Europe,Doctorate,Y,N,3658,2012,Northeast,45679.27,Year,Y,Certified
EZYV1327,Asia,Master's,N,N,2198,2004,Northeast,89.5992,Hour,Y,Denied
EZYV6995,Europe,Master's,N,N,1122,1902,West,127429.32,Year,Y,Certified
EZYV25196,North America,Master's,Y,N,47,2001,South,234308.77,Year,N,Certified
EZYV10446,Asia,Bachelor's,Y,N,1139,2000,West,69306.73,Year,Y,Certified
EZYV15275,Asia,Bachelor's,Y,N,91203,1999,South,50395.56,Year,Y,Denied
EZYV21207,Asia,Bachelor's,N,N,1914,1996,Northeast,45538.92,Year,Y,Certified
EZYV5667,North America,Bachelor's,Y,N,4742,1911,West,615.0013,Hour,Y,Denied
EZYV17320,Asia,Bachelor's,N,N,1248,1975,West,16150.9,Year,Y,Denied
EZYV793,North America,Bachelor's,Y,N,2808,1962,Northeast,17773.53,Year,Y,Certified
EZYV11647,Europe,Bachelor's,Y,N,1580,1998,West,248668.8,Year,Y,Certified
EZYV6491,Asia,Master's,Y,N,3044,2001,South,94491.86,Year,Y,Certified
EZYV21434,Africa,Bachelor's,Y,N,6729,1998,South,86929.52,Year,Y,Denied
EZYV15265,South America,Master's,N,N,6951,1873,Midwest,122257.96,Year,Y,Certified
EZYV18253,Asia,High School,N,Y,2101,1971,South,116558.27,Year,Y,Certified
EZYV17389,Asia,Bachelor's,Y,N,4688,1997,West,5440.64,Year,Y,Certified
EZYV16497,Asia,Bachelor's,Y,N,370,2000,Midwest,84443.78,Year,Y,Denied
EZYV13748,Asia,High School,Y,N,675,2003,West,73923.0,Year,Y,Denied
EZYV7689,North America,Bachelor's,Y,N,1318,2010,South,63923.95,Year,Y,Certified
EZYV2827,North America,Master's,Y,N,186,2007,South,36549.77,Year,Y,Certified
EZYV20021,Asia,Bachelor's,Y,N,3218,2006,Midwest,141404.77,Year,Y,Certified
EZYV16285,Europe,Bachelor's,N,N,106610,1950,South,12653.6,Year,Y,Certified
EZYV22360,Asia,Bachelor's,Y,N,3098,2005,Northeast,23897.22,Year,Y,Denied
EZYV24212,North America,Master's,N,N,3014,1946,South,109954.29,Year,N,Denied
EZYV344,Asia,Master's,N,N,1741,1950,Northeast,20687.36,Year,Y,Denied
EZYV10839,South America,Master's,N,Y,2744,2007,Northeast,111952.66,Year,Y,Certified
EZYV17465,Asia,Master's,Y,N,4420,2005,West,61073.64,Year,N,Certified
EZYV4619,Asia,Bachelor's,N,N,2409,1996,Northeast,118475.37,Year,Y,Denied
EZYV1978,Asia,Master's,Y,N,1528,1996,Northeast,17879.08,Year,Y,Certified
EZYV15942,Asia,Bachelor's,N,N,5436,2004,West,95914.89,Year,Y,Certified
EZYV23438,Asia,Bachelor's,Y,Y,2869,1998,West,57255.89,Year,Y,Certified
EZYV20915,Asia,Bachelor's,N,N,451,1998,Northeast,139741.99,Year,Y,Denied
EZYV19355,Asia,Master's,N,N,4399,2010,Northeast,82840.52,Year,Y,Denied
EZYV5147,Europe,Doctorate,N,N,5102,1981,South,54615.97,Year,Y,Certified
EZYV6496,Asia,Master's,N,N,2930,2003,Northeast,66058.4,Year,N,Certified
EZYV5056,Asia,High School,Y,N,3073,1866,South,112568.07,Year,Y,Denied
EZYV17255,Asia,Bachelor's,Y,N,38,2003,Northeast,488.1947,Hour,Y,Denied
EZYV2162,North America,Doctorate,N,Y,2548,1869,West,25769.77,Year,Y,Denied
EZYV7918,Asia,Bachelor's,N,N,1563,2007,West,11845.32,Year,Y,Certified
EZYV25451,Asia,Bachelor's,N,N,3312,2009,Northeast,682.1048,Hour,Y,Denied
EZYV15615,Asia,Master's,Y,N,2888,1926,Midwest,32171.13,Year,Y,Certified
EZYV22516,Asia,Doctorate,Y,N,3183,1996,Northeast,48560.52,Year,Y,Certified
EZYV15046,Asia,Bachelor's,Y,N,1523,2005,Midwest,212779.75,Year,Y,Certified
EZYV4722,Asia,High School,N,N,2179,1996,South,836.2198,Hour,Y,Denied
EZYV8809,Asia,Bachelor's,N,N,1459,2000,South,47730.62,Year,Y,Certified
EZYV9936,Asia,Master's,Y,N,2988,1994,Northeast,12649.85,Year,Y,Certified
EZYV23894,North America,Bachelor's,Y,N,5400,2007,South,78077.22,Year,N,Certified
EZYV9748,Europe,Doctorate,Y,N,1728,1940,West,51004.43,Year,Y,Certified
EZYV2274,Asia,Master's,Y,N,1976,1962,Midwest,275627.59,Year,Y,Certified
EZYV3257,Africa,Master's,Y,N,3043,1988,West,15830.18,Year,Y,Certified
EZYV10955,Asia,Master's,N,N,17057,2009,Midwest,445.4899,Hour,N,Certified
EZYV21105,North America,High School,N,N,2855,2001,West,18459.35,Year,Y,Denied
EZYV15925,Asia,Bachelor's,Y,N,2339,2011,Northeast,82772.61,Year,Y,Certified
EZYV11894,Asia,Bachelor's,Y,N,3074,2001,South,85596.97,Year,Y,Certified
EZYV9627,Asia,Bachelor's,N,Y,1194,2009,Midwest,67462.4,Year,Y,Certified
EZYV2662,Africa,Master's,N,N,20199,2005,South,120180.81,Year,N,Denied
EZYV23081,Asia,High School,Y,N,2361,2009,West,61032.39,Year,Y,Certified
EZYV22580,Europe,Doctorate,N,Y,121968,1998,West,56475.7,Year,Y,Certified
EZYV6539,Asia,Master's,Y,Y,1221,1948,West,63531.48,Year,Y,Certified
EZYV11055,Asia,Bachelor's,Y,N,1882,2000,Northeast,126122.47,Year,Y,Certified
EZYV16101,Asia,Bachelor's,Y,N,3232,1997,Northeast,2314.0,Year,Y,Certified
EZYV6073,Asia,Master's,Y,N,2796,1996,Northeast,31318.06,Year,Y,Certified
EZYV25417,Asia,Master's,N,N,1155,2008,Midwest,85895.45,Year,Y,Certified
EZYV1500,Asia,Master's,Y,N,541,1937,Northeast,74696.29,Year,N,Certified
EZYV18802,Asia,Doctorate,Y,N,54,2001,South,70198.57,Year,Y,Certified
EZYV4630,Asia,Master's,Y,N,1544,1997,Northeast,28935.69,Year,N,Certified
EZYV822,Asia,Doctorate,N,N,772,2001,Northeast,50282.8,Year,Y,Denied
EZYV12338,Asia,Bachelor's,Y,N,1105,2011,West,59572.36,Year,Y,Certified
EZYV15979,North America,Bachelor's,N,N,1243,1974,Midwest,6976.35,Year,Y,Certified
EZYV24021,Asia,Bachelor's,Y,Y,22097,1948,South,32960.51,Year,Y,Certified
EZYV5726,Asia,Bachelor's,Y,N,1615,2004,Northeast,122684.72,Year,Y,Certified
EZYV7658,Asia,Bachelor's,N,N,1398,1979,Northeast,142025.32,Year,Y,Denied
EZYV10624,Asia,Bachelor's,N,N,4112,1980,Northeast,124201.98,Year,N,Denied
EZYV17390,Asia,Master's,N,N,2869,1907,Midwest,161270.41,Year,Y,Certified
EZYV3242,Europe,Master's,N,Y,310,1985,West,94707.92,Year,Y,Certified
EZYV4565,Asia,Master's,Y,N,70,2010,West,69027.56,Year,Y,Certified
EZYV915,Asia,Doctorate,N,Y,1721,2006,Island,110328.1,Year,Y,Denied
EZYV835,Asia,Bachelor's,N,N,2316,2001,Northeast,27828.08,Year,Y,Denied
EZYV5628,Asia,Bachelor's,Y,N,5056,1963,West,89785.86,Year,Y,Certified
EZYV6266,Asia,Master's,Y,N,1212,2000,South,11468.31,Year,Y,Certified
EZYV5514,Asia,Master's,Y,N,1871,2007,Northeast,107647.02,Year,N,Certified
EZYV5347,South America,High School,N,N,44,1993,Northeast,130.27,Hour,Y,Certified
EZYV2330,Asia,Master's,N,Y,3673,2013,South,68510.51,Year,Y,Certified
EZYV25444,Africa,Bachelor's,N,N,72892,2007,Northeast,215.1,Hour,Y,Certified
EZYV12366,Asia,Bachelor's,Y,N,1070,1918,South,74887.69,Year,Y,Certified
EZYV4449,Asia,Bachelor's,N,N,1556,1997,Northeast,164679.97,Year,Y,Denied
EZYV13196,Africa,Master's,Y,N,1952,2003,Midwest,97198.93,Year,Y,Certified
EZYV3674,Asia,Doctorate,N,N,1586,1997,Northeast,64375.73,Year,Y,Denied
EZYV55,Asia,Master's,Y,N,11733,1995,Northeast,230.8072,Hour,Y,Certified
EZYV14820,Asia,Master's,N,N,1871,1975,Midwest,782.6246,Hour,Y,Denied
EZYV18743,Europe,Master's,N,N,339,1974,South,136189.36,Year,Y,Denied
EZYV9672,Asia,Bachelor's,Y,N,1249,2011,Northeast,34112.37,Year,Y,Denied
EZYV84,Asia,Bachelor's,Y,N,2359,2007,Northeast,84125.48,Year,Y,Certified
EZYV18763,Asia,Master's,N,N,2095,1996,Midwest,113841.43,Year,Y,Certified
EZYV1336,North America,Master's,Y,N,2974,2012,South,64889.36,Year,N,Certified
EZYV14326,Europe,High School,Y,N,622,1983,South,49958.16,Year,Y,Denied
EZYV14206,Asia,Master's,N,N,28040,2010,Midwest,25765.41,Year,Y,Certified
EZYV19088,Europe,Bachelor's,Y,N,552,2007,Northeast,1819.86,Year,Y,Certified
EZYV17105,Asia,Master's,N,N,304,1939,Midwest,160448.22,Year,Y,Certified
EZYV9674,Asia,Doctorate,Y,N,1091,1850,Northeast,75842.94,Year,Y,Certified
EZYV21166,Africa,Bachelor's,Y,Y,1221,2001,Midwest,53384.6,Year,Y,Certified
EZYV13245,Europe,Doctorate,N,Y,45045,2009,Northeast,49038.24,Year,Y,Denied
EZYV10764,Asia,Master's,Y,N,1312,2005,Northeast,90584.07,Year,Y,Certified
EZYV2480,Asia,Bachelor's,Y,Y,239,1999,Midwest,28216.59,Year,Y,Certified
EZYV4215,South America,Master's,N,N,3497,1988,Midwest,79207.05,Year,Y,Denied
EZYV1068,Europe,Bachelor's,Y,N,4524,1968,West,93447.35,Year,Y,Certified
EZYV12485,Asia,Doctorate,N,N,1244,1968,Northeast,138394.51,Year,Y,Certified
EZYV6729,Asia,Master's,N,N,3028,2000,South,235224.73,Year,N,Certified
EZYV6469,Asia,Bachelor's,Y,N,1103,2007,Northeast,119471.76,Year,Y,Denied
EZYV9910,Asia,Master's,Y,N,3958,1985,South,85438.15,Year,Y,Certified
EZYV24272,North America,Master's,N,N,2268,1871,South,611.134,Hour,Y,Denied
EZYV23420,Asia,Master's,Y,N,5971,2009,West,38753.5,Year,Y,Denied
EZYV5601,Europe,Master's,N,N,2711,1999,South,108086.52,Year,Y,Certified
EZYV18775,Asia,Master's,Y,N,572,1946,Midwest,177109.49,Year,Y,Certified
EZYV12578,Asia,Master's,N,N,1818,1948,Northeast,124.5775,Hour,Y,Certified
EZYV20964,North America,Bachelor's,N,N,163,2010,South,155894.99,Year,N,Denied
EZYV3834,Asia,Bachelor's,Y,N,24413,1998,Northeast,35843.13,Year,Y,Denied
EZYV744,Europe,Bachelor's,Y,Y,1154,2010,South,75796.85,Year,Y,Certified
EZYV3624,Europe,Master's,N,N,5573,1986,South,33007.19,Year,N,Certified
EZYV24826,North America,Bachelor's,N,N,498,1892,Island,99536.87,Year,Y,Certified
EZYV10129,Asia,Master's,N,N,3799,1898,Northeast,111558.49,Year,Y,Certified
EZYV16013,Asia,Master's,Y,N,438,1955,Midwest,51542.37,Year,Y,Certified
EZYV3298,Asia,Bachelor's,Y,Y,578,1987,Northeast,21882.5,Year,Y,Certified
EZYV16226,Asia,Bachelor's,Y,N,1925,1995,West,77803.04,Year,Y,Certified
EZYV19798,Oceania,High School,Y,N,2831,1882,West,654.57,Year,Y,Denied
EZYV22004,Asia,Bachelor's,N,N,1512,2007,South,90826.28,Year,Y,Denied
EZYV22908,Asia,Master's,N,N,718,2001,Midwest,127925.01,Year,Y,Certified
EZYV11058,Asia,High School,Y,N,6170,1999,Northeast,175073.16,Year,Y,Denied
EZYV17749,Asia,Master's,Y,N,5610,2005,West,14384.21,Year,Y,Certified
EZYV4492,Asia,High School,N,Y,1917,2006,South,206777.29,Year,Y,Denied
EZYV22833,South America,Master's,N,Y,3241,1963,West,18369.08,Year,Y,Certified
EZYV2925,Asia,Doctorate,N,N,5238,2010,West,49705.64,Week,Y,Denied
EZYV16699,Asia,Bachelor's,Y,N,17568,2002,South,50511.84,Year,Y,Denied
EZYV9387,North America,High School,Y,N,698,2005,Northeast,104100.83,Year,Y,Denied
EZYV11283,Asia,Bachelor's,Y,N,1841,2003,Northeast,771.2467,Hour,Y,Denied
EZYV10148,Europe,Bachelor's,Y,N,2080,1901,South,138324.2,Year,Y,Certified
EZYV14898,Asia,Bachelor's,Y,N,9748,2009,South,81606.0,Year,Y,Certified
EZYV21316,Asia,High School,Y,N,2910,1997,South,189233.1,Year,N,Denied
EZYV8606,Asia,Master's,N,N,1135,1997,South,76256.89,Year,Y,Certified
EZYV15039,North America,Bachelor's,Y,N,2539,2004,South,112584.24,Year,Y,Denied
EZYV933,Asia,Bachelor's,N,N,105,1982,Northeast,4855.35,Year,Y,Denied
EZYV8651,Asia,Bachelor's,Y,N,1388,1993,West,428.7641,Hour,Y,Denied
EZYV7976,Europe,Doctorate,N,N,2793,1998,South,95916.59,Year,Y,Certified
EZYV20274,Asia,Bachelor's,N,N,2120,1979,South,221354.25,Year,Y,Certified
EZYV24377,Asia,Bachelor's,Y,N,2627,2002,Midwest,66900.7,Year,Y,Certified
EZYV14559,Asia,Master's,N,N,1003,1972,South,71414.91,Year,N,Certified
EZYV9568,Asia,Master's,Y,N,3691,1997,South,101053.29,Year,N,Certified
EZYV24611,Asia,Master's,N,N,3652,2004,West,80824.32,Year,Y,Certified
EZYV15388,Asia,Master's,Y,N,2887,2005,West,49648.51,Year,Y,Certified
EZYV10679,Asia,Bachelor's,Y,N,643,1903,South,12488.96,Year,Y,Denied
EZYV19179,Europe,Master's,N,N,3091,1922,South,106631.45,Year,Y,Certified
EZYV11696,Europe,High School,Y,N,4777,1977,West,75095.62,Year,Y,Denied
EZYV17943,Asia,Bachelor's,Y,N,854,2009,South,71005.24,Year,N,Certified
EZYV206,Asia,High School,Y,N,2524,1946,West,84130.53,Year,Y,Denied
EZYV10207,Asia,Bachelor's,Y,N,63422,2001,Island,103316.66,Year,Y,Denied
EZYV17222,Asia,Master's,N,Y,3103,1999,West,8826.61,Year,Y,Certified
EZYV18097,Asia,Master's,Y,N,472,1993,Northeast,59219.91,Year,Y,Certified
EZYV20304,Asia,Master's,N,N,304,1995,Midwest,78425.67,Year,N,Certified
EZYV5669,South America,Doctorate,Y,N,2779,2007,West,43560.48,Year,Y,Certified
EZYV1438,Asia,Bachelor's,N,N,3120,2001,South,61440.83,Year,Y,Certified
EZYV3117,Asia,Bachelor's,Y,N,23874,2014,South,59365.2,Year,Y,Certified
EZYV9312,Asia,High School,N,N,1445,2006,West,109517.41,Year,Y,Denied
EZYV14759,Asia,Master's,N,N,3709,1982,Midwest,97137.03,Year,Y,Certified
EZYV11974,Asia,Doctorate,N,N,185,1998,Midwest,95521.14,Year,Y,Certified
EZYV15656,Asia,High School,Y,N,437,1998,Midwest,114162.79,Year,N,Denied
EZYV1645,Asia,Master's,Y,N,4164,2004,West,84510.87,Year,Y,Certified
EZYV14066,Asia,Bachelor's,Y,N,2196,2001,West,8600.94,Year,Y,Denied
EZYV5403,Asia,Master's,N,N,4463,2001,Midwest,106248.48,Year,Y,Certified
EZYV13035,Asia,Master's,Y,N,3825,1993,Midwest,108869.01,Year,N,Certified
EZYV13406,Africa,Bachelor's,Y,N,4129,2007,Midwest,122006.72,Year,Y,Denied
EZYV20745,Asia,Bachelor's,Y,N,578,1960,South,18641.41,Year,Y,Certified
EZYV21465,Europe,Bachelor's,Y,Y,330,2009,South,110326.49,Year,Y,Certified
EZYV3957,Europe,Doctorate,Y,N,2514,1847,West,59694.54,Year,Y,Certified
EZYV1973,Asia,Master's,Y,Y,3381,1992,Northeast,102883.24,Year,Y,Certified
EZYV23172,Asia,Bachelor's,Y,N,3564,1991,West,42000.02,Year,Y,Certified
EZYV10797,North America,Master's,Y,N,1663,2011,South,114454.78,Year,N,Certified
EZYV15507,Asia,Master's,N,N,1106,1998,West,74221.59,Year,Y,Certified
EZYV24543,Asia,Bachelor's,N,N,1112,2005,South,91126.28,Year,Y,Denied
EZYV7803,Asia,Bachelor's,N,N,1117,2008,West,114776.49,Year,Y,Certified
EZYV22659,Europe,Bachelor's,Y,N,5199,1919,Northeast,36031.22,Year,Y,Certified
EZYV23147,Asia,Bachelor's,N,N,223314,1995,Midwest,51842.43,Year,Y,Denied
EZYV18623,Asia,Master's,Y,N,22,1993,South,39300.45,Year,Y,Certified
EZYV1754,Oceania,Master's,Y,N,1216,2012,Northeast,30981.35,Year,Y,Certified
EZYV23342,Europe,Bachelor's,Y,N,58,2010,West,6977.36,Year,Y,Certified
EZYV5495,Asia,Bachelor's,N,Y,1434,1810,Midwest,140367.66,Year,Y,Certified
EZYV6190,Asia,Master's,Y,N,3193,2012,South,116383.1,Year,Y,Certified
EZYV18591,Asia,Master's,Y,N,22543,2000,South,123721.58,Year,Y,Certified
EZYV16446,Asia,Bachelor's,Y,N,1751,1981,South,32501.32,Year,Y,Certified
EZYV10421,Asia,Doctorate,N,Y,166,1989,South,23838.66,Year,Y,Certified
EZYV2447,Asia,Master's,N,Y,2187,2008,West,54175.98,Year,Y,Denied
EZYV7136,Asia,Doctorate,N,N,4478,2005,Midwest,102284.9,Year,Y,Certified
EZYV16489,Europe,Bachelor's,N,N,1612,2000,Midwest,148577.5,Year,Y,Certified
EZYV7437,Asia,High School,N,N,1681,1990,West,328.9246,Hour,Y,Denied
EZYV613,Asia,Doctorate,Y,N,944,1991,Midwest,49684.23,Year,Y,Certified
EZYV14550,Asia,Bachelor's,N,N,2215,1985,Northeast,55969.91,Year,Y,Certified
EZYV22397,Asia,Bachelor's,N,N,2507,1998,Northeast,127822.96,Year,Y,Certified
EZYV16272,Asia,Bachelor's,Y,N,5326,2005,Northeast,57342.06,Year,Y,Certified
EZYV16943,Asia,Master's,N,N,22447,2001,Northeast,95356.37,Year,N,Certified
EZYV21592,North America,Bachelor's,Y,N,86883,2007,South,114664.64,Year,N,Denied
EZYV11573,Europe,Bachelor's,Y,N,197,1998,Northeast,1006.15,Year,Y,Certified
EZYV15231,Asia,Bachelor's,N,N,4173,2006,West,97934.49,Year,Y,Certified
EZYV15764,Asia,Master's,Y,N,215,1974,South,13338.48,Year,Y,Certified
EZYV4413,South America,Master's,N,N,1583,1911,West,980.2064,Hour,Y,Denied
EZYV9923,North America,Master's,Y,N,1415,1998,West,22220.65,Year,N,Certified
EZYV8632,Europe,Master's,N,N,3783,1998,South,347.131,Hour,Y,Denied
EZYV1526,North America,High School,N,N,996,1995,Northeast,34713.91,Year,Y,Denied
EZYV16011,Asia,Master's,Y,N,946,2007,West,86883.08,Year,Y,Certified
EZYV10495,Asia,Bachelor's,Y,N,64,1976,South,120901.54,Year,Y,Denied
EZYV20226,Asia,Bachelor's,N,N,2824,1934,West,45080.52,Year,Y,Certified
EZYV11726,North America,Master's,Y,Y,4114,1977,South,123176.33,Year,Y,Denied
EZYV24799,Asia,High School,N,N,127,1979,South,80081.88,Year,N,Denied
EZYV289,Oceania,Bachelor's,N,N,2288,2011,West,82385.6,Year,Y,Denied
EZYV3790,Asia,Bachelor's,N,N,3678,1926,Northeast,44337.99,Year,Y,Denied
EZYV18769,Asia,Master's,N,N,2504,1978,West,95880.52,Year,Y,Certified
EZYV21526,North America,Bachelor's,Y,Y,4864,1851,South,56297.05,Year,Y,Certified
EZYV4682,Asia,Master's,Y,N,1454,1968,Midwest,99296.34,Year,Y,Certified
EZYV11090,Asia,Master's,Y,N,1870,1998,Midwest,275.0627,Hour,Y,Certified
EZYV10454,Asia,Master's,N,N,278152,1970,West,36691.21,Week,Y,Certified
EZYV24690,Asia,High School,Y,Y,3039,2002,South,43843.94,Year,Y,Certified
EZYV19127,South America,Bachelor's,N,N,9999,2010,Northeast,26556.76,Year,Y,Denied
EZYV11478,Asia,High School,Y,N,2863,1928,West,77733.46,Year,Y,Denied
EZYV14019,Asia,Bachelor's,N,N,2507,2010,Northeast,67351.48,Year,Y,Certified
EZYV18931,Asia,Bachelor's,Y,N,5232,1975,Midwest,3303.09,Year,Y,Certified
EZYV5797,North America,High School,N,N,2109,1974,South,175.36,Hour,Y,Certified
EZYV20609,North America,Bachelor's,N,N,915,1995,South,124160.54,Year,N,Denied
EZYV11383,Asia,Master's,N,N,1063,1985,West,212575.95,Year,Y,Denied
EZYV23863,Asia,Master's,N,N,1945,2013,Midwest,54587.29,Year,Y,Certified
EZYV8306,Europe,Bachelor's,N,N,13242,1987,West,14570.17,Year,Y,Certified
EZYV3927,Asia,Bachelor's,Y,N,85162,1890,West,108680.94,Year,N,Certified
EZYV15317,Europe,Master's,Y,N,3150,1889,South,501.3166,Hour,Y,Certified
EZYV12479,Asia,Bachelor's,Y,N,131972,2001,Northeast,47173.83,Year,Y,Certified
EZYV21405,Asia,Bachelor's,N,N,32966,1924,South,84743.35,Year,Y,Certified
EZYV2494,Asia,High School,Y,N,2474,2011,South,91627.37,Year,Y,Certified
EZYV14279,Asia,Master's,Y,N,2451,2007,West,122089.93,Year,Y,Certified
EZYV16863,Asia,Master's,Y,N,360,1976,South,46894.87,Year,Y,Certified
EZYV16720,Europe,Bachelor's,N,N,1842,1860,South,100404.5,Year,Y,Denied
EZYV20245,Europe,Master's,Y,N,2410,2008,South,96175.03,Year,N,Certified
EZYV10503,Asia,Bachelor's,N,N,3016,2001,West,89012.35,Year,Y,Denied
EZYV7522,North America,Master's,N,N,660,1975,Midwest,146104.93,Year,Y,Denied
EZYV19934,Asia,Doctorate,Y,N,4486,1999,South,113292.55,Year,Y,Certified
EZYV6791,Europe,Master's,N,Y,220,1998,Northeast,14207.92,Year,Y,Certified
EZYV21339,Europe,Master's,Y,N,293,2015,West,5167.76,Week,Y,Certified
EZYV13032,Asia,Bachelor's,N,N,60523,1944,West,78230.8,Year,Y,Certified
EZYV244,North America,Master's,N,N,1720,1995,Northeast,62112.22,Week,Y,Denied
EZYV1422,Asia,Doctorate,N,N,4434,2005,Midwest,164308.38,Year,Y,Certified
EZYV25072,Asia,Master's,N,N,768,1998,South,72220.6,Year,N,Denied
EZYV13127,Asia,Master's,N,N,2125,2004,West,115782.91,Year,Y,Certified
EZYV18376,Asia,Doctorate,Y,N,3562,1991,Northeast,58505.36,Year,Y,Certified
EZYV9424,Europe,Doctorate,N,N,1932,1884,West,63872.29,Year,Y,Certified
EZYV3029,Asia,Master's,N,N,3143,2005,South,122819.19,Year,Y,Denied
EZYV18666,Asia,Bachelor's,Y,N,2304,2009,Midwest,8175.34,Year,Y,Certified
EZYV11292,Asia,Master's,N,N,2058,1855,South,125473.59,Year,Y,Denied
EZYV9355,Asia,Bachelor's,Y,Y,1885,1994,Northeast,3271.19,Week,Y,Certified
EZYV5873,Asia,High School,N,Y,1365,2007,West,113940.7,Year,Y,Denied
EZYV20417,Asia,Master's,N,N,1284,1996,South,58706.34,Year,N,Denied
EZYV6550,Asia,Bachelor's,Y,Y,2436,2014,South,85781.67,Year,Y,Certified
EZYV8646,Asia,Bachelor's,N,Y,1186,2006,West,146123.47,Year,Y,Certified
EZYV691,Asia,Bachelor's,N,N,3875,1986,Northeast,574.2465,Hour,Y,Denied
EZYV18593,Asia,Bachelor's,N,N,3163,1979,West,90299.42,Year,Y,Denied
EZYV15824,Asia,Bachelor's,N,Y,1538,1994,South,31288.63,Year,Y,Denied
EZYV14520,Asia,Master's,N,N,12079,1925,South,332.3912,Hour,Y,Denied
EZYV9296,Asia,Bachelor's,Y,N,1074,1998,South,57063.01,Year,Y,Certified
EZYV24132,Asia,Bachelor's,N,N,1448,1992,Northeast,63937.42,Year,Y,Denied
EZYV9584,Asia,Doctorate,N,N,71602,2011,Midwest,68379.95,Year,Y,Certified
EZYV22274,Africa,Master's,Y,N,5184,2003,Northeast,104495.99,Year,Y,Certified
EZYV18314,Asia,Bachelor's,N,N,1561,1993,Northeast,71521.0,Year,Y,Denied
EZYV24723,Asia,Master's,N,N,254,2001,Midwest,52734.22,Year,Y,Denied
EZYV12883,Asia,High School,Y,N,3676,2005,South,76422.16,Year,Y,Denied
EZYV2990,North America,High School,Y,N,1734,1986,South,120350.58,Year,Y,Certified
EZYV10327,Asia,Master's,Y,Y,911,2007,South,77328.05,Year,Y,Certified
EZYV4516,Asia,Master's,N,N,1294,1999,South,73274.64,Year,Y,Denied
EZYV9370,Asia,Bachelor's,Y,N,986,1884,South,41639.17,Year,Y,Denied
EZYV16721,Asia,Bachelor's,Y,N,148,2000,South,75612.62,Year,Y,Certified
EZYV22125,Europe,Doctorate,N,Y,3057,2005,Northeast,77103.65,Year,Y,Certified
EZYV25319,Asia,Master's,Y,N,5010,2006,Northeast,140112.6,Year,N,Certified
EZYV9530,Asia,Doctorate,N,Y,2373,2000,South,117845.94,Year,Y,Certified
EZYV19916,Europe,High School,Y,N,2657,2003,South,91343.62,Year,Y,Certified
EZYV21056,Asia,High School,Y,N,3091,2012,West,144.56,Hour,Y,Denied
EZYV24131,Asia,Bachelor's,Y,N,691,2000,Northeast,137423.68,Year,Y,Certified
EZYV19714,Asia,High School,N,N,70702,2013,South,106526.6,Year,Y,Certified
EZYV24139,Europe,Bachelor's,Y,N,2984,1960,South,112153.52,Year,Y,Certified
EZYV9897,Asia,Master's,N,N,1127,1998,West,31320.59,Year,Y,Certified
EZYV12620,Asia,Master's,N,N,2850,2010,Midwest,226892.03,Year,N,Denied
EZYV11433,Asia,Master's,N,N,864,1938,Midwest,86027.83,Year,Y,Certified
EZYV469,Europe,Doctorate,Y,N,772,2007,South,71977.54,Year,Y,Certified
EZYV9591,Africa,High School,Y,N,2635,1993,West,308.6501,Hour,Y,Denied
EZYV11082,Asia,High School,Y,N,1156,2004,Northeast,483.0851,Hour,Y,Denied
EZYV8535,Europe,Doctorate,N,N,1406,1902,West,30025.61,Year,Y,Certified
EZYV3402,Europe,Bachelor's,N,Y,1074,2014,West,69206.43,Year,Y,Certified
EZYV4414,North America,High School,Y,N,609,1997,South,806.3452,Hour,Y,Certified
EZYV9777,Asia,Master's,Y,N,2185,1940,West,48042.8,Year,Y,Certified
EZYV12259,Europe,Master's,Y,N,1979,1970,Northeast,29595.12,Year,Y,Certified
EZYV4507,Asia,Bachelor's,Y,N,4533,2000,Northeast,77899.94,Year,Y,Certified
EZYV17335,Europe,High School,Y,N,1559,1989,Island,129972.45,Year,Y,Denied
EZYV1985,Asia,Master's,N,N,3616,2008,West,61904.89,Year,Y,Denied
EZYV14189,North America,Bachelor's,Y,N,2883,1994,South,27765.85,Year,Y,Denied
EZYV21474,Asia,Master's,Y,N,3775,1999,West,96251.56,Year,Y,Certified
EZYV8051,Europe,Master's,Y,N,95308,1995,South,68036.11,Year,N,Denied
EZYV16799,Europe,Bachelor's,N,N,2574,2010,West,20967.77,Year,Y,Certified
EZYV23048,Asia,Master's,Y,N,2462,1912,South,72270.97,Year,Y,Certified
EZYV25321,Asia,Master's,N,N,2699,2000,Northeast,87033.74,Year,Y,Certified
EZYV19390,Asia,Master's,Y,N,3628,2004,West,58686.11,Year,Y,Certified
EZYV9053,Europe,Bachelor's,N,Y,3419,2001,West,102651.48,Year,Y,Certified
EZYV929,North America,Doctorate,Y,N,2479,1919,Northeast,62207.61,Year,Y,Certified
EZYV18310,North America,Master's,N,N,3718,1999,Midwest,88781.62,Year,N,Certified
EZYV11527,Asia,Master's,Y,N,3536,1989,Northeast,1088.02,Year,Y,Certified
EZYV12165,Asia,Doctorate,Y,N,3776,2009,Midwest,20.1896,Hour,Y,Certified
EZYV23932,Asia,High School,Y,N,2713,1994,Midwest,66942.48,Year,Y,Certified
EZYV17310,Asia,Master's,Y,N,341,1999,Northeast,31147.76,Year,Y,Denied
EZYV19801,North America,Bachelor's,N,N,2927,1968,Midwest,146041.07,Year,Y,Certified
EZYV17248,Asia,Bachelor's,Y,N,2478,1973,South,87059.16,Year,Y,Denied
EZYV11017,Asia,Bachelor's,Y,N,5819,2003,Northeast,72190.04,Year,Y,Certified
EZYV25053,Asia,Master's,N,N,4027,2000,Northeast,213.4232,Hour,Y,Denied
EZYV19255,Asia,Master's,N,N,2215,1998,South,74579.05,Year,Y,Certified
EZYV2256,North America,High School,Y,N,3374,1998,South,57374.83,Week,Y,Certified
EZYV21261,Asia,Bachelor's,N,N,922,1978,South,30797.67,Year,Y,Certified
EZYV6787,Asia,Bachelor's,Y,N,724,2011,Midwest,118923.51,Year,Y,Certified
EZYV16584,Asia,High School,N,N,132,2001,West,71732.43,Year,Y,Denied
EZYV3714,Asia,Bachelor's,Y,N,3547,2011,West,80123.09,Year,Y,Certified
EZYV22212,Asia,Master's,Y,N,526,2005,South,114496.76,Year,Y,Certified
EZYV14733,Asia,Bachelor's,Y,N,2522,1993,Northeast,38219.26,Year,Y,Denied
EZYV4890,Asia,Master's,N,N,696,2005,West,201623.82,Year,N,Certified
EZYV16995,Asia,High School,Y,N,1723,2007,South,115726.54,Year,Y,Certified
EZYV24508,Asia,Bachelor's,N,N,1297,2010,Northeast,111951.16,Year,Y,Certified
EZYV6836,Asia,Master's,Y,N,3231,2004,West,87473.6,Week,Y,Certified
EZYV24116,Asia,Bachelor's,N,N,1500,1977,West,116983.38,Year,Y,Denied
EZYV20790,Asia,Bachelor's,N,N,3435,1885,Midwest,97603.78,Year,Y,Certified
EZYV22888,Europe,Bachelor's,Y,N,1098,2001,West,51178.44,Year,Y,Certified
EZYV429,Asia,Master's,Y,N,3696,2001,Northeast,100.98,Hour,Y,Certified
EZYV15086,North America,Bachelor's,N,N,76161,1985,Northeast,48391.44,Year,Y,Certified
EZYV5686,Asia,Bachelor's,N,N,1474,2004,West,45146.98,Year,Y,Denied
EZYV18101,Asia,Bachelor's,Y,N,6615,2007,South,90102.83,Year,Y,Certified
EZYV13482,Asia,Bachelor's,Y,N,3197,1987,West,12822.59,Year,Y,Denied
EZYV12260,Asia,Bachelor's,Y,N,1231,2009,Midwest,58603.56,Year,Y,Certified
EZYV16913,North America,Master's,Y,Y,31,1997,South,106.22,Hour,Y,Denied
EZYV1627,Africa,Bachelor's,Y,Y,60548,2007,South,131928.61,Year,Y,Certified
EZYV12184,Asia,Doctorate,Y,N,4986,1993,Midwest,51812.87,Year,N,Certified
EZYV10437,Europe,Doctorate,N,N,3371,1875,South,31716.66,Year,Y,Certified
EZYV11985,Europe,Master's,Y,N,2092,2007,South,24891.13,Year,Y,Certified
EZYV15314,North America,Master's,N,N,2155,1868,Northeast,77964.8,Year,N,Certified
EZYV8883,Asia,Bachelor's,N,N,4112,2009,Northeast,108900.54,Year,Y,Certified
EZYV4485,Europe,Bachelor's,Y,N,3992,1995,West,23615.34,Year,Y,Certified
EZYV13233,Europe,Bachelor's,N,Y,131,1992,South,44177.75,Year,Y,Certified
EZYV22080,North America,Master's,Y,N,247271,1949,Northeast,63276.74,Year,Y,Denied
EZYV5965,Asia,Master's,Y,N,119,2003,West,259.4118,Hour,Y,Certified
EZYV9048,Europe,High School,Y,N,1264,2013,South,6938.49,Year,Y,Denied
EZYV7801,Asia,Bachelor's,Y,N,531,1885,Midwest,108817.53,Year,Y,Certified
EZYV6232,Europe,Doctorate,N,N,2444,2014,South,60585.63,Year,Y,Certified
EZYV19755,Europe,High School,N,N,3505,2011,West,29187.64,Year,Y,Certified
EZYV7664,Africa,Master's,Y,N,3853,1977,West,145467.78,Year,N,Certified
EZYV4158,Asia,Bachelor's,N,N,5255,1936,Northeast,129812.63,Year,Y,Denied
EZYV14970,Asia,Master's,Y,N,3323,1849,Northeast,47093.1,Year,N,Certified
EZYV24757,North America,Bachelor's,Y,N,3145,1949,Northeast,248.0932,Hour,Y,Denied
EZYV17062,Asia,Bachelor's,Y,N,2075,1939,South,176.6921,Hour,Y,Certified
EZYV2799,North America,Master's,N,N,4488,2007,South,198796.55,Year,Y,Denied
EZYV14924,Asia,Bachelor's,Y,N,2912,1929,Midwest,128740.56,Year,Y,Certified
EZYV10001,Asia,Bachelor's,N,N,1925,1986,West,51993.82,Year,Y,Denied
EZYV14443,Asia,Bachelor's,N,N,2929,1943,West,238039.66,Year,Y,Certified
EZYV19471,South America,Master's,Y,Y,1314,1962,South,6357.22,Year,Y,Certified
EZYV6302,North America,Bachelor's,N,N,60,1977,South,434.3963,Hour,Y,Denied
EZYV7557,North America,Bachelor's,Y,N,1437,1968,South,115704.99,Year,N,Denied
EZYV22587,Asia,Doctorate,N,N,3632,1929,West,1854.45,Year,N,Denied
EZYV359,Asia,High School,N,N,1983,2010,West,30668.32,Year,Y,Denied
EZYV5247,Asia,High School,Y,N,1358,1981,Midwest,3192.81,Year,Y,Denied
EZYV6669,Asia,Bachelor's,N,N,3929,2005,West,57924.59,Year,Y,Certified
EZYV12629,Africa,High School,Y,N,2461,1969,West,937.3771,Hour,Y,Denied
EZYV7444,North America,Bachelor's,N,N,11555,2001,West,133.33,Hour,Y,Denied
EZYV15830,Asia,Master's,Y,N,280,2000,South,54408.5,Year,Y,Certified
EZYV11149,Asia,Bachelor's,N,N,1351,1997,Midwest,89228.61,Year,Y,Certified
EZYV15370,Asia,Bachelor's,Y,N,3476,1855,South,165081.17,Year,Y,Certified
EZYV1244,Asia,Bachelor's,N,N,3196,1998,Northeast,35635.06,Year,Y,Denied
EZYV4006,North America,High School,N,N,11150,1981,South,329.0075,Hour,Y,Denied
EZYV24798,Asia,Master's,Y,N,4259,2003,Northeast,8107.37,Year,Y,Certified
EZYV21343,Asia,Master's,N,N,739,2010,Midwest,106007.87,Year,Y,Certified
EZYV25219,Asia,High School,N,N,3824,1987,Northeast,98225.26,Year,N,Denied
EZYV665,Europe,Bachelor's,N,N,2440,1994,West,30409.94,Year,Y,Certified
EZYV17306,Asia,Bachelor's,Y,N,2401,1998,Midwest,99394.77,Year,Y,Certified
EZYV7099,Asia,Master's,Y,N,135,1994,West,96445.58,Year,Y,Certified
EZYV25248,Asia,Bachelor's,Y,N,4867,1992,Northeast,93276.74,Year,Y,Certified
EZYV24744,Asia,Master's,Y,N,1492,2000,Midwest,247626.74,Year,Y,Certified
EZYV11927,Asia,Bachelor's,Y,N,629,1869,West,71066.18,Year,Y,Denied
EZYV22520,Asia,Master's,Y,N,2225,2004,Midwest,123984.95,Year,Y,Certified
EZYV22027,North America,Master's,N,N,2473,1993,Midwest,396.825,Hour,Y,Denied
EZYV17840,Asia,Bachelor's,N,N,3096,2008,Midwest,75250.34,Year,Y,Certified
EZYV5170,Asia,Bachelor's,Y,N,1630,1984,Northeast,94589.41,Year,N,Certified
EZYV9429,Asia,High School,N,N,2824,2005,Midwest,102530.82,Year,Y,Denied
EZYV685,Asia,Bachelor's,N,N,1369,2003,Midwest,31857.88,Year,Y,Certified
EZYV3215,Asia,Bachelor's,N,N,438,1991,Midwest,22235.8,Year,Y,Denied
EZYV14724,Asia,Bachelor's,Y,N,3551,1978,Midwest,122703.66,Year,Y,Certified
EZYV8735,Asia,Doctorate,N,N,2820,1996,Midwest,97658.09,Year,Y,Certified
EZYV147,Europe,Bachelor's,Y,N,3290,2005,Northeast,357.8194,Hour,Y,Certified
EZYV24228,Asia,Bachelor's,N,N,71,1998,West,13511.41,Year,Y,Denied
EZYV23673,Asia,Bachelor's,Y,N,1614,2011,South,99612.84,Year,Y,Denied
EZYV11066,Asia,Master's,Y,N,352,1995,Northeast,261496.17,Year,N,Certified
EZYV20143,Asia,Master's,N,N,2625,1994,Northeast,11018.75,Year,Y,Certified
EZYV20517,Asia,Bachelor's,N,Y,1779,2007,West,54092.58,Year,Y,Certified
EZYV4919,Asia,Master's,Y,N,2215,1897,Midwest,150033.64,Year,Y,Certified
EZYV24441,Europe,High School,N,Y,3278,1994,South,204948.39,Year,Y,Denied
EZYV4531,Europe,Doctorate,Y,N,4279,2010,West,824.58,Year,Y,Certified
EZYV15608,Asia,Master's,Y,N,32,2006,South,90136.31,Year,Y,Certified
EZYV4198,Asia,Bachelor's,N,N,196,1979,Northeast,33350.16,Year,Y,Denied
EZYV1769,Asia,Bachelor's,Y,N,134,1998,South,14316.91,Year,Y,Certified
EZYV5972,Asia,Bachelor's,Y,N,4848,2010,West,96126.21,Year,Y,Certified
EZYV13856,Asia,High School,N,Y,742,1986,South,45310.11,Year,Y,Denied
EZYV9734,North America,Bachelor's,Y,N,1455,1968,Northeast,78181.56,Year,N,Denied
EZYV10938,Asia,Master's,N,N,1510,1997,Midwest,162336.89,Year,Y,Certified
EZYV365,North America,High School,N,Y,2561,2014,Northeast,43754.7,Year,Y,Denied
EZYV12347,Asia,High School,Y,N,503,2011,South,78073.24,Year,Y,Denied
EZYV7115,North America,Bachelor's,Y,N,1684,2013,West,2216.32,Year,Y,Certified
EZYV23030,Asia,Master's,N,N,2903,1999,Midwest,72686.46,Year,Y,Certified
EZYV11247,Asia,Master's,Y,N,673,2006,Midwest,99938.21,Year,Y,Certified
EZYV3583,Europe,Master's,Y,N,2521,2010,Northeast,26457.54,Year,Y,Certified
EZYV20068,Asia,Bachelor's,N,N,7400,1998,Northeast,193162.48,Year,N,Denied
EZYV10956,Asia,Master's,Y,N,497,2013,Midwest,108175.41,Year,Y,Certified
EZYV4853,Asia,Master's,Y,N,3424,1980,West,81096.92,Year,Y,Certified
EZYV1612,Asia,Bachelor's,N,N,1995,2005,Midwest,119101.47,Year,Y,Certified
EZYV15686,Oceania,Bachelor's,N,N,3451,2013,Northeast,119868.23,Year,Y,Certified
EZYV21433,Asia,Bachelor's,N,N,1961,2009,West,23494.73,Year,Y,Denied
EZYV2002,Asia,Bachelor's,Y,N,2583,1996,Northeast,53360.35,Year,Y,Certified
EZYV2263,Asia,Bachelor's,N,N,2259,1996,West,70807.51,Year,Y,Denied
EZYV15382,Asia,Bachelor's,Y,N,377,1981,South,73589.28,Year,Y,Denied
EZYV16989,Asia,Bachelor's,N,Y,3157,2005,West,110157.83,Year,Y,Certified
EZYV3687,Asia,High School,Y,N,781,2006,Midwest,17721.29,Year,Y,Denied
EZYV299,Asia,Bachelor's,N,Y,3891,1931,South,45860.87,Year,Y,Certified
EZYV2175,Asia,Bachelor's,Y,N,51114,2006,Northeast,63183.8,Year,Y,Certified
EZYV18744,Asia,Master's,Y,N,2456,1986,Midwest,142896.44,Year,Y,Certified
EZYV4008,Asia,Bachelor's,N,N,453,1890,Northeast,421.4584,Hour,Y,Denied
EZYV9386,Europe,High School,N,Y,1643,1988,West,63980.75,Year,Y,Denied
EZYV21748,Asia,Doctorate,N,N,2382,2004,Northeast,35225.22,Year,Y,Certified
EZYV9474,Asia,Master's,Y,N,1295,1996,Midwest,84484.59,Year,Y,Certified
EZYV17646,Asia,Doctorate,Y,N,1620,2013,Midwest,27862.35,Year,Y,Certified
EZYV15313,Asia,High School,Y,N,1742,2001,Midwest,72826.71,Year,Y,Denied
EZYV8762,Asia,Bachelor's,Y,N,2621,2002,Northeast,53866.65,Year,Y,Denied
EZYV2425,Asia,Bachelor's,N,Y,690,2011,Midwest,360.0767,Hour,Y,Certified
EZYV9663,Oceania,Master's,Y,N,4832,2001,South,85349.26,Year,Y,Certified
EZYV8247,Asia,Bachelor's,Y,N,3428,2006,Northeast,44881.64,Year,Y,Certified
EZYV18339,Asia,Master's,Y,N,3608,2001,Midwest,122959.28,Year,Y,Certified
EZYV6152,South America,Master's,Y,Y,2621,2013,South,43584.72,Year,Y,Denied
EZYV16980,Asia,High School,N,Y,369,2006,South,62128.84,Year,Y,Certified
EZYV14216,Asia,Master's,Y,N,2587,1994,South,81211.76,Year,Y,Certified
EZYV7254,Asia,High School,Y,N,1650,2007,West,60764.86,Year,Y,Denied
EZYV7142,Asia,Master's,Y,N,4574,1874,Northeast,59439.65,Year,Y,Certified
EZYV3037,Europe,Doctorate,Y,N,558,1993,West,37166.61,Year,Y,Certified
EZYV24019,North America,Bachelor's,Y,N,841,2003,Northeast,21632.84,Week,Y,Certified
EZYV5168,North America,Bachelor's,Y,N,843,1975,Northeast,173.3297,Hour,Y,Denied
EZYV12915,Asia,Bachelor's,N,Y,19117,1993,South,156006.48,Year,Y,Certified
EZYV22758,Asia,High School,Y,N,273,1989,West,120371.18,Year,Y,Certified
EZYV7997,Asia,Bachelor's,Y,N,4432,1925,South,690.3663,Hour,Y,Denied
EZYV9075,Asia,Doctorate,N,Y,555,2002,Northeast,17194.46,Year,Y,Certified
EZYV4499,Asia,Master's,N,N,2601,1998,South,111472.81,Year,Y,Denied
EZYV15206,South America,Bachelor's,N,N,2645,1995,South,59065.19,Year,Y,Certified
EZYV24112,Asia,Bachelor's,N,N,1713,2005,Northeast,791.7025,Hour,Y,Denied
EZYV2897,Europe,Master's,Y,N,126451,2004,West,61891.31,Year,Y,Certified
EZYV239,Asia,Master's,N,N,3592,1950,West,114512.69,Year,Y,Denied
EZYV2618,Asia,Bachelor's,Y,N,4339,2003,Northeast,84316.68,Year,Y,Certified
EZYV11114,Asia,Master's,Y,N,3723,1920,Northeast,31395.42,Year,Y,Certified
EZYV22853,Asia,Bachelor's,Y,N,262,2010,South,53715.27,Year,Y,Certified
EZYV10261,Europe,Doctorate,Y,N,10579,2012,Northeast,139981.38,Year,Y,Certified
EZYV19670,Asia,Bachelor's,Y,N,4036,2006,Midwest,122685.88,Week,Y,Certified
EZYV23968,North America,Doctorate,Y,N,1082,2011,Northeast,116248.5,Year,Y,Certified
EZYV8847,Asia,Bachelor's,N,N,3467,2012,Northeast,38062.7,Year,Y,Denied
EZYV16325,Africa,High School,Y,N,1517,1952,West,116855.28,Year,Y,Certified
EZYV4625,Asia,Bachelor's,Y,Y,1840,1999,South,34520.49,Year,Y,Certified
EZYV2200,Europe,Doctorate,Y,N,4909,2012,South,40084.45,Year,Y,Certified
EZYV8325,Oceania,High School,Y,N,2028,1947,West,68917.53,Year,Y,Certified
EZYV4341,North America,Bachelor's,N,N,674,1948,West,116757.17,Year,Y,Denied
EZYV292,North America,Bachelor's,N,N,2586,1997,West,2007.26,Year,Y,Denied
EZYV14836,North America,Master's,N,N,703,1957,West,113785.83,Year,N,Certified
EZYV23688,Asia,Bachelor's,Y,Y,1692,1996,South,65289.1,Year,Y,Certified
EZYV22103,Asia,Bachelor's,N,N,1644,2003,South,165643.64,Year,Y,Certified
EZYV24773,Asia,Bachelor's,N,N,2853,1984,Northeast,396.932,Hour,Y,Denied
EZYV14065,Asia,Master's,Y,N,2907,2006,West,119025.37,Year,N,Certified
EZYV22440,Asia,Master's,Y,N,851,1998,South,115358.69,Year,Y,Certified
EZYV1191,Europe,Master's,Y,N,5436,2014,Northeast,70186.66,Year,Y,Certified
EZYV13493,North America,Bachelor's,Y,N,2268,2014,Northeast,89037.45,Year,Y,Certified
EZYV3891,North America,Master's,N,N,4350,1993,Northeast,112796.36,Year,Y,Denied
EZYV21489,Europe,Doctorate,N,Y,4405,1996,West,16020.39,Year,Y,Certified
EZYV18237,Asia,Bachelor's,N,N,4208,1998,Northeast,107033.3,Year,Y,Denied
EZYV3240,Asia,Master's,N,Y,591,1984,West,82045.13,Year,Y,Denied
EZYV12403,Asia,Master's,N,N,2644,2001,Northeast,23957.53,Year,Y,Certified
EZYV7284,Asia,Master's,Y,N,3494,1993,Northeast,86475.86,Year,Y,Certified
EZYV25429,Asia,Doctorate,Y,N,23942,1992,Island,70380.93,Year,Y,Denied
EZYV6456,Asia,Bachelor's,Y,N,49,1992,South,28006.81,Year,Y,Denied
EZYV10706,Asia,High School,N,Y,1856,2003,West,228715.49,Year,Y,Denied
EZYV20613,Asia,High School,Y,N,1846,1997,Northeast,88903.23,Year,Y,Certified
EZYV16225,Asia,Master's,Y,N,2939,1999,Northeast,106378.15,Year,Y,Certified
EZYV18827,Asia,Bachelor's,N,N,3388,1994,Midwest,223357.39,Year,Y,Certified
EZYV9803,Asia,Master's,N,N,2181,2009,South,92841.75,Year,N,Certified
EZYV9153,Asia,Bachelor's,Y,N,177,2010,Midwest,91294.42,Year,Y,Certified
EZYV25226,Asia,Master's,Y,N,1020,2012,Northeast,171.5546,Hour,Y,Denied
EZYV5665,North America,Bachelor's,N,N,860,1998,West,123276.25,Year,Y,Denied
EZYV12386,Asia,Master's,Y,N,1841,1968,Northeast,14077.58,Year,Y,Certified
EZYV6376,Asia,Doctorate,Y,N,3379,2004,Northeast,45874.05,Year,Y,Certified
EZYV24946,Asia,Bachelor's,N,N,1637,2007,West,43246.78,Year,Y,Denied
EZYV23947,Europe,High School,N,N,3768,1994,South,26680.62,Year,Y,Denied
EZYV10546,Asia,High School,Y,Y,1329,2006,South,91773.62,Year,Y,Denied
EZYV16276,Asia,Master's,Y,N,5567,2004,Northeast,17366.79,Year,Y,Certified
EZYV249,North America,Master's,Y,N,2901,1971,Northeast,95974.61,Year,Y,Certified
EZYV16111,Asia,Bachelor's,Y,N,20174,1984,South,32540.1,Year,Y,Certified
EZYV7626,North America,Master's,Y,N,2314,1999,Northeast,133413.81,Year,N,Certified
EZYV2202,Asia,Bachelor's,Y,N,1871,1954,Midwest,52603.59,Year,Y,Certified
EZYV1251,Asia,Bachelor's,Y,N,3101,1992,West,101535.52,Year,Y,Certified
EZYV2616,Asia,Master's,Y,N,3591,1977,South,53735.72,Year,Y,Certified
EZYV2010,Asia,High School,Y,N,3111,1978,Northeast,85089.47,Year,Y,Denied
EZYV22541,Asia,Bachelor's,N,N,2603,1984,West,201488.46,Year,N,Denied
EZYV17745,Asia,Bachelor's,N,Y,3225,2007,West,102087.87,Year,Y,Denied
EZYV23045,Asia,Master's,N,N,3360,2008,Island,24818.26,Year,N,Denied
EZYV24973,Asia,Master's,N,N,3958,2005,West,120423.8,Year,Y,Denied
EZYV12245,Asia,Bachelor's,Y,N,76,1993,West,34053.37,Year,Y,Certified
EZYV17522,Europe,Master's,Y,N,920,2004,Northeast,524.76,Year,Y,Certified
EZYV10612,Asia,Master's,Y,Y,77162,1818,South,103715.02,Year,Y,Certified
EZYV8376,Asia,High School,Y,N,425,1984,Northeast,15853.54,Year,Y,Denied
EZYV341,Europe,Bachelor's,N,N,1083,1999,South,69113.96,Year,Y,Certified
EZYV6195,Asia,Master's,N,N,4930,1852,South,123157.63,Year,Y,Certified
EZYV21016,North America,Bachelor's,N,N,2440,1987,Northeast,652.8175,Hour,Y,Denied
EZYV4058,North America,Bachelor's,Y,N,3551,2012,Northeast,123480.64,Year,Y,Certified
EZYV4463,Asia,High School,Y,N,1950,1992,West,31424.03,Year,Y,Denied
EZYV2395,Asia,Master's,Y,N,945,2010,West,75992.46,Year,Y,Certified
EZYV12842,Europe,High School,N,N,4125,1971,South,189705.87,Year,Y,Denied
EZYV19957,Europe,Master's,N,Y,3009,1913,South,50145.31,Year,Y,Certified
EZYV2460,Asia,Bachelor's,N,N,1896,1911,Northeast,6690.67,Year,Y,Denied
EZYV20421,Europe,Doctorate,N,N,1384,2001,South,77884.31,Year,Y,Certified
EZYV22837,Asia,Bachelor's,N,N,1636,2007,South,69865.99,Year,Y,Denied
EZYV6771,South America,Bachelor's,N,N,2675,1977,Northeast,46.5932,Hour,Y,Denied
EZYV2801,Asia,Bachelor's,Y,N,3012,1851,Northeast,195260.95,Year,Y,Certified
EZYV3421,Asia,Bachelor's,Y,N,970,1933,South,112316.3,Year,Y,Certified
EZYV668,Asia,Master's,Y,N,2950,2009,South,849.455,Hour,Y,Certified
EZYV20787,Europe,High School,Y,Y,1489,1845,West,65525.81,Year,Y,Certified
EZYV6749,Asia,Bachelor's,Y,N,422,1987,South,198562.62,Year,Y,Certified
EZYV5887,Europe,Bachelor's,N,Y,2421,2009,South,28082.1,Year,Y,Denied
EZYV23,Asia,Master's,Y,N,2878,1968,West,45642.39,Year,Y,Certified
EZYV19430,North America,Master's,Y,N,19810,2007,Northeast,47566.41,Year,N,Certified
EZYV20762,North America,Bachelor's,N,N,2127,1966,Northeast,41764.88,Year,Y,Certified
EZYV20451,Asia,Bachelor's,N,N,1149,1992,Northeast,80136.83,Year,N,Denied
EZYV8811,Asia,Bachelor's,N,N,4459,1992,South,3702.51,Year,Y,Certified
EZYV2398,North America,Master's,Y,N,127274,1997,Island,33664.29,Year,Y,Certified
EZYV13534,Asia,Bachelor's,N,Y,821,2000,West,92207.89,Year,Y,Denied
EZYV7775,North America,Bachelor's,N,N,110269,2013,Northeast,42662.9,Year,Y,Certified
EZYV12702,Asia,Bachelor's,Y,Y,77261,1911,Northeast,33968.7,Year,Y,Certified
EZYV25320,South America,Master's,Y,N,1186,2004,West,75773.38,Year,Y,Denied
EZYV18625,Asia,High School,N,N,1077,1993,West,496.2104,Hour,Y,Denied
EZYV21868,Asia,Bachelor's,N,N,2408,1873,Northeast,72749.02,Year,N,Denied
EZYV15,Asia,Master's,Y,Y,15756,2006,South,220081.73,Year,Y,Certified
EZYV3122,Europe,High School,Y,N,1684,1866,South,52818.02,Year,Y,Denied
EZYV15436,Asia,Master's,Y,N,3188,2002,South,12458.37,Year,Y,Certified
EZYV9030,Asia,Master's,Y,N,3054,1984,South,18321.22,Year,Y,Certified
EZYV20799,Europe,Bachelor's,Y,N,449,1998,South,117414.03,Year,Y,Certified
EZYV897,Asia,Bachelor's,Y,N,5577,2007,West,160323.84,Year,Y,Certified
EZYV19023,North America,Doctorate,Y,N,625,2004,Northeast,199.5532,Hour,Y,Certified
EZYV6884,Asia,Bachelor's,N,N,4839,1986,West,56347.56,Year,Y,Denied
EZYV15887,North America,High School,N,N,63,1967,Northeast,325.303,Hour,Y,Certified
EZYV19293,Asia,Bachelor's,N,N,27,1968,West,56207.12,Year,Y,Denied
EZYV20432,Asia,Bachelor's,N,N,3783,2008,West,110127.35,Year,Y,Certified
EZYV2956,Asia,Bachelor's,N,Y,2532,1985,Northeast,44346.79,Year,Y,Denied
EZYV15060,North America,Master's,Y,N,2097,1976,Midwest,23198.72,Year,Y,Certified
EZYV7214,Asia,Bachelor's,Y,N,4515,1970,West,20136.52,Year,Y,Certified
EZYV10140,Asia,Master's,N,Y,1051,2001,West,61651.14,Year,Y,Certified
EZYV23926,North America,High School,N,N,2474,2006,South,8962.2,Year,Y,Certified
EZYV9307,Asia,Master's,N,N,442,1985,Midwest,121496.2,Year,N,Certified
EZYV9712,North America,Master's,N,N,1846,2005,South,99099.77,Year,N,Certified
EZYV14493,Asia,High School,Y,N,1496,2005,Midwest,118213.47,Year,Y,Denied
EZYV4661,North America,Master's,N,N,1935,1899,South,138569.81,Year,Y,Denied
EZYV38,Europe,Master's,Y,Y,44,1965,South,110817.26,Year,Y,Certified
EZYV5215,Asia,Master's,Y,N,2220,1968,West,233150.41,Year,Y,Certified
EZYV22363,Europe,Master's,N,Y,58,1946,West,14978.83,Year,Y,Certified
EZYV5857,Asia,Master's,N,N,3631,1965,South,117937.29,Year,N,Certified
EZYV21743,Asia,Bachelor's,Y,N,1505,1993,South,6861.49,Year,Y,Certified
EZYV5970,Europe,High School,N,Y,1356,1981,South,15777.46,Year,Y,Denied
EZYV17073,Europe,Master's,N,N,2886,2013,South,70860.66,Year,Y,Certified
EZYV4854,Asia,Master's,Y,N,4299,2010,Midwest,108055.29,Year,N,Certified
EZYV17257,Asia,Bachelor's,Y,N,2280,2001,South,119656.55,Year,Y,Certified
EZYV13423,Asia,Bachelor's,Y,N,1743,1988,South,151664.77,Year,Y,Certified
EZYV22172,Asia,Master's,N,N,3394,1898,South,103098.68,Year,N,Certified
EZYV7095,Europe,Bachelor's,N,Y,10399,1991,West,18433.25,Year,Y,Certified
EZYV7012,North America,Master's,N,N,3884,2007,Northeast,75313.77,Year,N,Denied
EZYV404,Asia,Master's,N,N,525,2001,West,113911.27,Year,N,Denied
EZYV12733,Asia,Master's,Y,N,1419,1958,Midwest,97140.6,Year,Y,Certified
EZYV3809,Asia,Master's,Y,N,1619,2008,South,4065.74,Year,Y,Certified
EZYV24554,Europe,Doctorate,Y,N,1874,1996,West,57003.0,Year,Y,Certified
EZYV3453,Asia,Master's,Y,N,5816,1998,Northeast,976.12,Year,Y,Certified
EZYV24676,Asia,Bachelor's,Y,N,4108,2009,Northeast,115196.05,Year,Y,Denied
EZYV815,North America,Bachelor's,N,N,3028,1987,Midwest,98261.85,Year,Y,Certified
EZYV22689,Asia,Bachelor's,N,N,2475,1985,Midwest,68015.78,Year,Y,Certified
EZYV21384,Europe,Doctorate,N,Y,1086,2000,Midwest,29367.93,Year,Y,Certified
EZYV8919,Asia,Master's,Y,N,2897,1989,Midwest,44137.66,Year,N,Certified
EZYV23318,South America,Master's,N,N,3389,1838,Midwest,240922.83,Year,Y,Denied
EZYV3777,Europe,Bachelor's,N,N,1220,2010,Midwest,125799.78,Year,Y,Certified
EZYV11644,Europe,Doctorate,Y,N,2800,2005,Northeast,25145.54,Year,Y,Certified
EZYV13179,Europe,Bachelor's,Y,N,714,1991,West,62708.56,Year,Y,Denied
EZYV6381,Asia,Bachelor's,N,N,3903,1988,South,115400.82,Year,Y,Certified
EZYV19651,Asia,Master's,N,N,1133,1995,Northeast,52119.73,Year,Y,Denied
EZYV13392,Asia,High School,N,N,382,1995,Midwest,109498.61,Year,Y,Denied
EZYV5491,Asia,Master's,N,N,43102,1939,South,53110.06,Year,Y,Certified
EZYV19778,Asia,Master's,N,N,1165,2008,Northeast,125880.68,Year,Y,Denied
EZYV5372,Asia,Bachelor's,Y,N,1905,1892,West,52712.97,Year,Y,Denied
EZYV16486,Asia,Master's,N,N,996,2000,South,97525.57,Year,N,Certified
EZYV17281,Asia,Bachelor's,Y,N,1476,2003,West,152999.61,Year,Y,Certified
EZYV8983,Asia,Doctorate,Y,N,82845,2006,Northeast,140986.67,Year,Y,Certified
EZYV22990,South America,High School,Y,N,2955,1838,South,412.4337,Hour,Y,Certified
EZYV9425,Asia,Master's,Y,N,3511,2005,South,106414.19,Year,Y,Certified
EZYV5083,Asia,Bachelor's,Y,Y,1865,1865,Northeast,69111.47,Year,Y,Certified
EZYV22838,North America,Master's,Y,N,19122,1997,Midwest,109538.99,Year,N,Denied
EZYV3636,Europe,Doctorate,N,N,81,1967,West,16097.53,Year,Y,Certified
EZYV184,Asia,Master's,N,N,1929,2001,Midwest,100401.52,Year,Y,Certified
EZYV10460,Asia,Bachelor's,Y,N,2404,1961,South,64381.49,Year,Y,Certified
EZYV2392,Asia,Master's,N,N,497,2008,South,124211.98,Year,Y,Certified
EZYV19951,Europe,Bachelor's,N,N,1697,2004,West,34929.37,Year,Y,Certified
EZYV4232,Asia,Bachelor's,N,N,967,2003,West,104577.67,Year,Y,Denied
EZYV7807,Asia,Bachelor's,Y,N,2877,2004,West,42530.67,Year,Y,Certified
EZYV11556,Asia,Bachelor's,Y,N,3874,1997,Northeast,49510.92,Year,Y,Denied
EZYV20528,Asia,Bachelor's,Y,N,30724,2012,Northeast,17278.62,Year,Y,Denied
EZYV19929,Asia,Doctorate,Y,Y,1445,1982,South,65688.61,Year,Y,Certified
EZYV23266,Asia,Bachelor's,Y,N,2433,1998,South,110722.53,Year,N,Certified
EZYV17712,North America,Master's,Y,N,2837,1855,South,18540.94,Year,Y,Certified
EZYV22456,North America,Bachelor's,N,N,1905,2012,South,62561.71,Year,N,Certified
EZYV10090,Asia,Bachelor's,N,N,2071,1904,Northeast,238.0194,Hour,Y,Denied
EZYV16851,Europe,Bachelor's,Y,Y,8003,2007,Northeast,71565.18,Year,Y,Certified
EZYV1246,Asia,Bachelor's,Y,N,773,1996,South,80949.53,Year,Y,Certified
EZYV5804,Europe,Doctorate,Y,N,2260,2008,Northeast,82920.32,Year,Y,Certified
EZYV13787,Asia,Bachelor's,Y,N,203,1989,South,106144.01,Year,Y,Denied
EZYV2669,Asia,Bachelor's,Y,N,3332,2007,Northeast,96729.26,Year,Y,Certified
EZYV1602,North America,High School,Y,N,322,2013,Northeast,634.1042,Hour,Y,Certified
EZYV23418,North America,Master's,Y,N,667,1854,South,115435.64,Year,Y,Certified
EZYV6259,Asia,Bachelor's,N,N,1407,2011,Midwest,144791.84,Year,Y,Denied
EZYV13266,Asia,Bachelor's,Y,Y,3953,2006,South,136714.22,Year,Y,Certified
EZYV12519,Asia,High School,Y,N,1767,1974,Northeast,80443.23,Year,N,Denied
EZYV9711,Asia,Bachelor's,N,N,3269,1998,Northeast,72856.78,Year,Y,Certified
EZYV4657,Asia,Bachelor's,Y,N,706,1997,West,34147.44,Year,Y,Denied
EZYV22789,Europe,Master's,Y,N,1493,1960,South,30392.46,Year,Y,Certified
EZYV23572,Asia,High School,Y,N,4718,2006,Midwest,66764.29,Year,Y,Certified
EZYV24585,Europe,Bachelor's,Y,Y,2127,1953,Midwest,2025.43,Year,Y,Certified
EZYV7271,Asia,Bachelor's,Y,N,464,1931,South,51003.31,Year,Y,Denied
EZYV6142,Europe,Bachelor's,Y,N,1439,1999,West,18149.41,Year,Y,Certified
EZYV19735,North America,High School,Y,N,1576,1993,South,4229.43,Week,Y,Certified
EZYV7537,Asia,Master's,Y,N,126,2011,Midwest,50740.81,Year,Y,Certified
EZYV9267,Asia,Master's,Y,N,2064,2009,Midwest,67562.69,Week,Y,Certified
EZYV6887,Asia,Master's,N,N,2614,2006,Northeast,135200.02,Week,Y,Certified
EZYV8548,Asia,Bachelor's,Y,N,2400,1991,South,110549.25,Year,Y,Certified
EZYV4737,Europe,High School,Y,N,6519,1918,Northeast,38961.53,Year,Y,Denied
EZYV5279,South America,Bachelor's,N,Y,4292,1973,West,123148.09,Year,Y,Denied
EZYV15834,Asia,Master's,Y,N,2223,1960,West,102344.62,Year,Y,Certified
EZYV13150,Oceania,Doctorate,N,N,4952,1990,Northeast,111219.31,Year,Y,Certified
EZYV2977,North America,Bachelor's,Y,Y,2182,1989,West,115225.08,Year,Y,Denied
EZYV11536,South America,Master's,Y,N,2498,2012,West,43677.94,Year,N,Certified
EZYV24002,North America,Master's,Y,N,1543,1997,West,105142.32,Year,N,Denied
EZYV3826,North America,Bachelor's,Y,N,4385,2001,Midwest,95500.28,Year,Y,Denied
EZYV819,Asia,Master's,Y,N,644,1977,Northeast,96786.88,Year,Y,Certified
EZYV20750,Asia,Master's,N,N,535,1993,South,111.2,Hour,Y,Denied
EZYV2902,Asia,High School,Y,N,1453,1991,Midwest,76251.65,Year,N,Denied
EZYV12943,North America,Bachelor's,Y,N,3633,2012,South,124270.78,Year,N,Denied
EZYV20880,Europe,Bachelor's,N,N,1011,1984,Northeast,38753.71,Year,Y,Denied
EZYV6941,South America,Master's,N,N,3445,2011,Island,80151.71,Year,N,Certified
EZYV19013,Europe,Bachelor's,N,Y,2294,1987,South,65358.81,Year,Y,Certified
EZYV22436,North America,Bachelor's,Y,N,947,1995,Northeast,192647.88,Year,Y,Certified
EZYV18770,North America,High School,N,N,1551,1839,West,1200.61,Year,Y,Certified
EZYV2545,Asia,High School,Y,N,1832,2005,South,853.5312,Hour,Y,Certified
EZYV18856,South America,Master's,Y,N,4334,1998,West,53538.37,Year,Y,Certified
EZYV3219,Asia,Master's,Y,N,3431,2000,West,125406.43,Year,Y,Certified
EZYV8026,Asia,Master's,Y,N,20583,1999,Midwest,30240.82,Year,Y,Certified
EZYV22002,North America,Master's,Y,N,3747,1989,West,69515.32,Year,Y,Certified
EZYV23911,North America,Master's,Y,N,690,1998,Midwest,113618.92,Year,N,Certified
EZYV5052,Asia,Bachelor's,Y,N,1632,2008,Midwest,178259.93,Year,Y,Certified
EZYV8628,North America,Master's,N,N,1221,2008,Northeast,94513.1,Year,Y,Denied
EZYV24932,North America,Master's,N,N,3603,1992,Northeast,139.74,Hour,Y,Denied
EZYV8504,Asia,Bachelor's,Y,N,1606,2011,West,118191.51,Month,Y,Certified
EZYV3522,Asia,Bachelor's,N,N,2395,1989,Northeast,43296.15,Year,Y,Denied
EZYV8437,Asia,Bachelor's,Y,N,4378,1997,Midwest,137995.92,Year,N,Certified
EZYV7203,North America,Bachelor's,Y,N,1670,2008,Northeast,57615.09,Year,Y,Denied
EZYV23332,Europe,Master's,Y,N,74,1947,Midwest,104326.54,Week,Y,Certified
EZYV2904,Asia,Master's,N,N,1698,1998,Midwest,135428.82,Year,Y,Denied
EZYV6855,Asia,Master's,N,N,2357,1994,Island,41649.36,Year,Y,Certified
EZYV20414,Asia,Bachelor's,Y,N,703,1994,Northeast,192702.13,Year,Y,Certified
EZYV17081,Asia,Master's,N,N,3022,2006,South,72444.19,Year,Y,Denied
EZYV2454,Asia,High School,N,N,1528,1919,South,59755.12,Year,Y,Certified
EZYV10267,North America,Bachelor's,N,N,1768,2005,South,87006.84,Year,Y,Certified
EZYV15355,Europe,Bachelor's,Y,N,4104,2010,Northeast,25495.23,Year,Y,Denied
EZYV3248,Asia,Bachelor's,Y,N,3925,1948,South,137673.07,Year,Y,Certified
EZYV17000,Asia,Bachelor's,Y,N,2696,1980,West,130491.58,Year,Y,Certified
EZYV13321,Asia,Master's,Y,N,4150,1933,Midwest,99147.4,Year,Y,Certified
EZYV1698,North America,Doctorate,Y,N,389,2009,Midwest,60040.55,Year,Y,Certified
EZYV20768,Asia,Bachelor's,N,N,385,2000,West,260.945,Hour,Y,Denied
EZYV11846,Asia,Bachelor's,N,N,1227,1850,Midwest,104358.61,Year,N,Certified
EZYV20176,Europe,Master's,N,N,2344,2007,West,2633.66,Year,Y,Certified
EZYV22250,Europe,Doctorate,Y,Y,1847,2001,West,26058.0,Year,Y,Certified
EZYV125,Asia,Master's,Y,N,960,2012,Northeast,40256.03,Year,Y,Certified
EZYV17271,Asia,Master's,Y,N,360,1997,Midwest,70602.44,Year,Y,Certified
EZYV6366,Asia,Doctorate,Y,N,4107,2007,West,16671.65,Year,Y,Certified
EZYV3520,Europe,Doctorate,N,N,4142,2010,Northeast,39180.19,Year,Y,Certified
EZYV17992,Asia,Master's,Y,N,2201,2007,Midwest,94290.2,Year,Y,Certified
EZYV555,Asia,Master's,Y,N,633,1985,West,53669.98,Year,N,Certified
EZYV12934,Asia,High School,Y,N,860,1991,Midwest,105183.97,Year,Y,Denied
EZYV16493,Europe,Doctorate,Y,N,2050,2012,West,124286.96,Year,Y,Certified
EZYV7776,Europe,Master's,N,N,1907,1960,Midwest,57915.9,Year,Y,Certified
EZYV21584,Asia,Bachelor's,N,N,4523,1963,West,150247.84,Year,Y,Denied
EZYV21812,Asia,Bachelor's,N,N,2518,1889,West,166653.6,Year,Y,Certified
EZYV19071,Asia,High School,Y,Y,2196,1979,South,65598.53,Year,Y,Denied
EZYV17298,Asia,Bachelor's,N,N,4742,1999,South,169.4047,Hour,Y,Certified
EZYV11005,Asia,Master's,N,N,2481,1991,Midwest,81638.57,Year,Y,Certified
EZYV23067,Asia,Master's,Y,N,1219,1998,South,32010.17,Year,Y,Certified
EZYV23294,North America,Master's,Y,N,5031,1997,West,8602.9,Year,Y,Certified
EZYV308,North America,Master's,Y,N,4265,1997,South,69375.0,Year,Y,Certified
EZYV2517,Asia,Master's,N,N,2537,1963,West,156514.43,Year,N,Denied
EZYV8967,Europe,Doctorate,Y,N,1338,2012,Northeast,56825.44,Year,Y,Certified
EZYV16547,North America,Master's,Y,N,2224,1981,West,82079.49,Year,N,Denied
EZYV24644,Asia,Bachelor's,Y,N,2285,2008,Northeast,110880.87,Year,Y,Certified
EZYV25433,Asia,Bachelor's,Y,N,1236,2008,West,154057.64,Week,Y,Certified
EZYV7920,North America,Doctorate,Y,N,1647,2013,Northeast,89862.14,Year,Y,Certified
EZYV4332,Asia,Master's,Y,N,2490,1892,Northeast,125457.0,Year,N,Certified
EZYV11822,North America,Master's,N,N,3742,1912,Northeast,56.5217,Hour,Y,Denied
EZYV19480,Asia,Bachelor's,N,Y,1355,1879,South,78210.61,Year,Y,Denied
EZYV10433,Asia,Master's,Y,N,2320,2006,Northeast,781.2903,Hour,Y,Certified
EZYV12574,Africa,Bachelor's,N,Y,2134,1979,South,103627.11,Year,Y,Denied
EZYV1394,North America,Master's,N,N,1922,1992,Northeast,746.2808,Hour,Y,Denied
EZYV10522,Asia,Master's,Y,N,5954,1931,South,75185.43,Year,Y,Certified
EZYV3138,Asia,Doctorate,N,Y,61396,1987,Midwest,242406.32,Year,Y,Denied
EZYV12168,Asia,Master's,Y,N,1107,1998,Midwest,118256.21,Week,Y,Certified
EZYV19918,Asia,Master's,Y,N,5309,1984,Northeast,96219.61,Year,N,Certified
EZYV20098,Asia,Master's,Y,N,4474,1971,South,122511.0,Year,N,Certified
EZYV9879,North America,Master's,Y,N,2796,1970,Northeast,20553.8,Year,Y,Certified
EZYV10033,Asia,Master's,Y,N,348,2015,Northeast,201066.88,Year,Y,Certified
EZYV23064,Asia,Master's,N,N,2863,1999,West,104.11,Hour,Y,Denied
EZYV6017,Asia,Master's,Y,N,1572,2003,Northeast,42988.72,Year,Y,Certified
EZYV18485,Asia,Master's,Y,N,1851,2007,Northeast,58934.94,Year,Y,Certified
EZYV7601,Asia,Bachelor's,N,N,3879,2013,South,109.48,Hour,Y,Certified
EZYV17350,Europe,Doctorate,N,N,1331,1958,Northeast,2067.26,Year,Y,Certified
EZYV6457,Asia,Bachelor's,N,N,3368,1994,Northeast,63481.31,Year,Y,Certified
EZYV23659,Asia,High School,N,N,100,1998,Northeast,538.8879,Hour,Y,Denied
EZYV5645,Asia,High School,Y,N,1247,1998,Northeast,114191.01,Year,Y,Denied
EZYV24910,North America,Master's,N,N,1910,2005,Northeast,121844.06,Year,Y,Certified
EZYV11007,Africa,Bachelor's,Y,N,520,1997,Midwest,55753.89,Year,Y,Certified
EZYV12382,Asia,High School,Y,N,1009,1996,Midwest,141895.49,Year,Y,Denied
EZYV17829,Europe,Doctorate,Y,N,1002,1995,West,31781.11,Year,Y,Certified
EZYV15860,Asia,High School,N,N,-11,1969,South,44640.6,Year,Y,Denied
EZYV6970,Asia,Bachelor's,Y,N,358,1958,South,60190.73,Year,Y,Certified
EZYV15156,Asia,Master's,N,N,1507,2010,West,8012.28,Year,Y,Certified
EZYV19730,Asia,High School,Y,N,96,2005,Northeast,105646.98,Year,Y,Denied
EZYV13688,North America,Master's,N,N,2438,2008,West,134500.53,Year,Y,Denied
EZYV13882,Asia,Master's,Y,N,3873,2000,South,124480.48,Year,Y,Certified
EZYV13589,North America,Master's,N,N,4567,1904,West,55028.15,Year,Y,Denied
EZYV8758,North America,Bachelor's,Y,N,7778,1968,Northeast,115183.3,Year,Y,Certified
EZYV20803,Asia,Master's,Y,N,245673,1928,Midwest,110747.97,Year,Y,Certified
EZYV16949,Asia,Bachelor's,N,N,1670,1986,South,25386.71,Year,Y,Denied
EZYV5007,Asia,Bachelor's,N,N,2032,2004,Northeast,468.4512,Hour,Y,Denied
EZYV14899,Asia,Bachelor's,Y,N,13804,1997,Northeast,88691.22,Year,Y,Certified
EZYV19659,Asia,Bachelor's,Y,N,16845,1863,West,40012.44,Year,Y,Denied
EZYV17739,Asia,Master's,Y,N,1569,2005,Midwest,72620.96,Year,Y,Certified
EZYV1684,Asia,Doctorate,Y,N,1979,2004,Northeast,29140.28,Year,Y,Certified
EZYV14943,Asia,Bachelor's,Y,N,4084,1887,Northeast,1503.74,Year,Y,Certified
EZYV16942,Asia,Master's,N,N,28704,1998,West,80114.27,Year,Y,Denied
EZYV13425,Asia,Master's,Y,Y,2365,1987,Northeast,63337.71,Year,Y,Denied
EZYV15897,North America,Master's,Y,N,2948,1999,Northeast,66806.32,Year,Y,Certified
EZYV24821,Asia,Bachelor's,Y,N,3140,2000,West,77985.55,Year,Y,Certified
EZYV17085,Asia,Master's,N,N,654,1983,West,127619.42,Year,N,Certified
EZYV3492,North America,Bachelor's,N,N,1971,1955,Northeast,15.6472,Hour,Y,Denied
EZYV14547,North America,Master's,Y,N,1276,1948,Northeast,38364.01,Year,Y,Denied
EZYV17708,Europe,Bachelor's,Y,Y,2942,1947,West,64787.02,Year,Y,Certified
EZYV6183,Asia,Master's,N,N,1528,1890,Northeast,140198.62,Year,N,Certified
EZYV1696,Asia,Bachelor's,N,N,563,1978,Northeast,118230.71,Year,Y,Denied
EZYV11046,Asia,Bachelor's,Y,N,1336,2003,Northeast,41345.1,Year,Y,Certified
EZYV15093,Europe,Master's,Y,N,1478,2004,Northeast,31592.69,Year,Y,Certified
EZYV4482,Asia,Master's,N,N,1204,1855,South,41183.06,Year,N,Denied
EZYV18083,Asia,Master's,Y,N,4524,1856,Northeast,47077.85,Year,Y,Certified
EZYV679,Asia,Bachelor's,Y,N,413,2013,West,140154.91,Year,Y,Certified
EZYV15135,Asia,Bachelor's,Y,N,452,2000,South,172960.48,Year,Y,Certified
EZYV20069,Asia,Master's,N,N,3011,1979,West,145674.19,Year,Y,Certified
EZYV9365,Europe,Doctorate,N,N,1173,1995,Northeast,50817.22,Year,Y,Certified
EZYV16953,Asia,Bachelor's,N,N,223,1998,South,133383.42,Year,Y,Certified
EZYV8546,Asia,High School,Y,N,1764,1999,Northeast,87536.78,Year,Y,Denied
EZYV20808,North America,High School,Y,N,3946,2001,Island,59086.31,Year,Y,Denied
EZYV423,North America,Bachelor's,Y,N,3817,2010,Northeast,20141.7,Year,Y,Denied
EZYV11620,Asia,Bachelor's,N,Y,445,1964,West,19544.25,Year,Y,Certified
EZYV22418,Europe,Bachelor's,N,Y,1071,1942,West,56216.48,Year,Y,Certified
EZYV15342,Asia,Master's,Y,N,4764,1976,South,43695.85,Year,N,Denied
EZYV20110,South America,Bachelor's,N,N,1224,1984,Northeast,47615.62,Year,Y,Denied
EZYV49,Asia,Bachelor's,Y,N,2405,1933,South,86022.02,Year,Y,Certified
EZYV4276,Europe,Bachelor's,Y,N,2875,2010,West,129265.77,Year,Y,Certified
EZYV2474,Europe,Bachelor's,N,N,1036,1985,West,872.4254,Hour,Y,Certified
EZYV7283,Asia,Doctorate,N,N,2807,1952,Midwest,54808.9,Year,Y,Certified
EZYV14095,Asia,High School,N,N,6911,1963,West,80608.6,Year,N,Denied
EZYV23750,Asia,Master's,Y,N,361,1997,West,118105.2,Year,Y,Certified
EZYV24761,Asia,Bachelor's,Y,N,3396,1995,West,579.6373,Hour,Y,Denied
EZYV7301,Asia,Bachelor's,Y,N,62408,2005,South,99542.21,Year,Y,Denied
EZYV24076,Asia,Bachelor's,Y,N,995,1990,Northeast,76039.19,Year,Y,Certified
EZYV8745,Asia,Bachelor's,N,Y,1340,1995,Northeast,163903.8,Year,Y,Certified
EZYV12482,North America,Master's,N,N,623,2009,Northeast,124878.65,Year,Y,Denied
EZYV13414,Asia,Bachelor's,N,Y,1045,2006,West,113024.32,Year,Y,Denied
EZYV11318,Asia,Master's,N,N,579004,1969,South,103507.01,Year,N,Certified
EZYV2555,North America,Bachelor's,Y,N,721,2014,Northeast,262852.71,Year,Y,Certified
EZYV18828,Asia,Bachelor's,N,N,3680,2009,South,33559.96,Year,Y,Denied
EZYV20596,Asia,Bachelor's,Y,N,31075,1976,South,192191.19,Year,Y,Certified
EZYV24334,Asia,Master's,N,N,1006,1956,South,67009.89,Year,N,Denied
EZYV41,Asia,Bachelor's,Y,N,3723,2011,West,39633.32,Year,Y,Certified
EZYV16246,Asia,Bachelor's,Y,N,3164,1977,Northeast,115051.81,Year,Y,Certified
EZYV20322,Asia,Master's,N,N,2376,1999,South,180.1,Hour,Y,Denied
EZYV110,Asia,Bachelor's,Y,N,2504,2001,West,65164.57,Year,Y,Certified
EZYV13479,South America,Master's,Y,N,4818,1999,Northeast,60957.82,Year,Y,Certified
EZYV2724,Asia,Master's,N,N,422,1991,South,64222.57,Year,Y,Denied
EZYV5258,Asia,Doctorate,N,N,1209,2005,Northeast,145.74,Hour,Y,Certified
EZYV19724,Europe,Doctorate,Y,Y,2815,1999,West,65498.78,Year,Y,Certified
EZYV9000,Asia,Master's,N,N,1408,2010,Northeast,783.4324,Hour,Y,Certified
EZYV9941,Asia,Doctorate,Y,N,506,1981,Midwest,119511.45,Year,Y,Certified
EZYV25330,Africa,Bachelor's,N,N,2172,1993,Northeast,32.9286,Hour,Y,Denied
EZYV5576,Africa,Bachelor's,Y,N,1368,1963,Northeast,288.124,Hour,Y,Denied
EZYV19873,Asia,Master's,Y,N,1875,1999,South,82423.51,Year,N,Certified
EZYV9357,Asia,Bachelor's,N,N,2064,1920,Midwest,245110.1,Year,Y,Certified
EZYV8586,Europe,Bachelor's,N,N,3743,1993,West,22336.4,Year,Y,Certified
EZYV5040,North America,Master's,Y,N,4525,2000,Northeast,98009.77,Year,Y,Denied
EZYV16208,Asia,Master's,N,N,3630,1996,Midwest,48657.18,Year,Y,Certified
EZYV22956,Asia,Bachelor's,N,N,1185,1989,Northeast,332.8944,Hour,Y,Denied
EZYV17413,Asia,Bachelor's,Y,N,5098,2002,West,97911.52,Year,Y,Certified
EZYV1922,Africa,Master's,Y,N,250,2007,Midwest,118092.98,Year,Y,Certified
EZYV14685,Asia,High School,N,N,1926,2002,Northeast,61539.43,Year,Y,Denied
EZYV12272,Europe,Master's,Y,Y,217,1963,Midwest,39359.17,Year,Y,Certified
EZYV24966,Europe,Master's,N,N,1574,2009,Midwest,110040.9,Year,Y,Certified
EZYV16152,Asia,Bachelor's,Y,N,3411,2007,Midwest,96261.1,Year,N,Denied
EZYV23352,Asia,High School,Y,N,4856,1975,West,64569.96,Year,Y,Certified
EZYV21571,Asia,High School,Y,N,2611,1817,South,723.7681,Hour,Y,Denied
EZYV4895,North America,Bachelor's,N,N,12597,1962,Northeast,228.0513,Hour,Y,Denied
EZYV1592,North America,Bachelor's,Y,N,3532,1915,Northeast,53773.75,Year,Y,Certified
EZYV15116,North America,Bachelor's,N,Y,275,1934,Northeast,902.5488,Hour,Y,Denied
EZYV19971,Europe,Bachelor's,Y,Y,3065,1994,West,898.29,Year,Y,Certified
EZYV8770,Africa,Bachelor's,N,N,2006,1959,West,44.8222,Hour,Y,Denied
EZYV17124,Europe,Doctorate,Y,N,226,2011,West,20869.61,Year,Y,Certified
EZYV21918,Asia,Bachelor's,Y,N,600,2001,Midwest,103423.02,Year,Y,Certified
EZYV22999,Europe,High School,Y,N,1882,1986,South,47299.15,Year,Y,Certified
EZYV15833,Asia,Doctorate,Y,N,1190,1989,Northeast,56785.82,Year,Y,Certified
EZYV7188,Asia,Master's,N,N,4148,2010,Midwest,144755.6,Year,Y,Certified
EZYV17638,North America,Bachelor's,N,N,1142,2007,West,871.2201,Hour,Y,Certified
EZYV8995,Asia,Master's,Y,N,96629,2006,Northeast,124092.0,Year,N,Certified
EZYV18491,Asia,High School,Y,N,101,2010,Northeast,73536.79,Year,Y,Denied
EZYV6234,Asia,Bachelor's,N,N,1585,1993,Northeast,37305.39,Year,Y,Denied
EZYV10053,North America,Master's,Y,N,2249,1962,Midwest,342.4484,Hour,Y,Denied
EZYV1426,Europe,Bachelor's,N,N,2468,1995,Northeast,81043.72,Year,Y,Denied
EZYV18415,Asia,Bachelor's,Y,N,304,2006,Northeast,47716.9,Year,Y,Certified
EZYV12667,Asia,Master's,Y,N,2500,1988,South,38606.6,Year,Y,Certified
EZYV21047,Asia,Bachelor's,Y,N,89379,1999,South,57050.55,Year,Y,Certified
EZYV20332,Europe,Bachelor's,N,Y,1743,2010,South,84979.56,Year,Y,Denied
EZYV17152,Asia,High School,Y,N,1401,2000,West,134496.44,Year,Y,Certified
EZYV2420,Asia,Master's,N,N,185,1997,Northeast,122580.62,Year,Y,Denied
EZYV1919,Asia,Bachelor's,Y,N,4158,1997,Northeast,46604.34,Year,Y,Certified
EZYV23226,North America,Bachelor's,N,N,1446,2002,Northeast,85496.8,Year,Y,Denied
EZYV14894,Asia,Bachelor's,Y,N,833,2007,Northeast,85801.9,Year,Y,Denied
EZYV4334,Asia,Bachelor's,N,N,5444,1970,West,87658.14,Year,N,Denied
EZYV17158,Asia,Bachelor's,Y,N,701,1944,Northeast,45309.13,Year,Y,Certified
EZYV1050,Asia,High School,Y,N,5215,2005,South,79230.67,Year,N,Certified
EZYV21430,Asia,Master's,Y,N,3217,1986,South,4861.35,Year,Y,Certified
EZYV1175,Asia,Master's,N,N,1504,1985,Northeast,737.4472,Hour,Y,Denied
EZYV19686,Asia,Master's,Y,N,130,1817,West,31119.19,Year,N,Certified
EZYV17685,Asia,Bachelor's,Y,Y,1939,1982,Northeast,155856.29,Year,Y,Certified
EZYV15632,Asia,High School,N,N,4590,1993,Northeast,37824.42,Year,Y,Denied
EZYV3972,Asia,Master's,N,N,6752,1984,Midwest,253668.86,Year,Y,Denied
EZYV17997,Oceania,Bachelor's,Y,N,284,1989,South,86440.77,Year,Y,Denied
EZYV3569,Asia,Bachelor's,Y,N,1371,2005,Northeast,119022.94,Year,Y,Certified
EZYV20353,Asia,Master's,Y,N,2957,1992,West,49087.81,Year,Y,Certified
EZYV9514,Asia,Master's,N,N,1096,2007,Northeast,45567.26,Year,N,Certified
EZYV9526,Asia,Bachelor's,Y,N,3044,1911,West,31947.49,Year,Y,Certified
EZYV15865,Europe,Bachelor's,Y,Y,1714,1900,West,99876.54,Year,Y,Certified
EZYV19914,Asia,Bachelor's,Y,N,562,1912,West,130442.88,Year,Y,Denied
EZYV6790,Europe,Bachelor's,N,N,1142,2013,Midwest,63677.38,Year,Y,Certified
EZYV22650,Asia,Bachelor's,N,Y,2378,2007,Northeast,35888.27,Year,Y,Certified
EZYV19564,Asia,Bachelor's,N,N,4128,1998,West,129924.38,Year,Y,Certified
EZYV24302,Asia,Bachelor's,Y,N,831,1994,South,484.3999,Hour,Y,Denied
EZYV15170,Asia,Bachelor's,Y,N,3649,2011,West,92677.17,Year,Y,Certified
EZYV19663,Asia,Bachelor's,Y,N,5265,1936,West,116.51,Hour,Y,Denied
EZYV13894,Asia,Bachelor's,Y,N,1255,1952,Midwest,162579.15,Year,Y,Denied
EZYV24217,Asia,Doctorate,N,N,3855,2007,Northeast,50349.66,Year,Y,Denied
EZYV12311,Asia,Master's,N,N,2344,1970,West,117976.79,Year,Y,Denied
EZYV10508,Africa,Bachelor's,N,N,1557,1997,Northeast,12228.44,Year,Y,Certified
EZYV16078,North America,Master's,Y,N,1359,1892,Northeast,37856.41,Year,Y,Certified
EZYV15496,Asia,Master's,Y,N,2985,2010,Midwest,133663.85,Year,Y,Certified
EZYV18760,Europe,Bachelor's,N,N,547,1899,South,11603.01,Year,Y,Certified
EZYV7392,Europe,Doctorate,Y,Y,37855,2000,West,13308.97,Year,Y,Certified
EZYV11965,Asia,Master's,N,N,822,1838,South,57934.69,Year,Y,Certified
EZYV7307,North America,Doctorate,Y,N,5626,2013,Midwest,1222.91,Year,Y,Certified
EZYV4312,Asia,Master's,Y,N,2885,1986,Northeast,101388.93,Year,Y,Certified
EZYV24648,Asia,Bachelor's,Y,N,492,1977,Northeast,148936.55,Year,N,Certified
EZYV11126,Asia,High School,Y,N,4497,1998,South,39848.02,Year,Y,Denied
EZYV25050,Asia,Master's,Y,Y,3890,2000,West,116395.82,Year,Y,Denied
EZYV25142,Europe,Doctorate,Y,Y,3823,1875,West,52775.38,Year,Y,Certified
EZYV4701,Europe,Bachelor's,Y,N,2097,2001,Northeast,10280.04,Year,Y,Certified
EZYV19706,Asia,High School,N,N,5416,2004,South,151814.99,Year,N,Certified
EZYV16759,Asia,Master's,Y,N,105,2004,South,37974.4,Year,Y,Certified
EZYV8358,Asia,Doctorate,N,Y,1523,2004,Northeast,71485.11,Year,Y,Certified
EZYV3931,Asia,Master's,Y,N,4272,1985,Northeast,25530.69,Year,Y,Certified
EZYV10810,North America,Master's,N,N,3820,1976,Northeast,95217.89,Year,N,Certified
EZYV5974,Europe,Bachelor's,Y,N,5262,2003,West,105804.4,Year,N,Certified
EZYV4165,Asia,Master's,Y,N,527,2007,Midwest,124870.32,Year,Y,Certified
EZYV3217,Asia,High School,Y,N,2586,1870,West,429.7443,Hour,Y,Denied
EZYV10467,Asia,Doctorate,Y,N,3333,2007,Northeast,5521.0,Year,Y,Certified
EZYV14582,North America,High School,Y,N,1379,1999,West,170568.94,Year,Y,Denied
EZYV19868,Europe,Bachelor's,Y,N,1835,1890,Island,138461.45,Week,Y,Denied
EZYV22684,Asia,Master's,N,N,616,1988,West,208766.15,Year,N,Certified
EZYV20497,Asia,Bachelor's,Y,N,4253,2010,Northeast,173819.06,Year,Y,Certified
EZYV5705,Asia,Master's,Y,N,3191,2011,Northeast,102906.33,Year,N,Certified
EZYV16764,Asia,Bachelor's,Y,N,1564,1984,Midwest,78723.58,Year,Y,Certified
EZYV21419,Europe,Doctorate,Y,N,1029,1955,West,29530.51,Year,Y,Certified
EZYV18863,Asia,Bachelor's,Y,N,3035,1907,West,89891.32,Year,N,Certified
EZYV5367,Europe,Bachelor's,N,N,5054,1970,Northeast,26838.17,Year,Y,Certified
EZYV12822,Europe,Doctorate,Y,N,2499,1996,Northeast,23405.24,Year,Y,Certified
EZYV12959,Asia,Bachelor's,Y,N,2408,1916,South,57382.84,Year,Y,Certified
EZYV5266,Asia,Bachelor's,N,N,1028,1817,Northeast,920.7943,Hour,Y,Denied
EZYV175,Europe,Bachelor's,Y,N,3207,1995,Midwest,61031.95,Year,Y,Certified
EZYV5586,North America,Bachelor's,N,N,4090,2002,West,51255.9,Year,Y,Denied
EZYV16091,Asia,Doctorate,Y,N,1033,1990,Northeast,51030.28,Year,Y,Certified
EZYV17264,South America,High School,Y,Y,3260,1999,West,81864.2,Year,Y,Certified
EZYV4428,Europe,Bachelor's,N,N,3620,1994,Northeast,46823.16,Year,Y,Certified
EZYV167,Asia,Bachelor's,Y,N,459,1998,Northeast,65894.51,Year,Y,Certified
EZYV6673,Asia,High School,Y,N,2026,2013,Midwest,132480.35,Year,Y,Denied
EZYV8879,Asia,Bachelor's,N,N,309,2007,South,37774.77,Year,Y,Denied
EZYV19902,Asia,Bachelor's,N,N,1064,2001,South,115627.13,Year,Y,Denied
EZYV23848,Europe,Master's,Y,N,1225,2003,West,77021.48,Year,Y,Certified
EZYV21024,Asia,Master's,N,N,142,2007,South,81273.91,Year,Y,Denied
EZYV14139,Asia,Bachelor's,N,N,1448,1838,South,60486.69,Year,Y,Denied
EZYV2095,Asia,Master's,Y,N,2555,2005,Northeast,220553.95,Year,N,Certified
EZYV25119,Asia,Bachelor's,Y,N,2628,2004,West,97164.34,Year,Y,Certified
EZYV19893,Asia,Bachelor's,Y,N,1887,2002,South,35372.55,Year,Y,Certified
EZYV1920,Asia,Bachelor's,N,N,4622,2005,South,98796.84,Year,N,Certified
EZYV4568,Asia,Bachelor's,Y,N,1389,1876,Midwest,200108.73,Year,Y,Certified
EZYV4415,South America,Master's,N,N,3194,1992,Midwest,63593.38,Year,Y,Denied
EZYV16359,Asia,Doctorate,Y,N,505,1987,Midwest,122129.87,Year,Y,Certified
EZYV7070,Asia,Master's,Y,N,1041,1940,Midwest,95783.58,Year,Y,Certified
EZYV23225,Asia,Doctorate,Y,Y,2403,2007,Midwest,42945.12,Year,Y,Denied
EZYV3104,Asia,Master's,Y,N,3214,1838,Northeast,45880.68,Year,Y,Certified
EZYV13159,Asia,Master's,Y,N,456,1842,Midwest,45531.89,Year,Y,Certified
EZYV10520,Asia,Doctorate,N,N,3817,1962,Northeast,131923.49,Year,Y,Certified
EZYV2622,Asia,Bachelor's,Y,N,5106,1995,West,125750.1,Year,Y,Certified
EZYV13542,Asia,Master's,Y,N,1725,2005,West,8586.83,Year,Y,Certified
EZYV9056,Asia,Bachelor's,Y,N,2118,2001,Northeast,129901.45,Year,Y,Certified
EZYV24061,North America,Bachelor's,N,N,2986,1962,Northeast,114411.05,Year,N,Denied
EZYV9560,Europe,High School,Y,N,2841,1985,South,88618.46,Year,Y,Denied
EZYV2006,North America,Doctorate,Y,N,3721,1970,South,123919.34,Year,Y,Certified
EZYV9559,Asia,Master's,Y,N,4189,1869,Northeast,68443.79,Year,Y,Certified
EZYV13031,Asia,Bachelor's,N,N,1915,1977,South,102202.7,Year,Y,Certified
EZYV14879,Asia,Bachelor's,Y,N,4875,1902,Midwest,69096.15,Year,N,Certified
EZYV21864,Asia,High School,Y,N,3041,2003,Northeast,52205.28,Year,Y,Certified
EZYV10838,Asia,Master's,Y,N,2958,1854,South,120962.27,Year,Y,Certified
EZYV7808,Asia,Master's,Y,N,2046,1994,Northeast,115222.69,Year,Y,Certified
EZYV11446,Asia,Bachelor's,N,N,1357,1984,Northeast,839.9962,Hour,Y,Denied
EZYV6722,Asia,Master's,Y,N,1968,2009,Midwest,62903.34,Year,Y,Certified
EZYV13962,Asia,Master's,Y,N,1656,1998,Northeast,98425.69,Year,Y,Certified
EZYV13742,North America,Bachelor's,N,N,4432,2004,South,22103.52,Year,Y,Denied
EZYV16170,Asia,Bachelor's,Y,N,304,1940,South,19951.82,Year,Y,Certified
EZYV6726,North America,Master's,Y,N,3392,2005,South,116057.62,Year,N,Certified
EZYV19698,Africa,Master's,Y,N,1195,1999,Northeast,133513.24,Year,Y,Certified
EZYV562,Asia,Master's,Y,N,496,1994,Midwest,153372.73,Year,Y,Certified
EZYV12283,North America,Bachelor's,N,N,4745,2003,Northeast,130362.86,Year,N,Denied
EZYV16674,Asia,Bachelor's,N,N,3747,1951,Northeast,102546.46,Year,Y,Certified
EZYV21907,Asia,Bachelor's,Y,N,869,1991,South,83370.16,Year,Y,Certified
EZYV18626,Asia,Bachelor's,N,N,882,1997,South,53314.73,Year,Y,Certified
EZYV19241,North America,Bachelor's,Y,N,4022,1885,South,87393.28,Year,Y,Certified
EZYV14809,Asia,Master's,N,N,710,1879,South,139491.08,Year,Y,Denied
EZYV15106,Asia,Bachelor's,N,N,89,1979,West,128639.0,Year,Y,Denied
EZYV4124,Asia,Bachelor's,Y,N,285,2001,South,130.0398,Hour,Y,Denied
EZYV19998,North America,Master's,N,N,1603,1925,Northeast,61849.49,Year,N,Denied
EZYV2286,Asia,Bachelor's,Y,N,1016,1991,South,93456.38,Year,Y,Certified
EZYV7556,Asia,High School,N,Y,1925,1884,Northeast,186.3233,Hour,Y,Denied
EZYV13177,Asia,Bachelor's,Y,N,215,1977,Midwest,183995.66,Year,Y,Certified
EZYV21485,Asia,Bachelor's,N,N,1106,2010,Northeast,27703.09,Year,Y,Certified
EZYV17944,Asia,Bachelor's,Y,N,1095,2002,Northeast,10975.62,Year,Y,Certified
EZYV11131,Asia,High School,N,N,1382,1981,Northeast,85126.96,Week,Y,Denied
EZYV3460,Asia,Bachelor's,Y,N,2070,2001,Northeast,11.4473,Hour,Y,Certified
EZYV24126,Asia,Bachelor's,N,N,70,1978,Midwest,92561.17,Year,Y,Certified
EZYV4192,Europe,Bachelor's,Y,N,4467,2012,South,56023.14,Year,Y,Certified
EZYV3696,North America,Doctorate,N,N,2442,1981,Midwest,123539.66,Year,Y,Denied
EZYV18324,Oceania,Bachelor's,Y,N,2425,1993,West,121203.58,Year,Y,Denied
EZYV16028,Asia,Master's,N,N,4215,2010,South,120011.11,Year,Y,Certified
EZYV2366,Asia,Master's,Y,N,1154,1987,Midwest,118031.89,Year,Y,Certified
EZYV12552,Asia,Bachelor's,N,N,2518,1999,West,143919.23,Year,Y,Denied
EZYV22451,Asia,High School,Y,N,1799,1999,West,1219.74,Year,Y,Certified
EZYV21912,Asia,Master's,N,N,1919,1975,South,61581.35,Year,N,Certified
EZYV3476,South America,Master's,N,N,1824,2012,West,576.97,Hour,Y,Denied
EZYV12343,Africa,Bachelor's,Y,N,1029,2005,West,76417.31,Year,Y,Certified
EZYV13381,Asia,Bachelor's,N,N,4261,1983,Northeast,62868.44,Year,Y,Certified
EZYV12779,North America,Master's,N,N,2382,2000,South,498.1069,Hour,Y,Certified
EZYV2025,Asia,Bachelor's,N,Y,2670,1998,South,131259.96,Year,Y,Certified
EZYV16587,Asia,Bachelor's,Y,N,2082,1980,West,34397.35,Year,Y,Certified
EZYV8271,Asia,Bachelor's,Y,N,2127,1832,West,338.2191,Hour,Y,Denied
EZYV2414,North America,High School,N,N,589,1885,Northeast,53571.99,Year,Y,Denied
EZYV16267,Asia,High School,Y,N,925,2001,Midwest,87566.09,Year,Y,Certified
EZYV21003,Asia,Master's,N,N,1396,1981,Midwest,17391.4,Year,Y,Certified
EZYV16321,Asia,High School,N,N,298,2008,Midwest,229874.06,Year,Y,Certified
EZYV25352,Asia,Master's,Y,N,2604,1987,South,30952.8,Year,Y,Certified
EZYV21768,Asia,Bachelor's,Y,N,1942,1974,West,92863.14,Year,Y,Certified
EZYV16585,Asia,Master's,Y,N,3927,1995,South,85494.48,Year,Y,Certified
EZYV8781,Europe,Bachelor's,Y,N,2306,1881,Northeast,99122.45,Year,Y,Certified
EZYV17857,South America,High School,Y,N,2259,1965,Midwest,67037.11,Year,Y,Denied
EZYV8654,Europe,High School,N,N,1288,2012,Northeast,43188.23,Year,Y,Denied
EZYV20255,Asia,Master's,Y,N,535,1998,Northeast,132040.39,Year,N,Certified
EZYV8494,South America,Bachelor's,N,Y,4292,1867,West,64871.55,Year,Y,Certified
EZYV18990,Asia,Bachelor's,Y,N,2495,2008,Northeast,43741.41,Year,Y,Denied
EZYV13722,Europe,High School,Y,N,3037,1952,South,39129.88,Year,Y,Denied
EZYV10655,Asia,Bachelor's,Y,N,1561,1998,South,101124.28,Year,Y,Certified
EZYV4066,Europe,Master's,N,N,4306,2006,Northeast,7357.63,Year,Y,Denied
EZYV9739,Asia,Bachelor's,N,N,3233,1981,West,84714.69,Year,Y,Denied
EZYV3186,North America,Doctorate,Y,N,1582,2004,South,185489.36,Year,Y,Certified
EZYV21795,Asia,Bachelor's,Y,N,1246,2004,West,194788.26,Year,Y,Denied
EZYV20771,Asia,Bachelor's,N,N,401,2004,Northeast,104261.64,Year,Y,Denied
EZYV3226,North America,High School,Y,N,3103,2006,Northeast,79697.43,Year,Y,Certified
EZYV4904,Asia,Master's,Y,N,5784,2010,Northeast,63008.79,Year,N,Certified
EZYV24363,North America,Bachelor's,Y,Y,85455,1912,Northeast,55784.31,Year,Y,Certified
EZYV9230,Africa,Master's,N,N,2564,1916,Northeast,100066.51,Year,Y,Certified
EZYV12193,Asia,Master's,Y,N,4355,2011,South,865.45,Hour,Y,Certified
EZYV22699,Asia,Master's,Y,N,3944,1946,West,75821.36,Year,N,Denied
EZYV22237,Asia,Bachelor's,Y,N,19,1987,Northeast,234.1894,Hour,Y,Denied
EZYV25326,Asia,Master's,N,N,2899,1975,Northeast,348.9715,Hour,Y,Denied
EZYV23311,Asia,Master's,Y,N,2131,1895,Midwest,41651.36,Year,Y,Certified
EZYV3046,Europe,Bachelor's,N,N,692,1984,Northeast,47954.94,Year,Y,Denied
EZYV7959,Asia,Master's,Y,N,1244,2009,Northeast,38255.97,Year,Y,Certified
EZYV60,Asia,Doctorate,N,N,2624,2012,Midwest,4949.28,Year,Y,Certified
EZYV19139,North America,Bachelor's,Y,N,1009,1989,Midwest,34511.96,Year,Y,Certified
EZYV8318,Asia,High School,Y,N,350,1951,Midwest,100308.38,Year,Y,Denied
EZYV10370,Asia,Doctorate,N,Y,59816,2003,South,110402.37,Year,Y,Certified
EZYV19072,Europe,Doctorate,Y,N,3186,1944,Northeast,31983.29,Year,Y,Certified
EZYV15218,Asia,Master's,N,N,2028,2004,Northeast,698.7177,Hour,Y,Denied
EZYV2152,Asia,Master's,N,N,2007,1988,South,137213.73,Year,Y,Certified
EZYV9421,Europe,Doctorate,N,Y,1291,1830,Midwest,88925.34,Year,Y,Certified
EZYV13165,Asia,Master's,Y,N,2273,2004,South,98800.62,Year,Y,Certified
EZYV16305,Asia,Bachelor's,Y,N,1150,1947,West,50093.8,Year,Y,Denied
EZYV20962,Europe,Doctorate,Y,N,625,1885,West,61976.91,Year,Y,Certified
EZYV19227,Asia,Master's,Y,N,1187,2000,South,110103.98,Week,Y,Certified
EZYV23253,Asia,Bachelor's,N,N,30748,2013,South,84262.2,Year,Y,Certified
EZYV25370,Europe,Doctorate,Y,N,3299,1980,Northeast,54643.24,Year,Y,Certified
EZYV7545,Asia,High School,N,N,3846,1992,Midwest,91884.68,Week,Y,Denied
EZYV6322,Asia,High School,N,N,2096,1908,Northeast,47868.62,Year,Y,Denied
EZYV18843,Asia,Master's,Y,N,3402,1821,South,96519.22,Year,Y,Certified
EZYV16883,South America,Doctorate,Y,N,1010,1997,Northeast,42919.71,Year,Y,Certified
EZYV22716,Asia,Bachelor's,N,N,4419,1999,West,194967.27,Year,N,Denied
EZYV23106,Europe,Doctorate,Y,Y,1438,1991,South,28872.55,Year,Y,Denied
EZYV23217,North America,Master's,Y,N,4611,1982,South,65171.27,Year,Y,Certified
EZYV18405,Asia,Bachelor's,N,N,647,1982,Northeast,359.5816,Hour,Y,Denied
EZYV1274,Europe,Doctorate,Y,N,288,1972,West,33990.05,Year,Y,Certified
EZYV24152,Asia,Master's,Y,N,1927,2008,Northeast,131423.0,Year,Y,Denied
EZYV4637,Asia,Bachelor's,Y,N,1563,1936,South,83812.19,Year,Y,Certified
EZYV3283,Asia,Master's,Y,N,877,2009,South,21794.64,Year,Y,Certified
EZYV7949,Asia,Master's,N,N,615,2004,South,150910.66,Year,N,Certified
EZYV12161,Asia,Bachelor's,Y,N,5050,1996,Northeast,45646.86,Year,Y,Certified
EZYV202,Asia,Bachelor's,Y,N,1313,2002,West,99469.71,Year,Y,Certified
EZYV7205,Asia,Bachelor's,Y,N,5129,2001,Northeast,167375.09,Year,N,Certified
EZYV22029,Africa,High School,N,Y,3592,1870,South,19915.5,Year,Y,Certified
EZYV9117,Asia,Doctorate,N,Y,2650,1868,South,86287.82,Year,Y,Certified
EZYV5200,Oceania,Master's,Y,N,1747,1998,Midwest,52132.3,Year,Y,Certified
EZYV2337,Africa,Bachelor's,Y,N,4868,2001,Northeast,48526.06,Year,Y,Certified
EZYV22522,North America,High School,Y,N,605,2005,South,87890.1,Year,Y,Certified
EZYV11925,Asia,Master's,Y,N,1272,1960,South,117972.2,Year,N,Certified
EZYV03,Asia,Bachelor's,N,Y,44444,2008,West,122996.86,Year,Y,Denied
EZYV4486,Asia,Master's,N,N,5029,1994,West,1323.9,Year,Y,Denied
EZYV1742,Asia,Bachelor's,Y,Y,1209,2006,Northeast,86065.34,Year,Y,Certified
EZYV792,Asia,High School,Y,N,1229,2005,Northeast,143921.58,Year,Y,Denied
EZYV6276,South America,Bachelor's,N,N,282,2014,Northeast,521.7731,Hour,Y,Denied
EZYV6724,North America,High School,N,N,953,1999,West,98807.3,Week,Y,Certified
EZYV15452,Asia,Master's,N,N,2183,1839,Northeast,35.335,Hour,Y,Denied
EZYV18299,Asia,High School,Y,N,1911,1908,Northeast,8667.1,Year,Y,Denied
EZYV23624,Asia,Bachelor's,Y,N,2318,2005,South,27113.96,Year,Y,Denied
EZYV12990,Asia,Master's,Y,N,4064,1989,South,138005.15,Year,Y,Certified
EZYV11469,North America,High School,N,Y,2061,1999,Midwest,78967.52,Year,Y,Denied
EZYV3944,Europe,High School,N,Y,3048,1996,Northeast,230843.7,Year,Y,Denied
EZYV21984,Europe,Doctorate,Y,N,4328,1977,Midwest,81055.9,Year,Y,Certified
EZYV15004,Asia,Master's,Y,N,2418,2006,West,123438.97,Year,N,Certified
EZYV3982,North America,Master's,N,N,372,2010,Northeast,41360.33,Year,Y,Denied
EZYV21183,Europe,Bachelor's,Y,N,11136,2004,West,21539.32,Year,Y,Certified
EZYV11800,Asia,Master's,N,N,95941,2014,Island,17806.57,Year,Y,Certified
EZYV23687,Europe,Doctorate,Y,N,3878,1994,West,99073.22,Year,Y,Certified
EZYV10866,Asia,Bachelor's,Y,N,232,2005,West,51762.79,Week,Y,Certified
EZYV14584,North America,Master's,Y,N,1766,2006,Northeast,47010.86,Year,Y,Denied
EZYV5061,Asia,Doctorate,N,Y,2166,1994,South,208373.95,Year,Y,Certified
EZYV20104,Asia,Bachelor's,Y,N,22,2006,West,45588.24,Year,Y,Denied
EZYV3033,Asia,Master's,N,N,2148,2015,Midwest,544.0921,Hour,Y,Denied
EZYV18927,Europe,Master's,N,N,1500,1984,Midwest,91694.87,Year,Y,Certified
EZYV671,Asia,Bachelor's,N,N,1574,2012,South,3080.38,Year,Y,Certified
EZYV3158,Asia,Master's,N,N,970,2007,Northeast,127885.35,Year,Y,Denied
EZYV16198,Asia,High School,Y,N,1870,2000,South,6559.01,Year,Y,Certified
EZYV23972,Asia,High School,N,N,2549,2001,Midwest,98667.46,Year,Y,Certified
EZYV5314,Africa,Master's,Y,N,2598,1885,Northeast,72140.61,Year,Y,Certified
EZYV2686,North America,Master's,N,N,627,1994,Northeast,94618.77,Year,Y,Denied
EZYV13926,Asia,High School,Y,N,2720,1976,Northeast,79454.99,Year,Y,Denied
EZYV19034,Asia,Doctorate,N,N,3154,2010,South,120616.34,Year,Y,Certified
EZYV1391,Europe,Bachelor's,N,Y,4013,2004,West,64023.9,Year,Y,Certified
EZYV15401,Europe,Master's,Y,N,2751,1804,Midwest,100305.94,Year,Y,Certified
EZYV22025,Asia,Master's,N,N,2405,2012,West,210360.91,Year,N,Certified
EZYV12582,North America,High School,Y,N,2637,1993,West,383.3918,Hour,Y,Denied
EZYV24579,Asia,Master's,N,N,3092,1817,Midwest,92301.62,Year,Y,Certified
EZYV14444,Asia,Master's,N,N,14063,2006,South,188651.38,Year,Y,Certified
EZYV9569,Asia,Bachelor's,N,N,2305,2007,South,171.0384,Hour,Y,Denied
EZYV3384,North America,Master's,Y,N,5023,1997,South,135055.87,Year,Y,Certified
EZYV8384,Europe,High School,N,Y,217,1985,West,19038.0,Year,Y,Denied
EZYV10036,North America,High School,Y,N,5364,1986,South,54363.49,Year,Y,Denied
EZYV16693,Asia,Master's,Y,N,2271,1990,South,99628.86,Year,N,Denied
EZYV8683,Asia,High School,N,N,595,2003,South,969.5751,Hour,Y,Denied
EZYV15820,Asia,Master's,Y,N,5112,2011,South,63689.71,Year,Y,Certified
EZYV16209,Asia,High School,Y,N,3019,1987,South,16036.49,Year,Y,Certified
EZYV6988,Europe,Bachelor's,Y,Y,89,1968,South,249339.52,Year,Y,Certified
EZYV21539,Asia,Master's,Y,N,5294,1998,Midwest,93250.78,Year,Y,Certified
EZYV15140,Asia,Master's,Y,N,20218,2005,South,100102.05,Year,Y,Certified
EZYV12463,Asia,Bachelor's,N,N,6315,1958,Midwest,149496.25,Year,Y,Certified
EZYV20039,North America,Master's,Y,N,3551,1977,Northeast,38253.91,Year,Y,Denied
EZYV22751,Asia,Doctorate,Y,N,362,2000,West,60150.28,Year,Y,Certified
EZYV9101,Asia,High School,N,N,2662,2003,Island,165898.94,Year,Y,Denied
EZYV22441,Asia,High School,N,N,9015,1984,West,70098.18,Year,Y,Certified
EZYV3795,Asia,Master's,N,Y,3570,1982,Northeast,139315.01,Year,Y,Denied
EZYV23376,Asia,Bachelor's,N,N,1674,1838,Northeast,254157.54,Year,N,Denied
EZYV14762,Asia,Doctorate,N,Y,1000,1855,South,112491.31,Year,Y,Certified
EZYV11877,Asia,Master's,N,N,4411,1979,South,29641.93,Year,Y,Denied
EZYV20178,Asia,Bachelor's,Y,N,85,1976,Island,44443.89,Year,Y,Denied
EZYV18592,Asia,Master's,N,N,2114,1925,Northeast,150340.36,Year,Y,Certified
EZYV19303,North America,Bachelor's,N,N,808,2013,Northeast,324.902,Hour,Y,Certified
EZYV4295,Asia,Master's,N,N,768,1999,Northeast,112031.35,Year,N,Denied
EZYV14902,Asia,High School,N,Y,648,1989,West,135507.21,Year,Y,Denied
EZYV11835,Asia,Doctorate,N,N,3878,2003,West,87781.32,Year,Y,Certified
EZYV9679,Asia,High School,N,N,786,2001,West,298.5088,Hour,Y,Denied
EZYV8181,Asia,High School,Y,N,39727,2002,West,114.044,Hour,Y,Denied
EZYV11905,Asia,Master's,Y,N,35727,1993,Northeast,122129.39,Year,Y,Certified
EZYV2345,Asia,Bachelor's,Y,N,3524,2002,West,117043.88,Year,Y,Certified
EZYV2376,Asia,Bachelor's,N,N,448,1836,South,104747.65,Year,N,Certified
EZYV10465,Europe,Master's,N,N,1359,1991,West,82306.11,Year,Y,Certified
EZYV7720,Asia,Bachelor's,N,N,556,2007,South,96065.2,Year,Y,Denied
EZYV21802,Asia,Master's,N,N,1550,1973,Midwest,111966.03,Year,Y,Certified
EZYV248,Europe,Doctorate,N,N,109,2008,South,37291.82,Year,Y,Certified
EZYV23608,Asia,Master's,Y,N,4951,1889,West,6847.93,Year,Y,Denied
EZYV4187,Asia,High School,Y,N,739,1939,West,24564.21,Year,Y,Denied
EZYV294,Asia,Bachelor's,N,N,2337,1996,South,26813.7,Year,Y,Certified
EZYV1564,Asia,High School,N,N,1267,1947,Midwest,91757.45,Year,Y,Certified
EZYV1567,Asia,High School,N,N,34673,1981,Midwest,104526.55,Year,Y,Certified
EZYV21518,Asia,Master's,N,N,3418,2002,Midwest,217976.16,Year,Y,Certified
EZYV21278,North America,Bachelor's,Y,N,2817,1876,West,110339.19,Year,Y,Certified
EZYV4634,Europe,Master's,Y,N,4236,1997,Northeast,47064.45,Year,Y,Certified
EZYV11337,South America,Doctorate,Y,Y,2339,2008,South,95988.21,Year,Y,Certified
EZYV3000,Europe,Bachelor's,Y,N,1666,1997,West,42388.98,Year,Y,Certified
EZYV1841,Asia,Master's,N,N,2093,1980,Northeast,73697.87,Year,Y,Denied
EZYV11799,North America,Master's,N,N,3583,1981,Northeast,50445.24,Year,N,Certified
EZYV4262,Asia,High School,Y,N,2491,1841,South,98292.99,Year,Y,Denied
EZYV22479,Europe,High School,Y,N,1159,2009,West,58102.96,Year,Y,Certified
EZYV10098,North America,Master's,Y,N,1207,1953,Northeast,94919.35,Year,N,Certified
EZYV13301,Africa,Master's,Y,N,279,1989,Northeast,94027.93,Year,Y,Certified
EZYV3725,Asia,Master's,Y,Y,183,1947,South,40820.77,Year,Y,Certified
EZYV21877,Asia,Master's,Y,N,3229,1995,South,39439.82,Year,Y,Certified
EZYV18941,Asia,Master's,Y,N,1634,1965,West,181453.24,Year,Y,Certified
EZYV18259,North America,Master's,Y,N,2350,2002,Northeast,48148.42,Year,Y,Certified
EZYV21682,Europe,Master's,N,N,4875,2006,West,25308.01,Year,Y,Certified
EZYV16165,Asia,Master's,Y,N,4986,2007,Northeast,8800.99,Year,Y,Certified
EZYV21947,Asia,Bachelor's,Y,N,3504,2003,Northeast,57171.76,Year,Y,Denied
EZYV18875,Asia,Bachelor's,N,N,3953,1990,Northeast,24399.77,Year,Y,Certified
EZYV22182,Asia,Master's,N,N,3120,1908,Northeast,145360.14,Year,N,Certified
EZYV5154,Asia,Master's,Y,N,5758,2007,South,38153.4,Year,N,Certified
EZYV18132,Asia,Bachelor's,Y,N,5022,1997,Northeast,80767.52,Year,Y,Denied
EZYV17818,Asia,Bachelor's,Y,Y,538,1998,Midwest,37417.42,Year,Y,Certified
EZYV10343,Asia,Bachelor's,N,N,2078,2011,West,125978.46,Year,Y,Certified
EZYV23159,Asia,Master's,N,N,4711,2006,Midwest,135293.48,Year,Y,Certified
EZYV5727,Asia,Master's,Y,N,2029,2009,Northeast,19912.9,Year,Y,Certified
EZYV15261,Asia,High School,N,Y,740,1931,South,54550.29,Year,Y,Denied
EZYV15814,Asia,Bachelor's,N,N,1509,1999,South,75920.64,Year,Y,Certified
EZYV15405,Oceania,High School,N,N,979,1993,West,50004.29,Year,Y,Denied
EZYV5742,Asia,Master's,N,N,2064,1998,Midwest,129748.81,Year,Y,Certified
EZYV12525,Asia,Bachelor's,Y,Y,1453,1980,South,30466.7,Year,Y,Certified
EZYV22076,Asia,Bachelor's,Y,Y,2075,1998,West,74137.7,Year,N,Certified
EZYV15163,Africa,Master's,Y,N,209441,2009,Midwest,129065.47,Year,Y,Certified
EZYV18449,Asia,Master's,N,N,831,2001,Midwest,127.89,Hour,Y,Certified
EZYV3835,Asia,Master's,Y,N,398,1946,South,8194.65,Year,Y,Certified
EZYV23036,North America,Doctorate,Y,N,237,2008,Northeast,110149.19,Year,Y,Certified
EZYV4085,Europe,Master's,Y,N,1509,1991,West,47910.12,Year,Y,Certified
EZYV7867,Asia,Bachelor's,Y,N,5826,1993,West,126739.96,Year,Y,Certified
EZYV7577,Asia,Master's,Y,N,53966,1889,South,47664.79,Year,Y,Certified
EZYV20197,Asia,Bachelor's,Y,N,3769,1968,West,50508.96,Year,Y,Certified
EZYV21466,Asia,Master's,Y,N,3495,1989,West,70152.5,Year,Y,Denied
EZYV8018,Asia,Bachelor's,Y,N,2503,1927,West,546.2118,Hour,Y,Denied
EZYV7154,Europe,Master's,Y,N,1458,1960,South,16025.36,Year,Y,Certified
EZYV13884,Asia,High School,N,N,2124,1997,Midwest,20899.73,Year,Y,Denied
EZYV777,Asia,Master's,Y,N,3107,2009,Midwest,50417.78,Year,Y,Certified
EZYV18025,Asia,Bachelor's,Y,Y,3584,1997,Northeast,90877.52,Year,Y,Denied
EZYV20509,Asia,Bachelor's,Y,N,2067,1959,Northeast,58857.09,Year,Y,Certified
EZYV6118,Asia,Master's,Y,N,1331,2004,Midwest,26795.92,Year,N,Certified
EZYV219,Europe,Bachelor's,N,N,1867,1933,Northeast,2390.74,Year,Y,Certified
EZYV8034,Asia,Bachelor's,N,N,3214,1838,Northeast,73139.16,Week,Y,Denied
EZYV24758,North America,High School,N,Y,4607,1994,West,33403.37,Year,Y,Denied
EZYV22279,Asia,Master's,Y,N,2426,2010,Northeast,102416.67,Year,Y,Denied
EZYV12223,Asia,Doctorate,Y,N,5160,1871,South,50995.81,Year,Y,Certified
EZYV23788,North America,Doctorate,Y,N,1206,2003,Northeast,20778.52,Year,Y,Certified
EZYV18414,Asia,Bachelor's,Y,N,2793,1996,South,74540.14,Year,N,Denied
EZYV12788,Europe,High School,N,Y,215,1960,West,119481.36,Year,Y,Denied
EZYV21315,North America,High School,N,N,1827,2001,South,827.0178,Hour,Y,Denied
EZYV9394,Asia,Master's,Y,N,1775,1999,Midwest,91696.75,Year,Y,Certified
EZYV9472,Asia,Bachelor's,Y,N,2540,2002,Northeast,784.9041,Hour,Y,Denied
EZYV2102,Asia,Master's,N,Y,666,2014,West,46090.11,Year,Y,Denied
EZYV6290,Europe,Master's,Y,N,32057,1985,West,20675.18,Year,Y,Certified
EZYV5714,Asia,High School,Y,Y,2752,1994,West,110913.65,Year,Y,Denied
EZYV10512,Asia,Bachelor's,Y,N,1921,2000,West,71594.44,Year,Y,Denied
EZYV12353,Asia,Bachelor's,N,N,1587,1911,Northeast,1269.64,Year,N,Denied
EZYV18200,Asia,Master's,Y,N,3115,1998,Midwest,122130.73,Year,N,Certified
EZYV24477,North America,Bachelor's,Y,N,1312,2006,Northeast,114921.14,Year,Y,Certified
EZYV22685,Asia,Bachelor's,Y,N,1671,2006,South,10260.94,Year,Y,Denied
EZYV11072,North America,Master's,Y,N,691,1992,Midwest,147430.45,Year,Y,Certified
EZYV24409,Asia,High School,Y,N,1537,2002,Northeast,63257.58,Year,Y,Certified
EZYV13812,Asia,Master's,Y,N,4022,2014,Northeast,84717.67,Year,Y,Certified
EZYV5327,Asia,Master's,Y,N,3813,1998,West,37007.12,Year,Y,Certified
EZYV12063,Europe,Master's,Y,Y,1897,1838,Northeast,107441.04,Year,Y,Certified
EZYV24617,Asia,Bachelor's,Y,Y,2345,2010,South,78216.13,Year,Y,Certified
EZYV5128,North America,Bachelor's,Y,N,2561,1977,South,107906.17,Year,Y,Denied
EZYV3802,Asia,Bachelor's,N,N,174,1981,South,155673.65,Year,Y,Denied
EZYV19955,Europe,Master's,Y,N,3983,2004,West,54859.63,Year,Y,Denied
EZYV3845,Asia,Master's,Y,N,22072,1994,West,26230.78,Year,Y,Certified
EZYV18439,Europe,Doctorate,Y,N,3345,2010,Midwest,875.88,Year,Y,Certified
EZYV70,Asia,Master's,Y,N,292,2005,South,38059.89,Year,Y,Certified
EZYV23762,North America,Doctorate,N,N,5091,1900,Northeast,138.5358,Hour,Y,Certified
EZYV6951,Asia,Doctorate,N,Y,1534,1996,South,75617.39,Year,Y,Certified
EZYV7326,Asia,Master's,Y,N,3925,1926,Northeast,107461.21,Year,Y,Certified
EZYV20056,Asia,High School,N,N,3162,2012,Northeast,368.4,Hour,Y,Certified
EZYV14545,South America,Bachelor's,Y,N,2497,1980,South,99642.14,Year,Y,Certified
EZYV21808,Asia,Master's,N,N,4460,2004,West,584.5243,Hour,Y,Denied
EZYV4966,Asia,Master's,N,N,1305,1995,West,217313.08,Year,N,Certified
EZYV11805,North America,Bachelor's,N,N,967,1804,South,87121.96,Year,Y,Denied
EZYV8187,Asia,Bachelor's,Y,N,1081,1840,Northeast,49588.4,Year,Y,Denied
EZYV22392,Asia,High School,Y,N,3142,2006,Northeast,87176.05,Year,Y,Certified
EZYV21687,Asia,Master's,Y,N,2328,2006,Midwest,98707.5,Year,Y,Certified
EZYV7631,North America,Master's,N,N,4315,2005,Northeast,662.0821,Hour,Y,Denied
EZYV20515,Asia,High School,Y,N,2308,1972,West,76482.73,Year,Y,Certified
EZYV10412,Asia,Bachelor's,Y,Y,449,2010,West,51505.12,Year,Y,Certified
EZYV8270,Asia,Bachelor's,Y,N,2626,2001,Midwest,236523.12,Year,Y,Certified
EZYV4115,Asia,Bachelor's,Y,N,2700,2000,Midwest,77049.94,Year,Y,Certified
EZYV7264,Asia,High School,Y,N,5902,2001,South,139413.46,Year,Y,Denied
EZYV2974,Asia,Doctorate,Y,N,3073,1975,Northeast,68956.29,Year,Y,Certified
EZYV19031,Asia,Bachelor's,N,N,1001,1998,Northeast,53177.38,Year,Y,Certified
EZYV9926,Asia,Master's,N,N,1573,1984,Midwest,50607.24,Year,N,Certified
EZYV16924,Asia,Master's,N,N,1159,1869,Midwest,103335.02,Year,Y,Denied
EZYV12789,Europe,Doctorate,Y,N,2470,1999,Northeast,105548.99,Year,Y,Certified
EZYV14274,North America,Bachelor's,Y,N,249,2002,South,86805.62,Year,Y,Denied
EZYV19280,Asia,Bachelor's,Y,N,5239,2003,Northeast,84506.77,Year,Y,Certified
EZYV22993,Europe,Doctorate,Y,N,17964,1966,West,90442.94,Year,Y,Certified
EZYV15053,Africa,Master's,Y,N,158,1969,Northeast,73088.46,Year,Y,Certified
EZYV2020,Asia,High School,Y,N,491,2004,Northeast,110924.43,Year,Y,Denied
EZYV6547,Asia,Bachelor's,N,N,63,1976,Northeast,91605.32,Year,Y,Denied
EZYV814,Asia,Master's,Y,N,5664,1999,West,34770.1,Year,Y,Certified
EZYV6271,Asia,Master's,Y,N,3159,2006,Midwest,81913.56,Year,Y,Certified
EZYV2464,Asia,Bachelor's,N,N,3115,1998,South,87250.5,Year,Y,Certified
EZYV20415,Asia,Bachelor's,Y,N,4086,1882,Midwest,63198.99,Year,Y,Certified
EZYV24504,Europe,Doctorate,N,N,580,1965,West,31403.73,Year,Y,Certified
EZYV5104,Asia,Master's,N,N,1152,1987,West,45803.08,Year,Y,Certified
EZYV18785,North America,Bachelor's,Y,N,7981,1968,Northeast,107768.7,Year,Y,Certified
EZYV10539,South America,Master's,Y,N,3475,1973,West,380.995,Hour,Y,Denied
EZYV22177,Asia,Master's,N,N,917,2006,West,200443.51,Year,N,Denied
EZYV802,Asia,High School,N,N,932,1980,Northeast,924.83,Year,Y,Denied
EZYV24244,North America,Master's,N,N,950,1995,Midwest,87060.78,Year,N,Certified
EZYV8507,North America,Master's,N,N,1789,1949,South,43967.61,Year,Y,Certified
EZYV818,North America,Bachelor's,N,N,16356,2003,Northeast,135763.05,Year,N,Denied
EZYV15211,Europe,Bachelor's,Y,Y,43630,1986,Northeast,47374.11,Year,Y,Certified
EZYV10325,Europe,Bachelor's,Y,N,3475,1952,Midwest,101829.11,Year,Y,Denied
EZYV21786,Europe,Bachelor's,Y,N,537,1999,Northeast,21353.48,Year,Y,Certified
EZYV4131,Europe,Bachelor's,N,N,3655,1997,Northeast,120356.68,Year,N,Denied
EZYV12885,Asia,Bachelor's,Y,N,1219,2013,South,11963.17,Year,Y,Denied
EZYV18170,Asia,Doctorate,Y,N,581,1884,South,1103.42,Year,Y,Certified
EZYV12449,Asia,Master's,N,N,422,2009,Midwest,53843.63,Year,Y,Certified
EZYV14604,Asia,High School,Y,N,1599,1984,Northeast,108609.31,Year,Y,Denied
EZYV4534,Europe,Master's,N,N,1162,2012,West,48669.94,Year,Y,Certified
EZYV17485,Europe,Bachelor's,Y,N,1489,1997,West,164455.26,Year,Y,Certified
EZYV9692,Asia,Master's,Y,N,1576,1999,South,81767.17,Year,Y,Certified
EZYV23560,North America,Master's,Y,N,2969,1968,Northeast,40245.67,Year,Y,Certified
EZYV4670,Europe,High School,N,N,5039,2004,South,114728.76,Year,Y,Denied
EZYV8807,Asia,Master's,N,N,550,1999,South,13331.45,Year,Y,Certified
EZYV19889,Europe,Master's,Y,N,3543,1984,West,96341.87,Year,Y,Certified
EZYV3960,Asia,Master's,Y,N,4478,2007,Northeast,26194.9,Year,N,Certified
EZYV24884,Asia,Doctorate,Y,N,6002,2010,South,46887.93,Year,Y,Certified
EZYV15889,Asia,Master's,Y,N,1581,2001,Midwest,99370.35,Year,Y,Certified
EZYV19482,Asia,High School,N,N,15380,1989,Northeast,330.3448,Hour,Y,Denied
EZYV6201,Asia,Bachelor's,Y,N,120097,1912,Midwest,128376.17,Year,Y,Denied
EZYV7080,South America,Master's,N,Y,1852,1838,West,12514.46,Year,Y,Certified
EZYV5144,North America,Bachelor's,N,N,4813,1984,West,87790.2,Year,Y,Certified
EZYV21537,Asia,Master's,Y,N,318,1859,West,109169.89,Year,Y,Denied
EZYV16150,Asia,Bachelor's,Y,N,3624,1908,South,84835.71,Year,Y,Denied
EZYV13743,Asia,Master's,N,N,13934,1985,West,59791.02,Year,Y,Certified
EZYV14794,Asia,High School,N,N,3886,2004,South,101615.61,Year,Y,Denied
EZYV22065,Asia,High School,N,N,1031,2001,Midwest,160917.21,Year,Y,Certified
EZYV18440,Asia,Bachelor's,N,N,1262,1819,South,34695.33,Year,Y,Certified
EZYV19172,Asia,High School,Y,N,541,1974,Midwest,28924.61,Year,Y,Certified
EZYV6136,Asia,Bachelor's,Y,N,880,1997,Northeast,31806.41,Year,Y,Certified
EZYV15210,Europe,Master's,Y,N,1047,2001,South,100354.27,Year,N,Certified
EZYV11390,Asia,Bachelor's,Y,N,19526,1998,South,18133.73,Year,Y,Denied
EZYV2350,Asia,Bachelor's,N,N,3994,1955,West,82062.02,Year,N,Denied
EZYV25113,Asia,Bachelor's,Y,N,179,1927,Midwest,87210.59,Year,Y,Certified
EZYV13675,Asia,Bachelor's,Y,N,5309,2008,South,49463.32,Year,Y,Certified
EZYV7427,Asia,Bachelor's,N,N,4553,2012,South,163587.92,Year,Y,Certified
EZYV7549,Europe,Bachelor's,Y,N,559,1856,West,129240.68,Year,Y,Certified
EZYV12495,Asia,Master's,Y,N,4990,1983,Northeast,42139.26,Year,Y,Certified
EZYV7766,Asia,Bachelor's,Y,Y,34677,1976,South,57282.4,Year,Y,Certified
EZYV19738,Asia,Bachelor's,Y,N,1843,1987,Northeast,113727.41,Year,Y,Certified
EZYV17076,North America,Master's,N,N,4071,1880,South,124489.06,Year,N,Denied
EZYV9208,Asia,Bachelor's,Y,N,29868,2013,South,57973.72,Year,Y,Denied
EZYV25353,Asia,Bachelor's,Y,N,732,2005,Midwest,98270.27,Year,Y,Certified
EZYV21873,Asia,Master's,Y,N,96042,1839,Northeast,22806.11,Year,Y,Certified
EZYV11677,Asia,Bachelor's,Y,Y,1217,1938,South,209759.28,Year,Y,Certified
EZYV5941,Europe,Bachelor's,Y,Y,3328,1978,Northeast,63455.68,Year,Y,Denied
EZYV17332,Asia,Master's,Y,N,2273,1994,South,115180.26,Year,Y,Certified
EZYV19752,Asia,Master's,Y,N,218,1989,Northeast,30760.82,Year,Y,Certified
EZYV23382,Asia,Doctorate,Y,N,1475,1850,South,81318.67,Year,Y,Certified
EZYV6667,Asia,Bachelor's,Y,N,4089,2009,West,34632.74,Year,Y,Certified
EZYV755,Asia,Bachelor's,Y,N,2913,1953,Northeast,101292.33,Year,Y,Certified
EZYV2718,Asia,High School,Y,N,49,2005,Northeast,92217.73,Year,Y,Denied
EZYV23240,Asia,Master's,N,N,770,2001,Northeast,127763.96,Year,Y,Certified
EZYV1108,Asia,Master's,N,N,1380,2005,South,205407.18,Year,N,Certified
EZYV17212,Asia,Master's,Y,N,1587,1948,South,48672.04,Year,Y,Certified
EZYV20495,Europe,Doctorate,Y,N,4396,1911,Northeast,70017.26,Year,Y,Certified
EZYV384,Asia,Doctorate,N,N,3970,2013,West,74603.2,Year,Y,Denied
EZYV10523,Europe,Master's,N,N,839,1986,South,146281.53,Year,N,Certified
EZYV3592,North America,Bachelor's,Y,N,134,1907,West,135733.1,Week,Y,Certified
EZYV15344,Europe,Doctorate,N,N,3290,1900,West,41993.63,Year,Y,Certified
EZYV10734,Asia,Bachelor's,Y,N,226,2007,Northeast,88631.26,Year,Y,Certified
EZYV23771,Asia,Master's,N,N,1177,1941,South,102829.4,Year,Y,Denied
EZYV25026,Asia,Master's,Y,N,380,2007,South,182.5918,Hour,Y,Certified
EZYV19570,North America,High School,N,Y,1116,2008,West,51691.34,Year,Y,Denied
EZYV16397,North America,Doctorate,N,N,1934,1956,West,114579.25,Year,N,Certified
EZYV17888,North America,Bachelor's,Y,N,4517,1948,Northeast,82426.28,Year,Y,Denied
EZYV14182,Asia,Bachelor's,N,Y,626,1970,Northeast,72826.23,Year,Y,Certified
EZYV17960,Asia,High School,N,N,2521,1998,Northeast,60248.65,Month,Y,Denied
EZYV23523,Asia,High School,Y,N,190,2003,South,28490.07,Year,Y,Denied
EZYV13082,Asia,Master's,Y,N,142,1848,South,156419.98,Year,Y,Certified
EZYV18191,Asia,Bachelor's,N,N,964,2005,South,61313.61,Year,Y,Certified
EZYV12726,Africa,Master's,Y,N,6215,1999,Northeast,80093.58,Year,Y,Certified
EZYV13232,North America,Master's,N,N,2712,2011,South,99013.63,Week,Y,Denied
EZYV15621,Europe,Bachelor's,Y,N,854,1855,South,84830.64,Year,Y,Certified
EZYV4345,Asia,Master's,N,N,2806,1979,Midwest,69909.27,Year,Y,Denied
EZYV10079,North America,Master's,Y,Y,19143,1898,Northeast,117784.5,Year,Y,Denied
EZYV24444,Asia,Master's,Y,N,1527,2014,Midwest,50050.55,Year,Y,Certified
EZYV10379,Asia,Bachelor's,Y,N,1580,1946,Midwest,137256.24,Year,Y,Certified
EZYV9422,Europe,High School,Y,N,2511,2007,South,6474.84,Year,Y,Denied
EZYV25373,Europe,Bachelor's,Y,N,4561,2000,South,43387.68,Year,Y,Certified
EZYV6385,Asia,High School,Y,N,4547,2011,South,56816.86,Year,Y,Denied
EZYV2232,North America,Master's,Y,N,3044,2011,Northeast,72875.81,Year,Y,Certified
EZYV20019,Asia,Master's,N,N,23534,1978,Northeast,45624.96,Year,Y,Certified
EZYV21880,Asia,Bachelor's,Y,N,18629,2005,West,67630.12,Year,N,Certified
EZYV8074,Europe,Master's,N,Y,61240,2002,Northeast,100280.8,Year,Y,Denied
EZYV3554,Asia,Bachelor's,N,N,213,1962,Midwest,63907.73,Year,Y,Denied
EZYV13696,Africa,Master's,N,N,3375,1899,West,50878.25,Year,Y,Certified
EZYV25264,Asia,Bachelor's,Y,N,2605,1994,South,35011.04,Year,Y,Certified
EZYV20837,Asia,High School,N,Y,10451,2002,South,187213.94,Year,Y,Certified
EZYV18995,Asia,Doctorate,Y,N,4672,1838,South,3029.37,Year,Y,Certified
EZYV20,Asia,Doctorate,N,N,843,1972,Midwest,79948.12,Year,Y,Certified
EZYV24793,Asia,Bachelor's,Y,N,4658,1968,South,126906.32,Year,Y,Certified
EZYV525,Asia,Bachelor's,Y,N,486,2005,South,82450.68,Year,Y,Certified
EZYV4288,North America,Bachelor's,Y,N,1232,2003,South,581.9219,Hour,Y,Denied
EZYV21806,Asia,Master's,N,N,3182,2001,Northeast,516.8146,Hour,Y,Denied
EZYV7553,Asia,High School,N,N,217,1994,West,89982.23,Year,Y,Denied
EZYV17027,Asia,Master's,Y,N,7595,1983,Midwest,145811.46,Year,Y,Certified
EZYV16714,North America,High School,N,N,9245,1960,Midwest,41711.83,Year,Y,Certified
EZYV18331,Europe,Master's,Y,N,2044,1975,West,52066.67,Year,Y,Certified
EZYV1802,Asia,Bachelor's,Y,N,2887,1990,West,74358.98,Year,Y,Certified
EZYV15745,Europe,Bachelor's,Y,N,133,2002,South,17602.91,Year,Y,Certified
EZYV5413,Asia,Bachelor's,N,N,3365,2004,Northeast,36140.17,Year,Y,Certified
EZYV7465,Asia,Bachelor's,Y,N,538,2000,South,76638.72,Year,Y,Denied
EZYV12003,Europe,Doctorate,Y,N,3020,1998,South,88706.94,Year,Y,Certified
EZYV15169,North America,High School,N,N,81357,2009,South,556.5592,Hour,Y,Denied
EZYV22417,Asia,Bachelor's,Y,Y,64,1911,South,104554.57,Year,Y,Certified
EZYV13437,Asia,Bachelor's,N,N,2966,2000,West,98762.37,Year,Y,Denied
EZYV3663,Asia,High School,N,N,3852,1998,South,126497.4,Year,N,Denied
EZYV16345,South America,Bachelor's,N,N,854,1987,Midwest,91309.48,Year,Y,Denied
EZYV2699,Asia,Bachelor's,Y,N,3427,2006,Midwest,48452.57,Year,Y,Certified
EZYV25317,Asia,High School,Y,N,694,1938,Northeast,75251.24,Year,Y,Certified
EZYV5929,Asia,Bachelor's,Y,N,954,1993,South,112316.98,Year,Y,Certified
EZYV3538,South America,Master's,Y,N,75361,1956,South,98073.86,Year,Y,Certified
EZYV10915,Asia,Master's,N,Y,3771,1999,South,53909.06,Year,Y,Certified
EZYV17559,Europe,Master's,N,N,42,2009,West,128952.12,Year,Y,Denied
EZYV8418,Europe,High School,Y,N,3431,2011,West,6445.52,Year,Y,Denied
EZYV5076,Asia,Bachelor's,Y,N,452,1843,Midwest,101475.51,Year,Y,Certified
EZYV4292,Asia,High School,Y,N,3468,1945,South,108517.87,Year,Y,Denied
EZYV9196,Europe,Bachelor's,Y,N,92407,1998,Northeast,44611.43,Year,Y,Certified
EZYV17510,Asia,Bachelor's,Y,N,2751,2014,South,52361.06,Year,Y,Denied
EZYV6150,South America,Doctorate,N,Y,1138,1853,West,99876.13,Year,Y,Certified
EZYV21519,North America,Master's,N,N,147,1961,Northeast,577.8724,Hour,Y,Denied
EZYV4503,Asia,Master's,N,Y,1425,2004,Northeast,25554.17,Year,Y,Denied
EZYV686,Asia,Bachelor's,N,N,1325,2006,Northeast,3732.43,Year,Y,Denied
EZYV421,Asia,Bachelor's,Y,N,3094,1986,South,42657.8,Year,Y,Certified
EZYV23958,Asia,Master's,N,N,1436,1911,South,67102.71,Year,Y,Denied
EZYV3665,South America,Master's,N,N,936,1859,South,52560.4,Year,Y,Denied
EZYV7273,Europe,Bachelor's,Y,Y,2224,1978,West,19470.23,Year,Y,Certified
EZYV23822,Europe,Master's,Y,N,3475,1986,Northeast,35269.39,Year,Y,Certified
EZYV1858,Europe,Doctorate,Y,N,2375,2014,Northeast,8818.82,Year,Y,Certified
EZYV15143,Europe,Doctorate,N,N,337,1993,South,59372.31,Year,Y,Certified
EZYV705,North America,Master's,Y,N,1817,1988,Northeast,27510.78,Year,Y,Certified
EZYV23662,Asia,Doctorate,N,N,474,1969,South,50222.15,Year,Y,Certified
EZYV17022,Asia,Bachelor's,Y,N,644,2006,South,96083.06,Year,Y,Certified
EZYV11949,Asia,Bachelor's,Y,N,156,2005,Island,12153.83,Year,Y,Denied
EZYV17525,North America,Bachelor's,N,N,5586,1850,Northeast,461.6923,Hour,Y,Certified
EZYV12684,Asia,Bachelor's,N,N,648,2012,West,40070.81,Year,Y,Certified
EZYV11776,Asia,Master's,N,N,360,2014,West,31828.42,Year,Y,Certified
EZYV5362,Asia,Bachelor's,N,N,953,2000,West,492.6745,Hour,Y,Denied
EZYV13192,Asia,Master's,Y,N,1239,1997,South,135769.05,Year,Y,Certified
EZYV15347,Asia,Master's,Y,N,308,1989,West,121910.14,Year,Y,Certified
EZYV9037,Africa,Bachelor's,N,N,1070,1995,Northeast,577.8283,Hour,Y,Certified
EZYV20742,Asia,Master's,Y,N,2237,1990,South,109809.15,Year,Y,Certified
EZYV20546,Asia,Master's,N,N,1246,1978,South,77009.03,Year,Y,Denied
EZYV25339,Asia,Bachelor's,Y,N,1536,2003,South,619.8479,Hour,Y,Denied
EZYV8344,North America,Doctorate,Y,N,5089,1963,West,87833.81,Year,Y,Certified
EZYV4433,Asia,Bachelor's,N,N,1047,2009,West,47699.08,Year,Y,Denied
EZYV6551,Asia,High School,N,N,872,2001,Midwest,26644.41,Year,Y,Denied
EZYV13136,Asia,Master's,Y,N,3032,1984,West,19399.04,Year,Y,Certified
EZYV7767,Europe,Master's,N,N,1667,2007,Midwest,97810.8,Year,Y,Certified
EZYV9428,Europe,Bachelor's,Y,Y,141,1819,South,39444.5,Year,Y,Certified
EZYV17252,Asia,Bachelor's,Y,N,4590,2004,South,45970.62,Year,Y,Certified
EZYV16252,Asia,High School,N,Y,4632,1968,South,76955.63,Year,Y,Denied
EZYV1825,Asia,Master's,Y,Y,498,1999,West,113307.53,Year,Y,Certified
EZYV12847,Asia,Doctorate,N,Y,6998,1930,West,87130.62,Year,Y,Certified
EZYV10006,Asia,Bachelor's,Y,N,4831,1838,Island,144726.46,Year,Y,Denied
EZYV3513,Asia,High School,N,N,4364,2009,Northeast,111582.9,Year,Y,Denied
EZYV16234,Asia,Master's,N,N,2364,1928,Midwest,29199.38,Year,Y,Certified
EZYV3425,Asia,Bachelor's,Y,N,2959,2004,West,58561.86,Year,Y,Certified
EZYV8963,Asia,High School,Y,N,720,1980,Midwest,5364.36,Year,Y,Denied
EZYV18892,Asia,High School,N,N,1872,2014,South,67759.24,Year,Y,Certified
EZYV12059,South America,Bachelor's,Y,N,1154,1847,West,36560.15,Year,Y,Certified
EZYV11510,North America,Bachelor's,Y,N,90532,1948,Northeast,89731.56,Week,Y,Certified
EZYV19576,Asia,Master's,Y,N,735,2007,Northeast,26698.62,Year,Y,Certified
EZYV11503,Asia,Master's,N,N,1974,1979,Midwest,143838.08,Year,Y,Certified
EZYV432,Asia,Bachelor's,Y,N,3466,1868,West,31023.47,Year,Y,Certified
EZYV832,Asia,Bachelor's,N,N,2333,2006,South,34229.45,Year,Y,Certified
EZYV8793,Asia,Bachelor's,N,Y,627,1989,South,93356.03,Year,Y,Certified
EZYV1330,Asia,Bachelor's,N,N,67,1986,West,73508.06,Year,Y,Denied
EZYV8216,Asia,High School,Y,N,608,1996,South,89384.76,Year,Y,Denied
EZYV13599,Europe,Bachelor's,N,N,6724,2011,Midwest,42885.84,Year,Y,Certified
EZYV9781,Europe,Doctorate,Y,N,157,2006,Northeast,1706.82,Year,Y,Certified
EZYV15932,Asia,Master's,Y,N,528,1979,South,124943.29,Year,Y,Certified
EZYV17056,Asia,Bachelor's,Y,N,956,1999,Midwest,122855.65,Year,Y,Certified
EZYV3729,Asia,High School,N,N,1586,1988,South,116566.18,Year,Y,Denied
EZYV9392,South America,Bachelor's,N,N,760,2013,West,11536.11,Year,Y,Certified
EZYV21281,South America,Doctorate,Y,N,1255,2011,South,64649.21,Year,Y,Certified
EZYV16548,Asia,Bachelor's,Y,N,1723,2010,South,106666.33,Year,Y,Certified
EZYV20456,Asia,Doctorate,N,Y,683,1982,South,83756.41,Year,Y,Certified
EZYV25286,Asia,Master's,Y,N,1677,1987,Northeast,3531.48,Year,Y,Certified
EZYV17848,Asia,Master's,Y,N,1010,2006,Midwest,89426.72,Year,Y,Certified
EZYV13639,Asia,Master's,N,N,343,2005,Northeast,46784.84,Year,Y,Certified
EZYV1953,North America,Bachelor's,Y,N,323,1999,South,63085.53,Year,Y,Certified
EZYV20685,North America,Master's,Y,N,32,1882,Northeast,106951.04,Year,Y,Denied
EZYV11766,Europe,Master's,Y,N,3035,1987,Northeast,35299.63,Year,Y,Certified
EZYV2341,Europe,Doctorate,N,N,822,1947,West,37121.78,Year,Y,Certified
EZYV10871,Asia,Master's,N,N,2428,2004,West,73667.37,Year,Y,Certified
EZYV2478,Asia,Master's,N,N,789,1975,Midwest,167775.32,Year,Y,Certified
EZYV10735,Asia,Bachelor's,Y,N,7242,1976,Island,146930.79,Year,Y,Denied
EZYV11118,Asia,Bachelor's,Y,Y,635,2013,West,10903.12,Year,Y,Certified
EZYV2834,Asia,High School,N,Y,2070,1997,South,98972.78,Year,Y,Denied
EZYV23412,Asia,Bachelor's,Y,N,1875,2005,South,90116.02,Year,Y,Certified
EZYV7183,Asia,Bachelor's,Y,N,2813,2003,West,117109.75,Year,Y,Certified
EZYV14718,Asia,Master's,Y,N,3718,2001,Midwest,791.2334,Hour,Y,Certified
EZYV2595,Asia,Master's,Y,N,3060,1997,West,143589.0,Year,N,Certified
EZYV5977,Asia,Bachelor's,Y,N,5426,1954,Northeast,72149.04,Year,Y,Denied
EZYV12583,Asia,Bachelor's,N,N,3421,1998,Midwest,203055.77,Year,Y,Certified
EZYV19577,Asia,Bachelor's,Y,N,2584,1989,West,94703.2,Year,N,Denied
EZYV13384,South America,Doctorate,Y,Y,545,1993,Northeast,19696.96,Year,Y,Certified
EZYV5861,Europe,High School,N,N,2557,1999,South,108239.95,Year,Y,Denied
EZYV155,Europe,High School,Y,Y,22,1999,Midwest,37751.51,Year,Y,Certified
EZYV23617,Asia,Master's,Y,N,1772,1995,Midwest,151765.82,Year,N,Certified
EZYV15198,Asia,Bachelor's,Y,N,2873,1899,South,363.574,Hour,Y,Denied
EZYV8307,Asia,Bachelor's,N,N,634,2010,South,583.7382,Hour,Y,Denied
EZYV23329,Africa,Doctorate,Y,N,4909,1999,Northeast,21505.95,Year,Y,Certified
EZYV24457,Europe,Bachelor's,N,N,1636,2010,South,19550.32,Year,Y,Certified
EZYV9112,Asia,Doctorate,Y,N,3586,1930,Northeast,128238.66,Year,Y,Certified
EZYV13072,Asia,Bachelor's,Y,N,2642,2000,South,86619.71,Year,Y,Denied
EZYV4091,South America,High School,Y,N,968,1988,Island,68771.55,Year,Y,Certified
EZYV16652,Africa,Master's,Y,N,3998,2000,Northeast,111.99,Hour,Y,Certified
EZYV20645,Europe,Doctorate,N,Y,9559,1991,South,70752.7,Year,Y,Denied
EZYV16498,Europe,Bachelor's,Y,N,2397,2006,Northeast,5187.44,Year,Y,Certified
EZYV24703,Asia,Bachelor's,N,N,1566,1929,South,113.236,Hour,Y,Denied
EZYV8597,Asia,High School,Y,N,8387,2003,Midwest,108825.55,Year,Y,Denied
EZYV3484,North America,Master's,Y,N,920,1994,West,70108.04,Year,Y,Certified
EZYV9949,Europe,Doctorate,N,Y,1087,1998,South,149704.5,Year,Y,Certified
EZYV6699,Asia,Master's,Y,N,3272,2012,West,150845.9,Year,Y,Certified
EZYV1238,Asia,Bachelor's,Y,N,51,2002,West,153154.02,Year,Y,Certified
EZYV16536,Asia,Bachelor's,N,N,2130,2004,West,73886.63,Year,Y,Denied
EZYV17330,Asia,Bachelor's,Y,N,4908,1974,South,84345.49,Year,N,Denied
EZYV6408,Asia,Master's,N,N,4135,2009,Northeast,14276.19,Year,Y,Certified
EZYV16951,Asia,High School,Y,N,2033,1878,West,634.7041,Hour,Y,Denied
EZYV752,Asia,Master's,N,N,1183,1926,West,111720.08,Year,Y,Denied
EZYV19733,Asia,Master's,Y,N,2789,2013,West,98661.62,Year,Y,Certified
EZYV9076,Asia,Master's,Y,N,218,1984,Northeast,73223.77,Year,Y,Certified
EZYV21227,Asia,High School,Y,N,3279,1976,West,129765.37,Year,N,Denied
EZYV23284,Asia,Master's,Y,N,3524,1986,Midwest,87737.67,Year,Y,Certified
EZYV22295,Asia,Bachelor's,N,N,3763,2004,South,160173.08,Year,Y,Certified
EZYV15137,Europe,Bachelor's,N,N,603,2002,Northeast,10293.93,Year,Y,Certified
EZYV20594,Europe,Master's,N,N,50854,2006,South,56956.33,Year,Y,Certified
EZYV13460,South America,Bachelor's,Y,N,1196,2003,West,23667.19,Year,Y,Certified
EZYV22301,Asia,High School,Y,N,487,1979,Midwest,102140.3,Year,Y,Certified
EZYV21117,Africa,High School,Y,N,1220,2002,Northeast,127935.21,Year,Y,Certified
EZYV11470,Asia,Doctorate,Y,N,4657,2008,South,59037.73,Year,Y,Certified
EZYV20883,Europe,Bachelor's,Y,N,2662,1989,South,163778.89,Year,Y,Denied
EZYV19589,Asia,Master's,N,N,2131,2005,Midwest,208307.6,Year,Y,Certified
EZYV20825,Europe,Doctorate,Y,N,367,2010,Midwest,21298.97,Year,Y,Certified
EZYV20379,Asia,Master's,N,N,2994,2005,South,114404.04,Year,N,Certified
EZYV24167,North America,High School,Y,N,1115,1971,Northeast,78620.04,Year,Y,Denied
EZYV10801,Asia,Bachelor's,N,N,1430,1887,South,106032.13,Year,Y,Denied
EZYV6852,Asia,Master's,N,N,2599,2003,Northeast,102942.54,Year,Y,Certified
EZYV4040,Africa,Bachelor's,Y,N,4211,1992,Northeast,49337.69,Year,Y,Certified
EZYV6369,Asia,Master's,N,N,1303,2004,Midwest,242018.37,Year,Y,Certified
EZYV5174,Asia,High School,Y,N,3328,2004,West,94972.59,Year,Y,Denied
EZYV1740,South America,Master's,N,N,1672,1981,Northeast,39525.72,Year,Y,Denied
EZYV23404,Asia,Master's,Y,N,4392,1968,Midwest,68477.85,Year,Y,Certified
EZYV15716,Asia,High School,N,N,813,2001,West,57914.98,Year,Y,Denied
EZYV10730,Asia,Bachelor's,N,N,1237,1951,West,118935.63,Year,Y,Certified
EZYV19592,Europe,Bachelor's,Y,N,1364,1998,West,70485.5,Year,Y,Denied
EZYV21145,Asia,High School,Y,N,2446,2001,South,119398.54,Year,Y,Denied
EZYV12446,Asia,Bachelor's,Y,N,1295,2014,Northeast,11391.6,Year,Y,Denied
EZYV5899,Asia,Master's,Y,N,5334,1998,West,91648.42,Year,Y,Certified
EZYV22134,Asia,Master's,Y,N,105,1997,South,65384.35,Year,Y,Certified
EZYV24969,Asia,High School,Y,N,2641,2007,Northeast,62577.48,Year,Y,Certified
EZYV4917,Asia,Master's,N,N,172,1998,South,132159.79,Year,N,Certified
EZYV9376,Europe,Doctorate,N,Y,1799,1994,Northeast,157796.24,Year,Y,Certified
EZYV2916,Asia,Bachelor's,N,N,1313,1999,West,102114.62,Year,Y,Denied
EZYV7936,Europe,High School,Y,N,4728,1997,West,58082.29,Year,Y,Denied
EZYV3719,Asia,Bachelor's,Y,N,5505,2011,West,64820.28,Year,Y,Certified
EZYV12743,Asia,Master's,Y,N,4765,1938,Midwest,105605.28,Year,Y,Certified
EZYV8196,Asia,Master's,Y,N,647,1891,West,57108.72,Year,Y,Certified
EZYV23328,Asia,Bachelor's,Y,Y,439,1996,South,100007.12,Year,Y,Certified
EZYV12641,South America,High School,Y,N,1899,1952,Northeast,111791.76,Year,Y,Denied
EZYV3372,Asia,Master's,N,Y,1689,1964,South,7001.82,Year,Y,Denied
EZYV17020,North America,Master's,N,N,2574,1888,South,81584.53,Year,Y,Denied
EZYV24874,Asia,Bachelor's,N,N,3624,1891,Midwest,144105.6,Year,Y,Certified
EZYV23927,North America,Master's,N,Y,1621,2012,Midwest,176.3821,Hour,Y,Denied
EZYV14650,Europe,Doctorate,Y,N,2212,1976,West,63037.47,Year,Y,Certified
EZYV9671,Europe,Doctorate,N,N,1723,1994,West,47437.29,Year,Y,Certified
EZYV3005,Asia,Master's,N,Y,1888,1985,Midwest,78688.03,Year,Y,Denied
EZYV3647,Asia,Bachelor's,Y,N,473,1986,Island,30258.76,Year,Y,Certified
EZYV22419,Europe,Bachelor's,Y,N,549,2001,West,120374.32,Year,Y,Certified
EZYV2864,Asia,High School,Y,N,4723,2007,Northeast,110074.84,Year,Y,Denied
EZYV6409,North America,High School,N,N,2644,1990,South,97827.77,Year,Y,Certified
EZYV902,Asia,Bachelor's,N,N,124,1909,South,95745.58,Year,Y,Certified
EZYV15461,South America,Master's,N,N,978,1867,Midwest,91080.83,Year,Y,Certified
EZYV1224,North America,Bachelor's,Y,N,1599,1982,South,37720.38,Year,Y,Certified
EZYV6303,North America,Master's,N,N,37413,2009,West,135347.42,Year,N,Certified
EZYV15341,Asia,Master's,N,N,2936,1973,South,88387.05,Year,N,Certified
EZYV3061,Asia,Bachelor's,N,N,4325,1838,West,86615.64,Year,Y,Denied
EZYV21822,Asia,Doctorate,N,N,563,2001,West,120052.47,Year,Y,Denied
EZYV7605,Asia,Bachelor's,Y,Y,3290,2006,West,111342.31,Year,Y,Certified
EZYV23728,Asia,Master's,N,N,1606,2006,Midwest,128913.55,Year,Y,Certified
EZYV971,Asia,Bachelor's,Y,N,142,1998,Northeast,32341.12,Year,Y,Certified
EZYV24943,North America,Master's,Y,N,3377,1800,Northeast,96158.48,Year,N,Certified
EZYV6249,North America,Master's,N,N,2205,1977,Northeast,511.4655,Hour,Y,Denied
EZYV11437,Asia,Master's,Y,N,2840,2012,Midwest,54359.19,Year,Y,Certified
EZYV1315,Asia,Bachelor's,N,N,2996,1998,West,71114.45,Year,Y,Denied
EZYV16191,Asia,Bachelor's,Y,N,2668,2008,Midwest,462.8803,Hour,Y,Denied
EZYV2224,Asia,Bachelor's,Y,N,2609,2003,Northeast,92431.26,Year,Y,Certified
EZYV6289,Asia,Bachelor's,N,N,1207,1980,West,33469.03,Year,Y,Denied
EZYV675,Asia,Master's,N,N,3188,2012,South,256205.38,Year,N,Certified
EZYV20387,Asia,Master's,N,Y,346,2005,Northeast,119486.97,Year,Y,Certified
EZYV3914,North America,Master's,Y,Y,1180,2013,Northeast,10831.75,Year,Y,Certified
EZYV22829,Europe,Bachelor's,N,N,3917,1991,West,107276.43,Year,Y,Certified
EZYV22654,South America,Master's,N,N,1732,2004,Northeast,24258.73,Year,Y,Denied
EZYV2655,Europe,High School,Y,N,231,2006,South,26004.66,Year,Y,Denied
EZYV23158,Asia,High School,N,N,2995,1981,Midwest,115651.81,Month,Y,Denied
EZYV3579,Asia,High School,Y,N,1319,2009,South,71273.59,Year,Y,Denied
EZYV14494,North America,Bachelor's,Y,N,195656,1984,West,11215.17,Year,Y,Certified
EZYV13105,Europe,Bachelor's,N,N,383,1992,South,107350.73,Year,N,Denied
EZYV12030,North America,Bachelor's,Y,N,1775,1934,South,180791.66,Year,Y,Certified
EZYV9047,Asia,Bachelor's,N,N,2644,1981,Midwest,210465.5,Year,Y,Certified
EZYV23150,Asia,Master's,N,N,3683,2007,Northeast,518.6032,Hour,Y,Denied
EZYV15490,Asia,Bachelor's,Y,N,414,2005,West,76875.83,Year,Y,Denied
EZYV8906,Asia,Master's,Y,N,1080,1974,Northeast,44593.41,Year,Y,Certified
EZYV6374,North America,Master's,N,N,3095,1994,Northeast,120026.84,Year,Y,Denied
EZYV5634,North America,Master's,Y,N,1018,2005,West,105054.29,Year,N,Certified
EZYV24523,Asia,Bachelor's,N,N,693,2009,Midwest,105730.44,Year,Y,Certified
EZYV23666,Asia,Bachelor's,Y,N,4655,2008,Northeast,59173.03,Year,Y,Certified
EZYV5652,Asia,Bachelor's,N,Y,3810,1995,South,55606.33,Year,Y,Certified
EZYV14932,Europe,Master's,N,Y,4798,1989,Northeast,22869.08,Year,Y,Certified
EZYV15634,Oceania,Bachelor's,N,Y,640,2000,South,216242.12,Year,Y,Certified
EZYV20484,Asia,Bachelor's,Y,N,740,2011,West,33235.43,Year,Y,Certified
EZYV4062,Asia,Master's,Y,N,1776,1985,Midwest,73932.61,Year,Y,Certified
EZYV3323,Asia,Master's,Y,N,4229,2009,Northeast,70746.04,Year,Y,Certified
EZYV20867,North America,Master's,Y,N,2973,2013,West,90626.0,Year,N,Certified
EZYV4236,North America,Master's,N,N,775,2012,West,106851.83,Year,Y,Denied
EZYV12501,Asia,Bachelor's,N,N,2330,1999,Midwest,39557.24,Year,Y,Certified
EZYV6135,Asia,High School,Y,N,2800,1993,Midwest,82672.62,Year,Y,Denied
EZYV23915,Asia,Master's,N,N,2187,1996,Midwest,93672.56,Year,Y,Certified
EZYV8554,Asia,Bachelor's,Y,N,620,1997,West,99571.47,Year,Y,Denied
EZYV5508,North America,Doctorate,N,Y,11995,2000,West,12703.38,Year,Y,Certified
EZYV5906,Asia,High School,N,N,605,1985,Midwest,156933.48,Year,Y,Denied
EZYV973,Asia,Bachelor's,N,N,3336,1994,Midwest,65227.99,Year,Y,Certified
EZYV1976,Asia,Bachelor's,Y,N,4148,2005,South,12603.94,Year,Y,Certified
EZYV13641,Asia,High School,Y,N,945,1900,West,50493.36,Year,Y,Denied
EZYV21735,Asia,Bachelor's,N,N,1314,2008,West,126992.77,Year,Y,Certified
EZYV20269,Europe,Master's,N,N,294,2004,Northeast,47307.78,Year,Y,Certified
EZYV18609,Asia,Bachelor's,N,N,4671,1996,Northeast,520.583,Hour,Y,Denied
EZYV20028,North America,Bachelor's,Y,N,2128,2003,West,43662.25,Year,Y,Certified
EZYV12153,Asia,Master's,N,N,2862,1991,West,26546.87,Year,N,Denied
EZYV23393,Asia,Master's,Y,N,2705,1985,West,106932.69,Year,Y,Certified
EZYV21487,North America,Bachelor's,Y,N,1553,2007,South,34998.8,Year,Y,Certified
EZYV17837,Asia,Master's,Y,N,447,2004,South,56467.61,Year,Y,Certified
EZYV16777,North America,Master's,N,N,5034,2007,West,893.8884,Hour,Y,Certified
EZYV288,Europe,Bachelor's,N,N,623,2007,Northeast,25419.59,Year,Y,Certified
EZYV8834,South America,Bachelor's,Y,N,3960,2009,West,101258.78,Year,Y,Denied
EZYV20202,Asia,Doctorate,Y,N,3138,1943,South,254522.41,Year,Y,Certified
EZYV21224,Asia,Bachelor's,Y,N,2465,2011,Midwest,92761.47,Year,Y,Certified
EZYV4991,Asia,Master's,Y,N,613,1998,West,12208.85,Year,Y,Certified
EZYV8698,North America,High School,Y,N,2248,1875,Northeast,40648.51,Year,Y,Certified
EZYV19075,Europe,Bachelor's,Y,N,1267,2012,West,72912.0,Year,Y,Certified
EZYV5862,Asia,Master's,Y,Y,691,2000,South,102803.09,Year,Y,Certified
EZYV19843,Asia,High School,N,N,3456,2004,Northeast,122067.04,Year,N,Denied
EZYV19175,Asia,Bachelor's,N,N,4505,2013,Midwest,85822.38,Year,Y,Certified
EZYV8897,Asia,Master's,Y,N,1459,1951,South,107533.82,Year,Y,Certified
EZYV2290,Asia,Doctorate,Y,N,4226,2004,Midwest,95860.96,Year,Y,Certified
EZYV18077,South America,Master's,Y,N,4165,1998,Northeast,68057.99,Year,Y,Certified
EZYV23890,Asia,Bachelor's,Y,N,350,1875,West,66180.15,Year,Y,Denied
EZYV2304,Asia,Master's,N,N,1628,1847,Midwest,140366.52,Year,Y,Certified
EZYV7193,North America,Bachelor's,Y,N,1955,2013,West,28813.97,Month,Y,Certified
EZYV1952,North America,Master's,N,N,978,1949,South,128004.06,Year,N,Certified
EZYV16394,North America,Master's,N,N,448,1972,West,3229.37,Year,Y,Denied
EZYV10420,North America,Master's,Y,N,2384,1953,South,2289.59,Year,Y,Certified
EZYV17917,North America,Master's,Y,N,4400,2001,South,52233.72,Year,Y,Certified
EZYV14546,North America,Master's,N,N,543,1884,Northeast,351.3848,Hour,Y,Denied
EZYV13156,Asia,Master's,Y,N,573,1800,Northeast,124457.5,Year,Y,Certified
EZYV17421,Asia,Doctorate,Y,Y,1701,1997,West,25684.28,Year,Y,Denied
EZYV19596,Europe,Master's,N,Y,4027,1926,Midwest,124028.96,Year,Y,Denied
EZYV23086,Asia,Bachelor's,Y,N,4455,2016,South,44638.94,Year,Y,Denied
EZYV4658,Europe,High School,Y,Y,1285,2012,West,109820.53,Year,Y,Denied
EZYV12530,Asia,High School,N,N,48,1999,South,446.9555,Hour,Y,Denied
EZYV13940,Asia,Bachelor's,Y,Y,1487,2001,Northeast,103105.48,Year,Y,Certified
EZYV7255,Oceania,Bachelor's,N,N,167,2006,Midwest,160556.2,Year,Y,Denied
EZYV2710,Asia,Bachelor's,N,N,1868,2013,Midwest,150239.1,Year,Y,Denied
EZYV24247,Asia,Bachelor's,N,N,4220,1982,West,122332.69,Year,Y,Denied
EZYV5111,Asia,Bachelor's,N,N,960,2000,West,116779.89,Year,Y,Denied
EZYV20471,Asia,High School,N,N,2888,1993,Northeast,110594.85,Year,Y,Denied
EZYV20306,Asia,High School,N,N,974,2007,Midwest,7251.37,Year,Y,Certified
EZYV24490,North America,Master's,Y,Y,714,2005,West,106.43,Hour,Y,Denied
EZYV12651,Europe,Bachelor's,N,Y,4584,2001,Island,61786.16,Year,Y,Certified
EZYV21355,Europe,Bachelor's,N,Y,2361,1946,West,129520.23,Year,Y,Denied
EZYV6429,Asia,Bachelor's,Y,N,919,1998,Northeast,115032.02,Year,Y,Certified
EZYV23170,Asia,Master's,Y,N,3297,2011,Northeast,63092.17,Year,Y,Certified
EZYV6785,North America,Master's,Y,N,5879,1911,Northeast,136667.62,Year,Y,Certified
EZYV12460,Asia,Master's,Y,N,627,1997,Northeast,45014.55,Year,N,Certified
EZYV15291,North America,High School,Y,N,917,1926,South,73652.88,Year,Y,Denied
EZYV15351,Europe,Doctorate,Y,N,2959,1848,West,14624.29,Year,Y,Certified
EZYV20804,Asia,High School,Y,N,2666,2004,South,102120.76,Year,Y,Certified
EZYV16401,Asia,Bachelor's,N,N,561,2011,West,46582.9,Year,Y,Denied
EZYV13363,Asia,Master's,N,N,2207,2013,Island,142449.08,Year,Y,Denied
EZYV6658,Europe,Doctorate,N,Y,6122,1947,West,18254.82,Year,Y,Certified
EZYV20037,Asia,High School,Y,N,884,1899,West,56787.76,Year,Y,Certified
EZYV15010,Europe,Bachelor's,N,N,1384,1988,West,100022.08,Year,Y,Certified
EZYV6503,Asia,Master's,Y,N,4072,2001,South,133807.63,Year,Y,Certified
EZYV16745,Asia,Master's,Y,N,2342,1989,West,62643.16,Year,Y,Denied
EZYV3629,Asia,High School,N,N,22365,1856,Midwest,65208.74,Year,Y,Denied
EZYV20828,South America,High School,Y,N,1590,1975,Northeast,57.2276,Hour,Y,Denied
EZYV13153,Asia,Bachelor's,Y,Y,1295,2013,Northeast,147.0,Hour,Y,Denied
EZYV9658,Asia,Bachelor's,Y,N,1309,1995,South,135501.82,Year,Y,Certified
EZYV5114,Europe,Bachelor's,N,N,1174,1996,West,8819.93,Year,Y,Certified
EZYV14613,Asia,High School,Y,N,2071,2000,South,93458.12,Year,N,Denied
EZYV21329,Asia,Master's,N,N,2161,2000,South,50507.76,Year,Y,Denied
EZYV13791,North America,Bachelor's,N,N,2371,1897,Midwest,118734.19,Year,N,Certified
EZYV3300,Asia,Master's,Y,N,21531,2007,West,61970.98,Year,Y,Certified
EZYV22885,Asia,High School,Y,N,1659,1988,West,1473.16,Year,N,Denied
EZYV19397,Asia,Master's,N,N,1846,1998,South,60548.7,Year,Y,Certified
EZYV13874,Asia,High School,N,N,3306,2009,Northeast,81967.16,Year,Y,Denied
EZYV11977,North America,High School,Y,N,2280,1989,Midwest,77698.31,Year,Y,Denied
EZYV9775,Asia,Bachelor's,Y,N,2789,1997,Midwest,99351.18,Year,Y,Certified
EZYV4864,South America,High School,Y,N,3614,1998,West,74251.85,Year,Y,Certified
EZYV2853,Asia,Bachelor's,Y,N,801,2010,South,47953.87,Year,Y,Certified
EZYV17617,Asia,Bachelor's,N,N,2932,2007,Midwest,45797.89,Year,N,Certified
EZYV2246,North America,Bachelor's,Y,N,3081,1893,Northeast,52603.42,Year,Y,Certified
EZYV19747,Asia,Bachelor's,N,N,21451,2003,Northeast,167878.68,Year,Y,Certified
EZYV6663,Europe,High School,N,Y,3275,2006,West,73380.75,Year,Y,Denied
EZYV1905,Asia,Bachelor's,Y,N,3190,2009,Northeast,61606.51,Year,Y,Certified
EZYV11317,Asia,Bachelor's,Y,N,28,2002,West,25809.59,Year,Y,Denied
EZYV16810,Asia,High School,Y,Y,4193,1919,Northeast,38864.6,Year,Y,Certified
EZYV15235,Asia,Bachelor's,Y,N,764,1981,Northeast,90127.91,Year,Y,Certified
EZYV1631,Asia,Bachelor's,N,N,1267,1986,Northeast,122.57,Hour,Y,Denied
EZYV22059,Asia,Master's,Y,N,159,1995,Northeast,101076.71,Year,N,Certified
EZYV1536,Asia,Master's,N,N,3654,1975,South,72809.78,Year,Y,Certified
EZYV24964,Asia,High School,Y,N,2622,2001,Northeast,27969.64,Year,Y,Denied
EZYV10054,Asia,Bachelor's,Y,N,345,2004,South,86229.4,Year,Y,Denied
EZYV9092,South America,Bachelor's,Y,N,2899,1997,West,155105.56,Year,Y,Certified
EZYV3607,South America,Master's,N,N,738,2005,Midwest,723.5006,Hour,Y,Denied
EZYV19103,Asia,Master's,Y,N,683,2002,South,57736.71,Year,Y,Certified
EZYV25172,Asia,Master's,Y,N,1892,1997,Midwest,65117.59,Year,Y,Certified
EZYV5653,Asia,Master's,Y,N,1859,2007,South,68110.65,Year,Y,Certified
EZYV5269,North America,High School,Y,N,2649,1997,West,3199.81,Year,Y,Certified
EZYV9765,Asia,Bachelor's,Y,N,1270,1999,Northeast,65174.16,Year,Y,Certified
EZYV12133,Asia,Bachelor's,N,N,1386,1984,Northeast,21838.5,Year,Y,Denied
EZYV4805,Asia,High School,N,Y,993,2005,West,21838.63,Year,Y,Denied
EZYV8778,Asia,Master's,Y,N,2213,2007,South,154.26,Hour,Y,Certified
EZYV15000,North America,Doctorate,N,N,118,2005,West,50606.42,Year,Y,Certified
EZYV1608,Asia,Master's,Y,N,1507,1937,Island,288318.91,Year,Y,Certified
EZYV3812,Asia,Master's,Y,N,3044,1876,South,27053.34,Year,Y,Certified
EZYV1849,Asia,Bachelor's,Y,N,1377,1993,West,57439.52,Year,Y,Certified
EZYV5718,Europe,Master's,N,Y,3343,1911,West,147919.62,Year,Y,Certified
EZYV19024,Europe,Doctorate,N,Y,4098,2009,West,79506.56,Year,Y,Denied
EZYV9935,Asia,Master's,N,N,12450,2011,Midwest,130805.39,Year,Y,Certified
EZYV3541,Asia,Master's,Y,N,5145,2002,West,60436.86,Year,Y,Certified
EZYV15847,Asia,Bachelor's,Y,N,716,1997,Northeast,76082.95,Year,Y,Certified
EZYV9142,Asia,Bachelor's,N,N,1842,2009,West,151376.0,Year,Y,Certified
EZYV11685,Asia,Bachelor's,Y,N,3102,2006,South,17928.72,Year,Y,Certified
EZYV1077,Asia,Master's,Y,N,1024,1954,South,123953.16,Year,Y,Certified
EZYV17897,North America,Doctorate,N,N,12664,1983,Northeast,190.2601,Hour,Y,Denied
EZYV15188,Asia,Master's,N,N,1388,1983,Northeast,74587.02,Year,Y,Certified
EZYV11859,Asia,Bachelor's,N,N,381,2003,West,54899.09,Year,Y,Denied
EZYV8075,North America,Master's,Y,Y,1235,1974,South,15895.79,Year,Y,Certified
EZYV10163,North America,Bachelor's,Y,N,4022,1998,Northeast,509.423,Hour,Y,Denied
EZYV18286,Asia,Bachelor's,N,N,376,2009,South,98901.43,Year,N,Denied
EZYV6639,Asia,Bachelor's,Y,N,1319,1845,Northeast,73205.5,Year,Y,Denied
EZYV11116,Europe,Master's,Y,N,1438,2013,West,119724.17,Year,N,Denied
EZYV15562,Asia,Master's,Y,N,166,1879,West,90638.38,Week,N,Certified
EZYV13838,Asia,Master's,N,N,9403,1974,West,35795.79,Year,Y,Certified
EZYV14298,Asia,Master's,Y,N,874,2009,West,46476.31,Year,Y,Certified
EZYV24174,Asia,High School,Y,N,2278,1928,West,62757.76,Year,Y,Denied
EZYV24834,Asia,Bachelor's,N,N,2294,1996,Midwest,338.42,Year,Y,Certified
EZYV9865,North America,Master's,Y,N,2809,2005,Northeast,64774.24,Year,Y,Denied
EZYV16603,Asia,Bachelor's,N,Y,2127,2001,South,120022.22,Year,Y,Denied
EZYV4524,Asia,Bachelor's,N,N,998,2001,West,107759.13,Year,Y,Denied
EZYV21553,Asia,Master's,Y,N,1790,1876,Northeast,47952.86,Year,Y,Denied
EZYV7467,Europe,Bachelor's,Y,N,1641,1912,South,41063.21,Year,Y,Certified
EZYV21092,Europe,Bachelor's,Y,N,1002,1998,West,100143.75,Year,Y,Certified
EZYV14991,Asia,Bachelor's,Y,N,3213,2008,South,119483.69,Year,Y,Certified
EZYV19413,North America,Bachelor's,Y,N,2022,2007,South,7298.65,Year,Y,Certified
EZYV17460,Europe,Doctorate,Y,N,693,1986,Northeast,9923.03,Year,Y,Certified
EZYV9146,Asia,Bachelor's,Y,N,1168,2005,Northeast,91792.37,Year,Y,Certified
EZYV5837,North America,Bachelor's,Y,N,2590,1961,Midwest,44763.33,Year,N,Certified
EZYV9600,Asia,Master's,Y,N,1424,2008,West,81533.34,Year,Y,Certified
EZYV6895,Asia,Bachelor's,Y,N,505,2001,Northeast,64859.15,Year,Y,Certified
EZYV17489,Asia,Master's,N,N,221,2006,West,97077.33,Year,Y,Denied
EZYV2168,Asia,Bachelor's,Y,N,3992,1967,South,94583.36,Year,Y,Certified
EZYV10190,Asia,Bachelor's,Y,N,4796,2010,West,97243.78,Year,Y,Certified
EZYV1831,Asia,Bachelor's,N,Y,1021,1993,Midwest,123826.18,Year,Y,Certified
EZYV3174,Oceania,High School,Y,N,963,2009,West,63988.64,Year,Y,Certified
EZYV2750,Asia,Bachelor's,N,N,2316,1965,South,80248.77,Year,N,Denied
EZYV7568,North America,Master's,Y,N,3762,2010,Midwest,27984.17,Year,Y,Certified
EZYV7234,Asia,Bachelor's,Y,N,1729,2009,Midwest,132996.89,Year,Y,Certified
EZYV21963,Asia,Bachelor's,N,N,3305,2001,South,670.3834,Hour,Y,Denied
EZYV10424,Asia,Bachelor's,N,N,2212,1900,South,144093.11,Year,Y,Certified
EZYV23502,Asia,Bachelor's,N,N,382,1978,Midwest,915.1075,Hour,Y,Denied
EZYV24484,Asia,Bachelor's,N,N,321,2005,Midwest,100105.94,Year,Y,Certified
EZYV10429,Asia,Bachelor's,Y,N,1465,1996,South,176620.95,Year,Y,Certified
EZYV23168,Asia,Bachelor's,Y,N,2072,1994,South,111304.17,Year,Y,Denied
EZYV7758,Asia,Doctorate,Y,N,3947,1998,Northeast,42720.89,Year,Y,Certified
EZYV11208,Asia,Master's,N,Y,1910,1998,West,155887.18,Year,Y,Certified
EZYV7651,Asia,Bachelor's,Y,N,2548,2004,South,51012.42,Year,Y,Denied
EZYV14796,Asia,Master's,Y,N,877,2014,Northeast,888.1118,Hour,Y,Certified
EZYV10874,Asia,Bachelor's,Y,Y,3057,1917,Midwest,31267.45,Year,Y,Certified
EZYV23175,Asia,Doctorate,N,Y,2469,1981,South,124127.0,Year,Y,Certified
EZYV14024,North America,Master's,Y,N,414,1987,Northeast,29623.54,Year,Y,Certified
EZYV12065,Asia,Master's,N,Y,1672,1976,Northeast,56643.2,Year,Y,Certified
EZYV2951,Asia,Bachelor's,Y,N,3411,2010,West,28964.08,Year,Y,Certified
EZYV20145,Asia,High School,Y,N,594,2010,Midwest,240301.92,Year,Y,Certified
EZYV7848,Asia,Master's,Y,N,1249,1947,Midwest,161407.19,Year,Y,Certified
EZYV17259,Asia,Bachelor's,Y,N,491,2011,Midwest,246099.93,Month,Y,Denied
EZYV24234,Asia,Bachelor's,Y,N,1125,1980,West,9857.9,Year,Y,Certified
EZYV24931,Europe,Doctorate,N,N,2679,1993,South,13205.47,Year,Y,Certified
EZYV7988,Europe,Doctorate,Y,N,732,1996,West,74883.8,Year,Y,Certified
EZYV2738,Europe,Master's,N,N,4489,1980,West,43719.51,Year,Y,Certified
EZYV19082,Asia,High School,Y,N,60303,1968,South,38144.62,Year,Y,Denied
EZYV7116,Asia,Master's,Y,N,2829,1898,Midwest,18887.29,Year,N,Certified
EZYV7931,North America,Master's,Y,N,4304,1981,West,39185.39,Year,Y,Certified
EZYV13400,North America,High School,N,Y,2771,1935,West,101745.52,Year,Y,Denied
EZYV2235,North America,Bachelor's,N,N,600,1990,Northeast,35667.42,Year,Y,Denied
EZYV523,Asia,Master's,N,N,59095,1998,Island,131023.37,Year,Y,Denied
EZYV16938,Europe,High School,Y,N,5669,1994,Northeast,48039.74,Year,Y,Certified
EZYV19170,Asia,Bachelor's,N,N,1745,1905,West,22850.09,Year,Y,Denied
EZYV4806,Asia,Master's,N,N,992,1981,Midwest,155397.18,Year,Y,Certified
EZYV23690,Asia,Master's,Y,N,2490,1997,South,97330.56,Year,Y,Certified
EZYV9099,Africa,Master's,N,N,823,1987,South,708.7259,Hour,Y,Denied
EZYV4487,Asia,Master's,N,N,1265,1909,Midwest,114686.72,Year,Y,Denied
EZYV2320,Europe,Master's,Y,Y,255,2001,West,127772.02,Year,Y,Certified
EZYV23509,Asia,Doctorate,N,Y,75,1897,South,129289.47,Year,Y,Denied
EZYV24599,Asia,Bachelor's,N,N,604,1981,South,54314.94,Year,Y,Certified
EZYV9160,Asia,Master's,Y,Y,1862,1997,West,130456.77,Year,Y,Certified
EZYV2459,North America,Bachelor's,Y,N,3761,2006,South,91132.02,Year,Y,Certified
EZYV12956,Asia,Bachelor's,N,N,1470,2004,Northeast,259461.84,Year,Y,Certified
EZYV2973,Asia,Master's,N,N,1939,2008,South,116905.09,Year,Y,Denied
EZYV16495,Asia,Bachelor's,Y,N,2312,2007,West,67707.16,Year,Y,Certified
EZYV17307,Asia,Bachelor's,Y,N,2570,2001,Northeast,75170.44,Year,Y,Certified
EZYV1887,Asia,Master's,Y,N,4371,2005,West,89326.61,Year,N,Certified
EZYV21327,Asia,Bachelor's,N,Y,1232,1970,Midwest,85432.82,Year,Y,Certified
EZYV25035,Asia,Bachelor's,Y,Y,152,1980,South,124428.23,Year,Y,Certified
EZYV19800,Asia,Master's,Y,Y,1349,1960,West,14114.25,Year,Y,Denied
EZYV20100,Asia,Bachelor's,Y,N,2965,2004,Northeast,110784.19,Year,Y,Certified
EZYV23092,Europe,Doctorate,N,N,4802,1989,South,2088.36,Year,Y,Denied
EZYV890,Europe,Bachelor's,N,N,2931,2001,Northeast,100.1,Hour,Y,Denied
EZYV4780,Asia,Master's,Y,N,4344,1939,South,103632.59,Year,Y,Certified
EZYV20232,Asia,Bachelor's,Y,N,3782,1987,West,54863.76,Year,Y,Denied
EZYV16330,Asia,Master's,Y,N,2192,2007,Midwest,127325.21,Year,Y,Certified
EZYV12759,Asia,Doctorate,N,N,1214,1968,Midwest,166286.2,Year,Y,Certified
EZYV2427,Europe,High School,Y,N,3416,2001,South,73092.04,Year,Y,Certified
EZYV18130,Asia,Master's,N,N,3584,1980,South,125122.1,Year,Y,Certified
EZYV1003,Asia,Bachelor's,Y,N,1454,1999,West,124900.16,Year,Y,Certified
EZYV6154,Asia,Bachelor's,Y,N,1813,1995,Midwest,96871.79,Year,Y,Certified
EZYV926,Asia,Master's,Y,N,3539,1988,West,24642.85,Year,Y,Certified
EZYV312,Europe,Bachelor's,Y,N,3831,2010,West,18035.36,Year,Y,Certified
EZYV20758,Asia,Master's,Y,N,965,2009,South,57182.37,Year,Y,Certified
EZYV13622,Asia,Bachelor's,N,Y,1454,1807,West,88268.86,Year,Y,Certified
EZYV40,Asia,Master's,N,N,3729,2007,Midwest,125336.9,Year,Y,Certified
EZYV17972,North America,Bachelor's,Y,N,2438,1998,Northeast,55677.82,Year,Y,Denied
EZYV19830,North America,Master's,Y,N,93,2004,West,161984.61,Year,Y,Certified
EZYV449,Asia,Bachelor's,Y,N,2311,2005,West,86901.23,Year,N,Certified
EZYV1432,Europe,Master's,Y,N,293,1986,South,53804.49,Year,Y,Certified
EZYV13732,North America,Bachelor's,Y,N,458,1974,Northeast,127542.64,Year,Y,Certified
EZYV21959,Asia,Bachelor's,Y,N,2164,1971,West,112491.57,Year,Y,Denied
EZYV24568,Asia,Master's,N,N,2002,1987,Northeast,170251.95,Year,Y,Denied
EZYV972,North America,Bachelor's,Y,N,5963,2009,Northeast,26217.34,Year,Y,Certified
EZYV13739,Asia,Bachelor's,Y,N,3360,2000,West,58396.7,Year,Y,Certified
EZYV4545,Asia,Master's,Y,N,216,2006,Midwest,143086.82,Year,Y,Certified
EZYV12840,Europe,Doctorate,Y,N,4642,1994,South,60897.69,Year,Y,Certified
EZYV10110,Asia,Master's,Y,N,903,1939,Northeast,30029.93,Year,Y,Certified
EZYV11546,Asia,Master's,Y,N,4472,1954,Northeast,160209.27,Year,Y,Certified
EZYV22794,Europe,Bachelor's,N,N,3125,2001,Northeast,45547.18,Year,Y,Certified
EZYV24665,North America,Bachelor's,N,N,3880,2005,Northeast,52434.18,Year,Y,Certified
EZYV23553,Europe,Bachelor's,Y,N,4559,1991,Northeast,39815.92,Year,Y,Denied
EZYV16311,Asia,High School,Y,N,2784,1998,Midwest,48047.96,Year,Y,Certified
EZYV5023,Asia,Master's,Y,N,371,1928,South,111766.97,Year,Y,Certified
EZYV13346,Asia,Bachelor's,Y,N,2245,1999,Midwest,67446.88,Year,Y,Certified
EZYV7511,Asia,Doctorate,Y,N,1985,1848,Northeast,71734.66,Year,Y,Certified
EZYV11678,Asia,Bachelor's,N,N,3052,1980,Midwest,99019.7,Year,Y,Denied
EZYV15032,Asia,Bachelor's,Y,N,1515,1997,West,43078.27,Year,Y,Certified
EZYV17144,Asia,Master's,N,N,5960,1985,South,192386.89,Year,N,Certified
EZYV6910,Asia,Master's,Y,N,3080,1931,South,44014.09,Year,N,Certified
EZYV10295,Asia,Bachelor's,N,N,2604,2007,Midwest,143598.29,Year,Y,Certified
EZYV8636,Asia,High School,Y,N,189,2005,South,73543.35,Year,Y,Denied
EZYV6554,Asia,Master's,N,N,1048,1978,South,386.4868,Hour,Y,Certified
EZYV5396,North America,Master's,Y,N,3964,2000,South,80979.61,Year,N,Certified
EZYV6558,Asia,Bachelor's,N,N,925,2013,South,295.2023,Hour,Y,Denied
EZYV22320,North America,Doctorate,N,Y,222,1993,West,89485.09,Year,Y,Denied
EZYV16687,Asia,High School,Y,N,603,1998,Midwest,95470.39,Year,Y,Certified
EZYV11871,Asia,Master's,Y,N,418,1997,Midwest,100876.89,Year,Y,Certified
EZYV11178,Asia,Master's,Y,N,2085,1947,Midwest,82971.81,Year,N,Certified
EZYV16731,Asia,Bachelor's,Y,N,241,2011,Midwest,129333.24,Year,Y,Certified
EZYV5579,Asia,Bachelor's,N,N,120442,2001,Northeast,83299.11,Year,N,Denied
EZYV23317,Asia,Bachelor's,N,Y,1534,2000,West,218823.72,Year,Y,Certified
EZYV21609,Asia,Master's,N,Y,295,1990,South,165433.78,Year,Y,Certified
EZYV6568,Asia,Bachelor's,N,Y,600,1938,Midwest,148337.16,Year,Y,Certified
EZYV9360,Asia,Master's,Y,N,4131,2005,Midwest,133005.86,Year,Y,Certified
EZYV21495,Asia,Master's,N,N,4143,1930,Midwest,89887.02,Year,N,Certified
EZYV10933,Asia,Master's,Y,N,13012,1971,South,89364.3,Year,Y,Certified
EZYV2223,Asia,Master's,N,N,381,1908,Midwest,102447.58,Year,Y,Certified
EZYV11034,Europe,Master's,Y,Y,1733,2013,West,7343.65,Year,Y,Certified
EZYV20744,Asia,Doctorate,N,Y,897,1970,South,17705.99,Year,Y,Certified
EZYV17911,North America,Master's,N,N,1242,1987,Midwest,287433.9,Year,Y,Certified
EZYV23522,North America,Master's,Y,N,2146,2002,Northeast,34430.19,Year,Y,Certified
EZYV24801,Asia,Bachelor's,N,N,1329,1873,Northeast,89972.6,Year,N,Denied
EZYV25058,Asia,Master's,N,N,249,1939,Midwest,85033.9,Year,Y,Certified
EZYV5585,Asia,Master's,N,Y,1424,2007,West,168240.61,Year,Y,Certified
EZYV10317,Asia,Bachelor's,Y,N,460,1989,South,18657.77,Year,Y,Denied
EZYV4129,Europe,Master's,N,N,2372,1997,Northeast,39279.47,Year,Y,Certified
EZYV24534,Asia,Bachelor's,N,N,1364,1980,West,143623.97,Year,Y,Certified
EZYV19607,North America,Bachelor's,Y,N,4124,2002,Northeast,106706.41,Year,Y,Certified
EZYV24356,North America,High School,N,N,3689,2004,Northeast,79743.81,Year,N,Denied
EZYV4191,Europe,Doctorate,N,Y,5295,1981,Northeast,8923.92,Year,Y,Certified
EZYV8436,Europe,High School,Y,N,356,1982,West,60563.08,Year,Y,Denied
EZYV7747,Asia,Bachelor's,N,Y,2245,2003,South,96236.24,Year,Y,Denied
EZYV9994,North America,High School,N,N,1672,1961,Midwest,83847.99,Year,Y,Denied
EZYV10212,Asia,Master's,N,N,5853,1999,West,78639.77,Year,Y,Certified
EZYV2138,North America,Master's,Y,N,1469,2010,Northeast,87161.04,Year,Y,Certified
EZYV13901,Asia,Master's,Y,N,1448,1971,South,111972.13,Year,Y,Certified
EZYV7560,Asia,Bachelor's,N,N,1642,1986,Midwest,70693.56,Year,Y,Certified
EZYV19732,Europe,Master's,Y,N,4362,2005,West,84211.41,Year,Y,Certified
EZYV24029,Asia,Doctorate,N,N,44307,2011,South,756.1258,Hour,Y,Denied
EZYV4880,Asia,Bachelor's,N,N,811,1996,Northeast,60083.69,Year,Y,Denied
EZYV1508,Europe,Master's,N,N,1424,1997,Midwest,32502.74,Year,N,Certified
EZYV14964,Europe,Doctorate,Y,N,3281,2010,Northeast,12446.61,Year,Y,Certified
EZYV9187,Asia,High School,Y,N,558,1996,West,544.2801,Hour,Y,Denied
EZYV17086,North America,Bachelor's,N,N,1634,1988,South,118746.64,Year,N,Certified
EZYV2003,South America,Bachelor's,Y,N,3275,1939,West,55555.2,Year,Y,Denied
EZYV7504,North America,High School,N,N,465,1971,West,301.6979,Hour,Y,Certified
EZYV2356,North America,Bachelor's,Y,N,707,1987,South,94869.9,Year,Y,Certified
EZYV3951,Asia,Bachelor's,Y,N,4312,2005,South,61966.91,Year,Y,Denied
EZYV17596,Europe,Master's,N,N,1080,1989,Northeast,74799.0,Year,Y,Certified
EZYV9578,North America,Bachelor's,Y,N,1256,2011,West,53447.43,Year,N,Certified
EZYV6599,Asia,Master's,Y,N,185,1979,South,85984.82,Year,Y,Certified
EZYV186,Asia,High School,Y,Y,557,2010,Northeast,313.835,Hour,Y,Denied
EZYV24224,Africa,Master's,N,N,180,1998,West,58001.8,Year,N,Certified
EZYV7943,Asia,Bachelor's,N,N,1341,1990,West,81613.81,Year,Y,Denied
EZYV22757,North America,Bachelor's,Y,N,2780,2014,West,38147.84,Year,Y,Certified
EZYV3781,Asia,Master's,Y,N,2999,2001,Midwest,48320.09,Year,Y,Certified
EZYV10725,Asia,Master's,N,N,6118,1973,South,104999.14,Year,Y,Certified
EZYV19924,North America,Master's,Y,Y,2477,1819,Northeast,108534.01,Year,Y,Certified
EZYV20188,Asia,High School,Y,N,688,1949,South,128209.74,Year,N,Certified
EZYV12297,Asia,High School,Y,N,1093,1994,Island,91372.95,Year,Y,Denied
EZYV769,Asia,Master's,Y,N,1654,1888,West,36600.66,Year,Y,Certified
EZYV9746,Asia,Master's,N,N,176,2004,Northeast,94882.0,Year,Y,Certified
EZYV4871,North America,Bachelor's,N,N,1931,1962,Northeast,94065.54,Year,Y,Certified
EZYV13489,North America,Bachelor's,N,N,2019,1977,Island,185768.13,Year,Y,Denied
EZYV20260,Asia,High School,Y,N,1822,1993,Midwest,137632.63,Year,Y,Certified
EZYV553,North America,Bachelor's,N,N,2360,1965,Northeast,90881.96,Year,Y,Denied
EZYV18035,Asia,Bachelor's,Y,N,23335,1979,West,65315.3,Year,Y,Denied
EZYV6775,Africa,Master's,Y,N,1942,1838,Northeast,85195.29,Year,Y,Certified
EZYV18220,North America,Master's,Y,N,3135,1881,Northeast,82451.79,Year,Y,Certified
EZYV23515,Asia,High School,N,N,235,2010,Northeast,54544.62,Year,Y,Denied
EZYV23124,Asia,Master's,Y,N,207,1925,South,3589.51,Year,Y,Certified
EZYV23832,Asia,High School,Y,N,871,1972,South,32141.27,Year,Y,Denied
EZYV6179,Asia,Bachelor's,Y,N,481,1987,South,68345.24,Year,Y,Denied
EZYV14826,Asia,High School,Y,N,1950,2008,South,47734.94,Year,Y,Denied
EZYV1649,North America,Bachelor's,N,Y,156645,1978,West,117906.3,Year,Y,Denied
EZYV18288,Europe,Master's,Y,N,25149,1995,Midwest,141244.33,Year,Y,Certified
EZYV16109,Asia,Doctorate,Y,N,2836,2000,West,68267.28,Year,Y,Certified
EZYV23987,Europe,Doctorate,N,N,15602,2001,Northeast,3153.74,Year,Y,Certified
EZYV8616,Asia,Doctorate,Y,N,124,1884,South,20875.34,Year,Y,Certified
EZYV19900,Asia,High School,Y,N,423,1997,Midwest,102141.51,Year,Y,Certified
EZYV23018,Asia,Bachelor's,Y,N,3875,2009,West,20531.81,Year,Y,Denied
EZYV23435,Asia,Bachelor's,N,N,3331,1999,South,108632.26,Year,Y,Denied
EZYV19986,Europe,High School,N,N,3965,1971,West,108123.72,Year,Y,Certified
EZYV15074,Asia,High School,N,N,859,2005,Northeast,50125.03,Year,Y,Denied
EZYV2099,Asia,Bachelor's,Y,N,2685,2013,South,44350.35,Year,Y,Certified
EZYV2822,Asia,Bachelor's,Y,N,294,2014,West,120904.11,Year,Y,Certified
EZYV21914,Asia,Master's,N,N,3158,1948,South,28774.07,Year,Y,Certified
EZYV19613,North America,Bachelor's,Y,N,1063,2007,Northeast,135092.83,Year,N,Certified
EZYV19614,Asia,Master's,Y,N,2256,1997,South,100415.2,Year,N,Certified
EZYV23190,North America,Bachelor's,N,N,1783,1856,Northeast,102674.27,Year,Y,Denied
EZYV18660,Asia,Bachelor's,Y,N,30,1804,South,100852.36,Year,N,Denied
EZYV7015,Asia,Bachelor's,N,N,1364,2007,Northeast,12567.85,Year,Y,Denied
EZYV9928,Asia,Bachelor's,N,Y,2650,1998,West,180110.15,Year,Y,Denied
EZYV10755,Asia,Bachelor's,N,N,4432,1947,South,64360.03,Year,Y,Denied
EZYV19201,Africa,Master's,Y,N,2491,1925,Northeast,32465.54,Year,N,Certified
EZYV12034,Europe,Bachelor's,Y,N,4022,2003,West,14554.93,Year,N,Certified
EZYV2024,North America,Master's,Y,N,912,1988,West,86921.73,Year,N,Certified
EZYV6022,Asia,Bachelor's,Y,N,2139,2005,South,36356.96,Year,Y,Certified
EZYV13270,Asia,Master's,N,N,2917,1994,South,78447.05,Year,Y,Certified
EZYV15720,Asia,Bachelor's,N,Y,3641,2001,South,24628.24,Year,Y,Certified
EZYV663,Asia,Bachelor's,N,N,1370,2000,South,72230.65,Year,Y,Certified
EZYV12170,North America,Master's,N,N,1794,1929,Midwest,102385.39,Year,Y,Certified
EZYV14895,Asia,Master's,N,N,1141,1896,Northeast,87793.94,Year,Y,Denied
EZYV20349,North America,Bachelor's,Y,Y,909,1907,West,82323.14,Year,Y,Certified
EZYV412,Europe,High School,N,N,1010,2007,West,27345.68,Year,Y,Denied
EZYV14958,Asia,Master's,Y,N,1654,1904,West,17267.71,Year,Y,Certified
EZYV5624,Asia,Master's,N,N,1015,2009,Northeast,91519.8,Year,Y,Certified
EZYV1944,Asia,Master's,Y,N,4180,2006,Northeast,12821.61,Year,Y,Certified
EZYV6441,Europe,Doctorate,Y,N,3969,2004,Midwest,69732.24,Year,Y,Certified
EZYV11071,Asia,Master's,N,N,3006,2004,South,65865.69,Year,Y,Denied
EZYV12670,South America,Master's,Y,N,10689,1987,West,106657.24,Year,Y,Denied
EZYV15874,Europe,High School,N,Y,2127,2001,South,81712.64,Year,Y,Certified
EZYV14271,Europe,Master's,Y,N,766,1986,Midwest,90672.47,Year,Y,Certified
EZYV7977,Europe,High School,N,N,3348,1998,Northeast,28541.05,Year,Y,Denied
EZYV21655,North America,Doctorate,N,N,297,2001,Northeast,111542.9,Year,Y,Certified
EZYV13590,Asia,Bachelor's,N,Y,12539,1972,Midwest,128735.13,Year,Y,Certified
EZYV9654,Asia,Master's,Y,N,1308,1962,Northeast,89567.66,Year,Y,Certified
EZYV494,Asia,Bachelor's,Y,N,2089,2007,South,232680.65,Year,Y,Certified
EZYV11092,Asia,Master's,N,N,3425,2005,Midwest,130817.72,Year,Y,Certified
EZYV14382,Asia,High School,N,N,4096,2005,South,100.14,Hour,Y,Denied
EZYV21951,Asia,Bachelor's,N,N,3591,2004,West,82386.33,Year,Y,Certified
EZYV986,Europe,Bachelor's,N,N,2097,1914,Midwest,125702.65,Year,Y,Certified
EZYV3155,Asia,Master's,N,N,1336,1968,Midwest,143145.26,Year,Y,Denied
EZYV15035,Europe,Bachelor's,Y,Y,4106,2010,Northeast,500.7,Year,Y,Certified
EZYV18522,Asia,Master's,N,N,1627,1997,South,847.0505,Hour,Y,Denied
EZYV10030,Asia,Master's,N,Y,866,1958,Northeast,112215.82,Year,Y,Certified
EZYV7029,Asia,Bachelor's,N,N,1716,2014,Northeast,100702.89,Year,Y,Denied
EZYV4874,Europe,Bachelor's,Y,N,2355,1851,West,6744.42,Year,Y,Certified
EZYV22937,Asia,Bachelor's,Y,N,1767,1985,South,131219.75,Year,Y,Denied
EZYV4237,Asia,Bachelor's,Y,N,3363,1991,South,71892.56,Year,Y,Certified
EZYV4277,Asia,Bachelor's,N,N,1166,2003,South,161864.75,Year,Y,Denied
EZYV21200,North America,Bachelor's,Y,N,1491,1981,South,2927.32,Year,Y,Denied
EZYV3598,Asia,High School,Y,N,3649,2004,Midwest,71124.06,Year,N,Denied
EZYV19734,Asia,Master's,N,Y,4709,1996,Northeast,32938.85,Year,Y,Denied
EZYV1472,Asia,Bachelor's,N,N,2081,2002,South,39306.03,Year,Y,Certified
EZYV25187,Asia,Doctorate,N,N,4889,1961,Northeast,24145.14,Year,Y,Certified
EZYV5622,Asia,Bachelor's,Y,N,1022,1998,West,154638.78,Year,Y,Certified
EZYV18976,Asia,Bachelor's,N,N,137264,2007,South,127163.7,Year,N,Denied
EZYV24952,Europe,Doctorate,N,N,1023,2001,South,48788.47,Year,Y,Certified
EZYV5792,Asia,Bachelor's,N,N,288,2007,Midwest,57206.3,Year,Y,Certified
EZYV13966,Asia,Bachelor's,Y,N,203,1968,Midwest,743.7925,Hour,Y,Certified
EZYV16557,Asia,Bachelor's,Y,N,1310,1959,West,92153.74,Year,Y,Certified
EZYV10765,South America,High School,N,N,2265,2000,Northeast,94661.15,Year,Y,Denied
EZYV4069,North America,Master's,N,N,1627,1914,Northeast,119007.64,Year,N,Denied
EZYV7032,Asia,Doctorate,N,N,1276,2006,Northeast,85739.85,Year,Y,Certified
EZYV11351,South America,Master's,Y,Y,386,1999,Northeast,11452.73,Year,Y,Denied
EZYV8859,Asia,Master's,N,N,2268,2004,Midwest,115499.52,Year,Y,Certified
EZYV21865,Asia,High School,Y,N,613,2009,South,53327.57,Month,N,Denied
EZYV21366,Europe,Bachelor's,N,Y,2168,1970,West,49733.4,Year,Y,Certified
EZYV23555,Europe,Bachelor's,N,N,4627,2012,Northeast,52766.91,Year,Y,Certified
EZYV1252,Asia,High School,N,N,1888,1998,South,28401.6,Year,Y,Certified
EZYV24915,Europe,Master's,Y,N,2558,2000,Northeast,7480.44,Year,Y,Certified
EZYV12510,Asia,Master's,Y,N,692,1994,Midwest,90161.57,Year,Y,Certified
EZYV3690,Asia,High School,N,N,5585,2007,South,111921.54,Year,Y,Denied
EZYV8993,Europe,Bachelor's,Y,N,2229,1990,Northeast,56269.84,Year,Y,Certified
EZYV25188,North America,Doctorate,N,N,3673,1987,Midwest,78874.3,Year,Y,Certified
EZYV20072,Asia,Bachelor's,N,N,3890,1998,West,38649.8,Year,Y,Certified
EZYV1322,Asia,Doctorate,Y,N,118278,2005,West,38848.01,Year,Y,Certified
EZYV1662,Asia,High School,N,N,122,1980,South,47553.94,Year,Y,Certified
EZYV22006,Europe,Bachelor's,Y,N,1121,1989,South,76301.59,Year,Y,Certified
EZYV13873,Asia,Doctorate,N,N,2423,1999,Midwest,110069.36,Year,Y,Denied
EZYV18754,Asia,High School,Y,N,3089,1998,Midwest,78552.86,Year,Y,Certified
EZYV1441,North America,Master's,N,N,13112,1855,Midwest,150029.13,Year,N,Certified
EZYV788,North America,Doctorate,N,N,412,2005,South,39848.78,Year,N,Certified
EZYV13112,Asia,High School,Y,N,2274,1971,South,115240.75,Year,N,Denied
EZYV22154,North America,Master's,Y,N,18587,1919,South,60626.58,Year,N,Certified
EZYV2082,South America,Bachelor's,N,N,443,1996,Midwest,21945.04,Year,Y,Certified
EZYV23668,Asia,Bachelor's,Y,Y,1830,2009,South,48730.22,Year,Y,Certified
EZYV9505,Asia,Bachelor's,N,N,858,1975,South,88109.64,Year,Y,Certified
EZYV637,Asia,Master's,N,N,1566,1998,Midwest,87165.0,Year,Y,Certified
EZYV25118,Asia,Bachelor's,Y,N,1659,1994,Midwest,46061.29,Year,Y,Certified
EZYV19434,Asia,High School,N,Y,1169,1969,Midwest,44619.25,Year,Y,Certified
EZYV24127,Asia,High School,Y,N,926,1992,West,72128.36,Year,Y,Denied
EZYV24290,Asia,Bachelor's,N,N,1841,1998,Midwest,61148.23,Year,Y,Certified
EZYV21463,Africa,Master's,N,N,4291,1996,Northeast,130538.57,Year,Y,Certified
EZYV21535,Europe,Doctorate,N,N,795,1962,Northeast,41164.33,Year,Y,Certified
EZYV5922,Europe,Bachelor's,Y,N,3412,2007,Northeast,978.5011,Hour,Y,Certified
EZYV17041,Asia,Master's,N,N,503,2007,West,8687.66,Year,Y,Denied
EZYV1914,Asia,Bachelor's,Y,N,655,1989,South,62828.34,Year,Y,Certified
EZYV9565,Europe,Master's,Y,N,778,1985,Northeast,125966.68,Year,Y,Certified
EZYV11606,Asia,Master's,N,N,2372,1896,Northeast,112548.94,Year,N,Certified
EZYV11418,Asia,Master's,Y,N,4779,1997,South,171128.69,Year,N,Certified
EZYV1263,South America,Master's,N,N,1492,2004,West,88794.71,Year,Y,Denied
EZYV10236,Asia,Bachelor's,Y,N,2435,1998,Northeast,615.8692,Hour,Y,Denied
EZYV4347,Asia,Bachelor's,N,N,14061,1986,Midwest,145160.91,Year,Y,Denied
EZYV15555,Europe,Master's,N,N,163,2002,South,107521.05,Year,N,Certified
EZYV3094,Asia,High School,N,N,2727,1989,Midwest,106156.37,Year,Y,Denied
EZYV18524,Asia,Bachelor's,N,N,312,2010,Northeast,154610.64,Year,Y,Certified
EZYV10626,Asia,Master's,Y,N,1736,2006,West,89848.23,Year,Y,Certified
EZYV16081,Asia,Bachelor's,Y,N,4658,1976,West,102325.47,Year,Y,Certified
EZYV7235,North America,Master's,N,N,997,1912,West,847.4413,Hour,Y,Certified
EZYV14192,Asia,Bachelor's,N,N,1373,2007,West,117447.57,Year,Y,Certified
EZYV22882,Asia,Bachelor's,N,N,764,2012,South,77786.93,Year,Y,Certified
EZYV10904,Europe,Doctorate,Y,Y,1252,2001,South,72865.15,Year,Y,Certified
EZYV12355,Asia,Bachelor's,Y,N,663,1991,South,140476.86,Year,Y,Certified
EZYV16917,Asia,Bachelor's,Y,N,2031,1916,West,633.679,Hour,Y,Certified
EZYV19515,Asia,Bachelor's,Y,N,2443,1998,Midwest,11595.22,Year,Y,Denied
EZYV1267,Europe,Master's,Y,N,4644,1969,Northeast,42350.98,Year,Y,Certified
EZYV9619,North America,High School,Y,Y,1085,2001,South,99015.62,Year,Y,Denied
EZYV9859,Asia,Master's,N,Y,442,1892,South,108494.44,Year,Y,Certified
EZYV6321,Asia,Doctorate,N,N,4370,2009,Midwest,93561.21,Year,Y,Certified
EZYV13144,Europe,Bachelor's,Y,N,2727,1990,West,101275.84,Year,Y,Certified
EZYV23019,Asia,Bachelor's,Y,N,1739,1998,South,113962.82,Year,Y,Denied
EZYV18483,Asia,Bachelor's,Y,N,4627,2001,South,16184.46,Year,Y,Denied
EZYV2975,Asia,Master's,N,N,3786,2003,Midwest,125130.14,Year,Y,Denied
EZYV370,Asia,Master's,Y,N,190,2001,Midwest,144312.48,Year,Y,Certified
EZYV10171,Asia,Bachelor's,Y,N,32,2001,Northeast,117266.33,Year,Y,Certified
EZYV21862,Europe,Bachelor's,Y,N,223,1882,Northeast,196.4283,Hour,Y,Denied
EZYV5836,Europe,Bachelor's,Y,N,4139,1875,South,53223.53,Year,Y,Certified
EZYV7700,Asia,Master's,Y,N,2059,1989,West,31655.41,Year,Y,Certified
EZYV22612,Asia,Master's,Y,N,455,2001,West,68931.88,Year,Y,Denied
EZYV1084,Asia,Master's,Y,N,4001,1968,Midwest,147951.05,Year,Y,Certified
EZYV19580,Asia,Master's,Y,N,4730,1847,Northeast,27634.72,Year,Y,Certified
EZYV21328,Asia,Bachelor's,N,N,2351,1994,Midwest,86300.39,Year,Y,Denied
EZYV16450,Asia,Master's,N,N,4904,1997,South,75269.83,Year,N,Denied
EZYV14815,North America,Bachelor's,Y,N,155,1997,Northeast,55409.58,Year,Y,Denied
EZYV21220,Europe,Master's,N,Y,780,1946,West,35224.9,Year,Y,Certified
EZYV20539,Asia,High School,Y,N,2641,1990,West,66752.76,Year,Y,Denied
EZYV25292,Asia,Master's,N,N,1190,1994,South,66168.59,Year,Y,Denied
EZYV6719,Europe,Master's,N,N,32,1968,South,51088.69,Year,Y,Denied
EZYV7853,North America,Bachelor's,Y,N,2847,2004,Northeast,15030.32,Year,Y,Certified
EZYV2611,Africa,Bachelor's,N,N,1971,2007,South,144511.89,Year,N,Denied
EZYV3654,Asia,High School,N,N,577,1996,South,120974.73,Year,N,Denied
EZYV13945,Asia,Master's,Y,N,1680,1994,Midwest,129452.48,Year,Y,Certified
EZYV4957,Europe,Master's,Y,N,191,1977,West,73097.77,Year,Y,Certified
EZYV11827,Asia,High School,N,N,1274,1994,Northeast,52350.99,Year,Y,Denied
EZYV18081,Asia,Bachelor's,Y,N,1782,1998,South,91077.14,Year,Y,Certified
EZYV20111,Europe,Doctorate,Y,N,631,1998,West,45451.51,Year,Y,Certified
EZYV9942,Asia,Master's,N,N,3052,2009,South,37840.44,Year,N,Certified
EZYV18779,North America,Master's,Y,N,2775,1998,Northeast,86932.28,Year,Y,Certified
EZYV16552,Asia,Bachelor's,Y,N,2378,2003,West,55999.63,Year,Y,Denied
EZYV7083,Asia,Master's,N,N,586,2000,Midwest,32740.43,Year,Y,Certified
EZYV22001,Asia,Master's,N,N,3427,2008,West,105831.81,Year,Y,Denied
EZYV1446,Europe,High School,Y,N,3849,1998,Island,35436.6,Year,Y,Denied
EZYV3771,Asia,Bachelor's,Y,N,7902,1909,West,84701.27,Year,Y,Certified
EZYV9544,Asia,Master's,N,Y,533,2005,West,115264.27,Year,Y,Certified
EZYV7534,South America,High School,N,Y,1805,1998,West,55548.09,Year,Y,Certified
EZYV23834,North America,Bachelor's,N,N,3389,2010,West,27584.21,Year,Y,Denied
EZYV23457,Asia,Bachelor's,Y,N,675,1838,West,91723.11,Year,Y,Certified
EZYV18952,Asia,Bachelor's,Y,N,4468,2004,Northeast,124155.24,Year,Y,Certified
EZYV4563,Asia,Master's,N,N,1762,2000,Midwest,82835.52,Year,Y,Denied
EZYV12009,Asia,Bachelor's,N,N,2140,2011,South,129189.46,Year,Y,Certified
EZYV21514,Asia,Bachelor's,Y,Y,4119,2007,Northeast,17579.76,Year,Y,Denied
EZYV9806,Asia,Bachelor's,Y,N,250,1999,South,132152.04,Year,Y,Denied
EZYV5572,Europe,Doctorate,Y,Y,838,1953,Northeast,105431.71,Year,Y,Certified
EZYV25019,North America,Bachelor's,N,N,2706,2006,Northeast,126.69,Hour,Y,Certified
EZYV13539,Asia,Master's,N,N,118196,2008,Northeast,78996.12,Year,Y,Certified
EZYV19622,Asia,Bachelor's,Y,N,1451,2011,Midwest,104955.1,Year,Y,Denied
EZYV9145,North America,Master's,Y,N,1782,1985,Northeast,79877.79,Year,N,Certified
EZYV19116,Asia,Bachelor's,N,N,478,1998,West,54573.93,Month,Y,Certified
EZYV1730,Europe,Bachelor's,Y,N,3421,2009,Northeast,65634.24,Year,Y,Certified
EZYV24353,Europe,Master's,Y,Y,23612,2004,Northeast,81167.9,Year,Y,Certified
EZYV27,Asia,Bachelor's,Y,N,756,1995,South,86332.95,Year,Y,Certified
EZYV4514,North America,Master's,Y,N,4542,2016,Northeast,69934.88,Year,Y,Certified
EZYV13652,North America,High School,N,Y,2297,2011,South,76686.56,Year,Y,Denied
EZYV13846,Asia,Master's,N,N,2862,1995,South,47576.6,Year,Y,Denied
EZYV23626,North America,Master's,Y,N,1692,2007,South,67592.72,Year,Y,Certified
EZYV2086,Asia,Doctorate,Y,Y,3914,1995,South,75883.69,Year,Y,Certified
EZYV12714,Asia,Bachelor's,Y,Y,227,1885,Northeast,79232.24,Year,Y,Certified
EZYV5246,Asia,Bachelor's,Y,N,1331,1963,Northeast,13812.6,Year,Y,Certified
EZYV9747,Asia,Master's,Y,N,2888,2005,Midwest,91463.46,Year,Y,Certified
EZYV20982,Asia,Bachelor's,Y,N,103,1920,Midwest,72477.57,Year,Y,Certified
EZYV24114,North America,Doctorate,N,N,1865,1997,Northeast,18275.8,Year,Y,Certified
EZYV25415,Europe,Master's,N,N,724,1998,West,7546.99,Year,Y,Denied
EZYV3310,Asia,Master's,N,N,3178,1993,West,139990.02,Year,Y,Denied
EZYV8795,Europe,Doctorate,N,N,6115,2003,South,95343.18,Year,Y,Certified
EZYV8503,North America,Master's,N,Y,381,1979,Northeast,680.497,Hour,Y,Denied
EZYV7865,Asia,Bachelor's,N,N,71,2000,Midwest,63243.06,Year,Y,Certified
EZYV533,Asia,Master's,Y,N,2889,1934,Northeast,108888.49,Year,Y,Certified
EZYV6652,Asia,High School,Y,Y,2704,2005,South,25365.24,Year,Y,Denied
EZYV14746,Asia,Bachelor's,N,Y,125415,1999,West,70438.55,Year,Y,Denied
EZYV16096,Asia,Bachelor's,Y,N,1755,1992,Midwest,94103.42,Year,Y,Certified
EZYV10768,North America,Bachelor's,Y,N,3735,2004,Northeast,37010.67,Year,Y,Certified
EZYV16544,Europe,Doctorate,N,N,1848,1993,Midwest,24347.03,Year,Y,Certified
EZYV2089,Africa,Bachelor's,Y,N,870,1985,West,127381.46,Year,Y,Certified
EZYV2539,North America,Bachelor's,Y,N,1807,2009,Northeast,798.4,Year,Y,Certified
EZYV5515,Asia,Bachelor's,Y,Y,868,1995,South,39140.91,Year,Y,Denied
EZYV992,Asia,High School,N,N,2749,1996,South,39114.03,Year,Y,Certified
EZYV2583,Asia,Bachelor's,Y,N,1236,1925,West,64707.63,Year,Y,Certified
EZYV16004,Asia,Doctorate,N,N,3705,2001,West,108.12,Hour,Y,Denied
EZYV1957,Asia,Bachelor's,Y,Y,3862,1980,South,82472.68,Year,Y,Certified
EZYV1069,Africa,Master's,N,N,1486,1992,Northeast,233641.72,Year,Y,Denied
EZYV3700,Asia,Master's,Y,N,2906,1916,West,103966.44,Year,N,Certified
EZYV3838,Europe,Doctorate,Y,N,13333,2013,West,96377.18,Year,Y,Certified
EZYV20767,Asia,Master's,N,N,1488,1945,Midwest,96409.05,Year,Y,Denied
EZYV6163,North America,Doctorate,Y,N,251967,2010,Midwest,93133.4,Year,Y,Certified
EZYV2843,Asia,Doctorate,N,Y,1704,2008,Northeast,83590.62,Year,Y,Denied
EZYV25006,Asia,Master's,Y,N,2533,2007,West,42631.71,Year,Y,Denied
EZYV22810,Asia,Master's,N,N,2999,1971,South,35699.8,Year,Y,Certified
EZYV16223,Asia,Bachelor's,Y,N,3592,1997,South,108587.07,Year,Y,Certified
EZYV21781,Europe,High School,Y,Y,616,2006,West,132397.58,Year,Y,Certified
EZYV18641,Asia,Master's,N,N,3205,2005,Northeast,83495.32,Year,Y,Certified
EZYV117,Asia,Bachelor's,Y,N,509,1997,South,32400.2,Week,Y,Certified
EZYV24057,Asia,Bachelor's,Y,N,2361,1999,South,57456.38,Year,Y,Denied
EZYV18240,Asia,Bachelor's,N,N,885,2001,Island,148859.63,Year,Y,Certified
EZYV2795,Asia,Doctorate,N,Y,3274,1995,Northeast,122028.15,Year,Y,Denied
EZYV20435,Asia,Bachelor's,N,N,1200,1993,Northeast,488.0313,Hour,Y,Denied
EZYV10441,Europe,Bachelor's,Y,N,2993,2009,Northeast,36631.31,Year,Y,Certified
EZYV10106,South America,Master's,N,N,5958,1984,Northeast,57946.03,Year,Y,Denied
EZYV24492,Asia,Master's,Y,N,3904,1998,West,87364.63,Year,Y,Denied
EZYV20923,Asia,Bachelor's,Y,N,232,1830,Midwest,25183.17,Year,Y,Certified
EZYV2988,Asia,Bachelor's,Y,N,2690,2011,South,531.7683,Hour,Y,Certified
EZYV10092,Asia,Doctorate,Y,N,1430,1998,South,109886.65,Year,Y,Certified
EZYV21756,Asia,Master's,Y,N,1499,1874,West,79028.55,Year,Y,Denied
EZYV21739,North America,Bachelor's,Y,N,528,2004,Northeast,8334.51,Year,Y,Denied
EZYV20393,Europe,Master's,Y,N,4703,2005,West,19867.33,Year,Y,Certified
EZYV16056,Europe,Bachelor's,N,N,1046,2009,South,880.3736,Hour,Y,Denied
EZYV5361,North America,Master's,N,N,2616,1985,Northeast,146.3,Hour,Y,Certified
EZYV12097,Asia,Bachelor's,Y,N,1850,2014,Island,68286.16,Year,Y,Certified
EZYV10978,North America,Bachelor's,Y,N,2429,2003,Northeast,134620.48,Year,Y,Denied
EZYV22767,Asia,Bachelor's,N,Y,480,1969,South,249907.87,Year,Y,Certified
EZYV4591,Europe,Master's,Y,N,2812,1952,Island,109831.16,Year,N,Certified
EZYV14617,Asia,Master's,N,N,256640,1871,West,22939.32,Year,Y,Denied
EZYV11442,Asia,Master's,Y,N,1297,2008,South,147447.95,Year,Y,Certified
EZYV4914,Asia,Bachelor's,Y,N,1143,1855,Midwest,27303.7,Year,Y,Certified
EZYV24014,Asia,Master's,Y,N,3366,1996,South,36325.55,Year,N,Certified
EZYV6768,Asia,Master's,Y,N,2778,2002,Northeast,2033.8,Year,Y,Certified
EZYV6480,Asia,High School,Y,N,987,2010,Midwest,51592.16,Year,Y,Denied
EZYV10988,North America,Bachelor's,Y,N,5292,2003,West,95254.97,Year,Y,Denied
EZYV242,Oceania,Doctorate,Y,N,2871,2009,South,56606.54,Month,Y,Certified
EZYV3274,Asia,Bachelor's,N,N,2334,1968,Midwest,65561.76,Year,N,Denied
EZYV7662,Asia,Doctorate,N,N,993,2002,Northeast,20842.9,Year,Y,Certified
EZYV18897,Asia,Master's,Y,N,5302,1997,West,24977.55,Year,Y,Certified
EZYV22458,Asia,Bachelor's,Y,N,3195,1926,West,128833.78,Year,Y,Denied
EZYV3670,Asia,Master's,N,N,555,1968,Northeast,459.9704,Hour,Y,Denied
EZYV11327,Europe,Master's,N,N,3431,1912,West,53512.88,Year,Y,Denied
EZYV14807,Europe,Doctorate,Y,N,589,2009,Midwest,87917.4,Year,Y,Certified
EZYV1904,Asia,Bachelor's,Y,N,2543,2005,South,106939.28,Year,Y,Certified
EZYV9553,Asia,Master's,N,N,2556,2004,Midwest,92629.28,Year,Y,Certified
EZYV4593,Asia,Master's,Y,N,663,2012,Northeast,61892.39,Year,Y,Certified
EZYV3105,Africa,High School,Y,N,318,1998,Midwest,77605.78,Year,Y,Denied
EZYV7182,Asia,Bachelor's,Y,N,984,2003,Northeast,131792.99,Year,Y,Denied
EZYV12051,Asia,Master's,N,N,1699,2003,Midwest,138090.0,Year,Y,Certified
EZYV2682,Asia,Bachelor's,N,N,2491,1894,South,80176.48,Year,N,Denied
EZYV15670,Europe,Master's,Y,Y,4305,2001,South,45783.22,Year,Y,Certified
EZYV25202,North America,Bachelor's,Y,N,4250,1969,South,76005.09,Year,Y,Certified
EZYV25145,Asia,Doctorate,Y,N,3725,1996,South,12740.76,Year,Y,Certified
EZYV8246,Asia,Master's,N,N,2942,1993,Midwest,19712.02,Year,Y,Certified
EZYV14354,Asia,Bachelor's,Y,N,1508,1889,West,75408.95,Year,Y,Certified
EZYV12267,Europe,Doctorate,Y,Y,1989,1989,South,44627.31,Year,Y,Certified
EZYV25356,Asia,Bachelor's,Y,N,875,1996,Northeast,49219.12,Year,Y,Denied
EZYV9800,Asia,Master's,N,N,228,2005,South,140620.77,Year,Y,Certified
EZYV19253,Asia,Master's,Y,N,14233,2007,Northeast,58718.08,Year,Y,Certified
EZYV21027,Asia,Master's,Y,N,3996,1911,West,38374.71,Year,Y,Certified
EZYV11519,Oceania,Bachelor's,N,N,1151,1876,Northeast,127671.84,Year,Y,Denied
EZYV22195,Asia,Master's,Y,Y,3060,1999,West,72023.74,Year,Y,Certified
EZYV17951,Asia,High School,Y,N,2796,1884,Northeast,25472.74,Year,Y,Certified
EZYV35,Asia,Master's,N,N,1809,2010,South,225569.73,Year,N,Certified
EZYV23906,Europe,Bachelor's,Y,Y,1685,2013,Northeast,99822.09,Year,Y,Denied
EZYV4248,Asia,Master's,Y,N,2442,1998,South,194381.79,Year,N,Certified
EZYV15972,Europe,Doctorate,Y,N,5548,1999,West,68987.54,Year,Y,Certified
EZYV21631,Asia,Bachelor's,N,Y,36722,2000,Northeast,149.7,Hour,Y,Certified
EZYV23314,Africa,Master's,Y,N,2249,2003,Northeast,17289.94,Year,Y,Certified
EZYV14781,Asia,Bachelor's,N,N,1429,1993,Northeast,131.6884,Hour,Y,Certified
EZYV8757,Europe,High School,Y,N,2305,2014,West,27490.38,Year,Y,Denied
EZYV7570,North America,Bachelor's,Y,N,2508,1907,South,282.1789,Hour,Y,Denied
EZYV6720,Asia,Bachelor's,N,N,28850,2011,South,109282.81,Year,Y,Certified
EZYV9438,Asia,Bachelor's,Y,N,2903,1817,West,117008.19,Year,Y,Certified
EZYV23491,Europe,Bachelor's,Y,N,3926,1989,Midwest,14874.82,Year,Y,Certified
EZYV19554,Europe,High School,N,N,1732,1997,West,1589.19,Year,Y,Certified
EZYV15432,Africa,High School,N,N,1670,2005,Northeast,93261.24,Year,Y,Denied
EZYV6581,Asia,Bachelor's,Y,Y,530,1997,West,86712.12,Year,Y,Certified
EZYV2461,Europe,Doctorate,Y,N,1002,1976,South,21151.27,Year,Y,Certified
EZYV6088,Asia,High School,Y,N,3906,2010,West,71562.83,Year,Y,Denied
EZYV21370,Asia,Master's,Y,N,986,1998,Midwest,122160.53,Year,Y,Certified
EZYV20366,Asia,Master's,Y,N,122064,1909,South,33880.73,Year,Y,Certified
EZYV7457,Asia,Doctorate,Y,N,2436,2009,West,82887.78,Year,Y,Certified
EZYV16749,Africa,Bachelor's,Y,N,2348,1926,West,101717.66,Year,Y,Denied
EZYV3789,Asia,Master's,N,N,5543,1989,West,134088.73,Year,N,Denied
EZYV19365,Asia,Doctorate,Y,Y,2120,2007,South,190031.68,Year,Y,Denied
EZYV22891,Asia,Bachelor's,Y,N,3683,2003,West,82096.87,Year,Y,Denied
EZYV20044,Europe,Master's,Y,N,3695,1992,West,72110.3,Year,Y,Certified
EZYV657,North America,Bachelor's,Y,N,2477,1970,West,15506.4,Week,Y,Certified
EZYV10833,Asia,Master's,Y,N,3659,2006,Northeast,50325.12,Year,Y,Certified
EZYV24988,North America,Master's,N,N,790,1917,West,61048.12,Year,Y,Certified
EZYV8076,Africa,Doctorate,N,N,27001,2004,West,46377.1,Year,Y,Certified
EZYV14215,Europe,Doctorate,N,N,4916,2001,Northeast,35335.49,Year,Y,Certified
EZYV5621,Asia,Bachelor's,N,N,1904,1994,South,161254.67,Year,Y,Certified
EZYV13646,Asia,Master's,N,N,2009,1975,Northeast,61197.55,Year,Y,Denied
EZYV7728,Europe,Bachelor's,Y,N,723,2004,West,9072.38,Year,Y,Certified
EZYV13685,Asia,Bachelor's,Y,N,5234,2006,South,98358.5,Year,Y,Denied
EZYV3527,North America,Master's,N,N,4025,2005,West,289.1887,Hour,Y,Denied
EZYV19285,Asia,Bachelor's,Y,N,3059,2004,Northeast,95137.81,Year,N,Certified
EZYV8756,North America,Master's,Y,N,4072,2014,South,8731.89,Year,Y,Certified
EZYV19004,South America,Bachelor's,N,Y,1912,1994,Midwest,88361.0,Year,Y,Certified
EZYV13396,North America,Master's,Y,N,3573,1969,South,168.7141,Hour,Y,Denied
EZYV23244,Asia,High School,Y,Y,1180,1981,Northeast,105745.55,Year,Y,Denied
EZYV19239,Asia,Bachelor's,N,N,2273,1997,South,58592.54,Year,Y,Denied
EZYV4664,Asia,High School,N,N,4316,1987,Midwest,120134.04,Year,Y,Denied
EZYV7863,Asia,Master's,Y,N,2600,1991,Northeast,162848.61,Year,N,Certified
EZYV15361,North America,Doctorate,N,N,860,1981,Midwest,115321.29,Year,N,Certified
EZYV11615,Asia,High School,Y,N,248,2000,South,105995.03,Year,N,Denied
EZYV19161,Asia,Bachelor's,Y,N,4470,1999,West,120503.59,Year,Y,Denied
EZYV23656,Asia,Bachelor's,Y,N,2442,1944,South,205735.22,Year,Y,Certified
EZYV3276,Asia,Bachelor's,N,N,3124,1981,South,104481.04,Year,Y,Denied
EZYV13782,Asia,Bachelor's,Y,Y,4133,2004,West,93650.85,Year,Y,Certified
EZYV6851,Asia,High School,N,N,1442,1817,Midwest,117361.91,Year,Y,Denied
EZYV4827,South America,Master's,N,N,1423,1889,Northeast,5262.17,Year,Y,Certified
EZYV10230,Asia,Master's,Y,N,1305,1986,Midwest,69650.25,Week,Y,Certified
EZYV5489,Asia,Bachelor's,N,N,245,1969,South,143209.29,Year,Y,Certified
EZYV158,Asia,Doctorate,Y,N,284,2007,Northeast,44539.97,Year,Y,Certified
EZYV4479,Asia,Master's,Y,N,5991,1976,South,104330.04,Year,Y,Certified
EZYV12026,Asia,Bachelor's,Y,N,5126,2003,West,55554.8,Month,Y,Denied
EZYV17385,North America,Doctorate,Y,N,4383,2003,Northeast,34931.73,Year,Y,Certified
EZYV10101,Asia,Bachelor's,Y,N,2564,1939,South,178470.63,Year,Y,Certified
EZYV4834,North America,Master's,Y,N,2943,2000,Northeast,221982.69,Year,Y,Certified
EZYV24109,Asia,Bachelor's,N,Y,169,1989,West,114071.02,Year,Y,Certified
EZYV19437,Asia,High School,Y,N,2492,2009,West,118685.84,Year,Y,Certified
EZYV1382,South America,High School,Y,N,1166,2005,Midwest,107157.7,Year,Y,Certified
EZYV15884,Asia,Bachelor's,Y,N,3058,2001,West,117021.93,Year,Y,Certified
EZYV7840,Europe,Master's,N,N,1599,1858,West,8799.46,Year,Y,Certified
EZYV6559,Asia,Bachelor's,N,N,491,1919,West,34530.19,Year,Y,Denied
EZYV11867,Europe,Master's,Y,Y,3444,1927,Northeast,46555.82,Year,Y,Denied
EZYV22840,Europe,Master's,N,N,917,1983,West,34859.62,Year,Y,Certified
EZYV3611,Africa,Master's,Y,N,3504,1884,Northeast,77897.61,Year,Y,Certified
EZYV14857,Asia,High School,N,N,40,1999,Northeast,96079.69,Year,Y,Denied
EZYV6696,Asia,High School,Y,N,4996,1978,South,45160.48,Year,Y,Denied
EZYV11497,Asia,Bachelor's,Y,N,9985,1986,West,87194.72,Year,Y,Certified
EZYV20560,Asia,Bachelor's,Y,N,1931,2001,South,161421.59,Year,Y,Certified
EZYV1396,North America,Master's,Y,N,1849,2014,Midwest,105990.98,Year,Y,Certified
EZYV6801,Asia,Master's,Y,Y,2443,1999,West,57978.5,Year,Y,Certified
EZYV13949,Asia,Bachelor's,Y,Y,1056,1998,West,20704.23,Year,Y,Certified
EZYV6378,Asia,Master's,Y,N,1564,1957,West,3532.65,Year,Y,Certified
EZYV17196,Asia,Master's,Y,N,5193,2008,Midwest,284220.42,Year,Y,Certified
EZYV20356,Asia,Doctorate,N,N,3942,2004,West,91493.18,Year,Y,Certified
EZYV15613,Asia,High School,N,N,536,2004,Midwest,200149.88,Year,Y,Denied
EZYV4863,North America,Bachelor's,Y,N,187,1838,West,79462.83,Week,Y,Denied
EZYV21210,Europe,Bachelor's,Y,N,2658,1985,Northeast,115396.28,Year,Y,Denied
EZYV17630,North America,Bachelor's,Y,N,2827,2004,Midwest,11686.84,Year,Y,Denied
EZYV14515,Asia,Doctorate,Y,Y,634,1987,South,36789.01,Year,Y,Certified
EZYV21251,Asia,Bachelor's,N,N,29528,1965,West,179291.59,Year,Y,Certified
EZYV17799,Africa,Master's,N,N,2189,1987,West,122590.93,Year,Y,Denied
EZYV15809,Europe,Bachelor's,N,N,363,1988,Northeast,5161.38,Year,Y,Certified
EZYV18840,Asia,Master's,N,N,991,2010,Midwest,130409.56,Year,Y,Certified
EZYV21846,Asia,Master's,N,N,390,1976,Midwest,158981.18,Year,Y,Certified
EZYV20167,Europe,Bachelor's,N,N,3299,1998,South,85625.97,Year,Y,Certified
EZYV8691,Asia,Master's,Y,N,585,1992,West,54195.86,Year,Y,Certified
EZYV3918,Asia,Master's,N,N,1282,2007,Midwest,37432.4,Year,Y,Denied
EZYV1199,North America,Bachelor's,N,N,1372,1995,West,504.3171,Hour,Y,Denied
EZYV22448,Europe,Master's,N,N,3521,2000,West,89905.36,Year,Y,Certified
EZYV8218,Asia,Bachelor's,Y,N,1644,1988,Northeast,70664.47,Year,Y,Certified
EZYV1217,Asia,Bachelor's,N,N,2865,1997,Northeast,355.613,Hour,N,Denied
EZYV8142,Asia,Master's,Y,N,17143,1986,South,21226.8,Year,Y,Certified
EZYV19962,South America,Master's,N,N,58,1995,Northeast,78948.36,Year,Y,Certified
EZYV24250,Asia,Doctorate,Y,N,3652,2007,West,17479.28,Year,Y,Denied
EZYV8012,Asia,Bachelor's,N,N,1377,2001,West,36700.0,Year,Y,Certified
EZYV11162,Asia,Bachelor's,N,N,3100,1976,West,115269.43,Year,Y,Certified
EZYV1138,Asia,Bachelor's,N,N,4965,1993,South,89875.83,Year,N,Certified
EZYV18781,Europe,Bachelor's,Y,N,112,1915,Midwest,74871.12,Year,Y,Denied
EZYV17483,Africa,Doctorate,N,N,1785,1905,West,93108.08,Year,Y,Certified
EZYV19590,Asia,Master's,Y,N,831,1999,West,66198.59,Year,Y,Denied
EZYV7165,Asia,Master's,Y,N,647,1953,Midwest,463.3112,Hour,Y,Certified
EZYV12994,Europe,High School,Y,N,3194,1885,Midwest,99.6744,Hour,Y,Denied
EZYV4824,Asia,Master's,N,N,1777,2005,South,528.185,Hour,Y,Certified
EZYV21778,North America,Bachelor's,Y,N,2416,2000,Island,103930.39,Year,Y,Certified
EZYV15951,Asia,High School,Y,N,767,1994,Northeast,33056.15,Year,Y,Certified
EZYV15101,Asia,High School,N,N,12650,1980,Midwest,104498.49,Year,Y,Denied
EZYV18061,Asia,Master's,N,N,982,1864,West,92358.02,Year,Y,Certified
EZYV19894,Asia,Bachelor's,Y,N,471,2003,West,87299.78,Year,Y,Certified
EZYV16886,Asia,Master's,Y,N,1729,2003,Northeast,91214.37,Year,Y,Certified
EZYV17496,Asia,High School,Y,N,686,2007,Midwest,73570.18,Year,Y,Certified
EZYV19654,Asia,Bachelor's,Y,N,20,2009,Northeast,60740.18,Year,Y,Denied
EZYV25005,Asia,Master's,N,N,299942,2008,South,51986.57,Year,Y,Certified
EZYV16340,Asia,Bachelor's,Y,N,3604,2006,Northeast,10965.67,Year,Y,Certified
EZYV4147,Asia,Bachelor's,N,N,5058,1998,South,100856.5,Year,N,Denied
EZYV23721,Asia,High School,N,N,2225,1998,South,135188.33,Year,N,Denied
EZYV15227,Asia,Bachelor's,Y,N,1879,1991,South,38545.56,Year,Y,Denied
EZYV658,North America,Bachelor's,Y,N,91879,2005,Northeast,45029.5,Year,N,Denied
EZYV21350,Asia,Bachelor's,N,N,4127,1960,Midwest,40799.75,Year,Y,Certified
EZYV8888,North America,High School,Y,N,95621,1997,South,48293.2,Year,Y,Certified
EZYV4378,Asia,Bachelor's,Y,N,3376,1881,Northeast,458.6381,Hour,Y,Denied
EZYV17801,North America,Master's,N,N,3134,1999,South,37550.56,Year,N,Denied
EZYV23356,South America,Master's,N,N,1089,2003,Northeast,20974.13,Year,Y,Denied
EZYV17876,Europe,Bachelor's,N,N,2695,1999,South,5484.13,Year,Y,Certified
EZYV350,Asia,Master's,Y,N,3213,1924,Midwest,23272.21,Year,Y,Certified
EZYV9862,North America,Master's,N,N,1877,1986,Northeast,185317.27,Year,N,Certified
EZYV19642,Asia,Bachelor's,Y,N,3098,2013,West,125913.28,Year,Y,Certified
EZYV18027,Europe,Bachelor's,Y,N,2774,1911,West,15244.31,Year,Y,Certified
EZYV2479,North America,Doctorate,Y,N,2721,1997,West,3563.65,Year,N,Certified
EZYV8515,North America,Master's,Y,N,4001,2005,South,68142.63,Year,N,Certified
EZYV4137,South America,Master's,Y,N,1416,2013,West,24781.32,Year,Y,Certified
EZYV1041,Asia,Master's,Y,N,20724,1839,Northeast,120763.98,Year,N,Certified
EZYV25216,North America,High School,N,N,539,2002,South,37018.44,Year,Y,Denied
EZYV8192,Asia,Master's,Y,N,3015,2005,South,99505.17,Year,Y,Certified
EZYV647,Asia,Master's,N,N,2953,2000,Midwest,110427.57,Year,Y,Certified
EZYV12295,North America,Master's,N,N,1393,1970,West,5815.66,Year,Y,Denied
EZYV5036,South America,Doctorate,N,Y,1608,1909,West,46430.44,Year,Y,Certified
EZYV3558,Asia,High School,Y,N,3361,2001,West,76504.35,Year,Y,Denied
EZYV12018,Asia,Master's,N,N,2148,2005,South,644.884,Hour,Y,Denied
EZYV2075,Asia,Master's,N,N,718,1971,Midwest,527.2303,Hour,Y,Certified
EZYV3953,Europe,Bachelor's,Y,N,2277,1976,Northeast,112605.55,Year,Y,Certified
EZYV8643,Asia,Master's,Y,N,3843,1989,Midwest,58977.12,Year,N,Certified
EZYV20410,Asia,Bachelor's,Y,N,795,2012,South,113941.31,Year,Y,Certified
EZYV7734,Europe,Doctorate,Y,N,3670,2010,West,1820.26,Year,Y,Certified
EZYV21751,Asia,Master's,Y,N,5686,1870,South,39513.87,Year,Y,Certified
EZYV4520,Asia,Master's,Y,N,709,2001,South,625.844,Hour,Y,Certified
EZYV12704,Asia,Bachelor's,N,Y,1381,1985,South,65018.79,Year,Y,Certified
EZYV9548,Asia,Bachelor's,Y,N,1224,1989,Midwest,19240.85,Year,Y,Certified
EZYV7994,Asia,Bachelor's,N,Y,584,1985,Northeast,101939.01,Year,Y,Certified
EZYV707,Asia,Bachelor's,Y,N,1223,1885,West,60065.95,Year,Y,Certified
EZYV21042,Asia,Bachelor's,Y,N,928,1995,South,421.8327,Hour,Y,Denied
EZYV4939,Asia,Bachelor's,Y,N,23151,1950,Midwest,162237.01,Year,N,Certified
EZYV13850,Asia,Master's,N,N,1840,1968,Northeast,33201.69,Year,Y,Denied
EZYV2992,Asia,Bachelor's,Y,N,2618,2002,Northeast,108556.12,Year,Y,Certified
EZYV10990,Asia,Bachelor's,Y,N,1264,2011,Northeast,122890.56,Year,Y,Certified
EZYV18333,Asia,Bachelor's,Y,N,1366,2011,West,119913.43,Week,Y,Certified
EZYV4515,Asia,Master's,N,N,3025,2009,South,99796.88,Year,Y,Denied
EZYV10048,Africa,High School,Y,N,474,1873,West,101709.42,Year,Y,Denied
EZYV11338,Asia,Bachelor's,N,N,892,1987,Midwest,129640.76,Year,Y,Certified
EZYV18772,Asia,Master's,N,N,476,1985,Northeast,399.2752,Hour,Y,Denied
EZYV3885,North America,Master's,N,N,1459,1971,South,104265.14,Year,N,Denied
EZYV2689,Asia,Master's,N,N,1380,1872,South,65.8154,Hour,Y,Denied
EZYV4494,Asia,Bachelor's,N,N,2027,1992,Midwest,72019.39,Year,N,Denied
EZYV16385,Europe,Bachelor's,Y,Y,2516,2004,West,79238.94,Year,Y,Certified
EZYV24306,South America,Bachelor's,Y,N,236,1969,West,164708.75,Year,Y,Denied
EZYV21058,Asia,High School,Y,N,10137,2006,Midwest,109795.77,Year,Y,Certified
EZYV24979,Europe,High School,Y,Y,606,2009,South,17958.29,Year,Y,Denied
EZYV19763,Europe,Doctorate,N,N,392,2001,West,3490.23,Year,Y,Certified
EZYV29,Asia,Master's,Y,N,18,2004,Northeast,40925.86,Year,Y,Certified
EZYV17288,Asia,Master's,Y,N,1409,2006,West,126008.86,Year,Y,Denied
EZYV25399,Europe,Bachelor's,Y,N,3611,1996,Island,130749.9,Year,Y,Certified
EZYV3234,Asia,Bachelor's,Y,N,1202,1983,West,66388.1,Year,Y,Certified
EZYV4749,Asia,Master's,N,N,1117,1993,Midwest,64645.62,Year,Y,Certified
EZYV1013,Asia,High School,Y,N,4496,2007,South,62010.95,Year,Y,Certified
EZYV18602,Asia,Bachelor's,Y,N,597,2011,West,84829.33,Year,Y,Certified
EZYV18808,Asia,Bachelor's,Y,N,2431,2008,West,33587.17,Year,Y,Certified
EZYV18380,Europe,Bachelor's,Y,N,2848,2003,West,43136.29,Year,Y,Certified
EZYV467,Asia,Bachelor's,Y,N,3433,2002,West,36979.16,Year,Y,Certified
EZYV4648,Africa,Bachelor's,N,N,2836,1971,Northeast,29943.98,Year,Y,Denied
EZYV19715,Asia,Master's,N,N,3807,1998,Northeast,109780.64,Year,Y,Certified
EZYV11929,North America,Master's,Y,N,1476,2008,South,633.6646,Hour,Y,Denied
EZYV687,Asia,Master's,N,N,582,1971,South,92051.71,Year,Y,Certified
EZYV23837,Asia,Bachelor's,N,N,2099,1931,Northeast,83255.98,Year,Y,Denied
EZYV12645,Asia,Bachelor's,Y,N,2727,2001,Northeast,114897.51,Year,Y,Certified
EZYV17864,North America,Doctorate,N,N,468,1955,West,51730.55,Year,Y,Certified
EZYV22266,Europe,High School,N,N,352,1979,South,66666.6,Year,Y,Certified
EZYV25346,Asia,Master's,Y,N,1923,2001,West,101765.34,Year,Y,Denied
EZYV5854,Asia,Bachelor's,N,N,1109,2003,South,154764.83,Year,Y,Certified
EZYV2270,Europe,Master's,N,N,3059,1967,West,60890.43,Year,Y,Certified
EZYV9891,Asia,High School,N,N,4296,1968,West,69869.4,Month,Y,Denied
EZYV11452,Asia,Master's,Y,N,145671,1977,Northeast,38734.3,Year,Y,Certified
EZYV15587,Asia,Master's,N,N,425,1992,Midwest,102666.78,Year,Y,Certified
EZYV4210,Asia,Bachelor's,N,Y,1088,2006,South,63647.56,Year,Y,Denied
EZYV7218,Asia,Bachelor's,N,N,777,1998,Midwest,81180.73,Year,Y,Certified
EZYV15539,Europe,High School,Y,N,1458,1900,Northeast,22071.01,Year,Y,Denied
EZYV19683,Asia,Bachelor's,N,Y,3414,1819,West,65128.83,Year,Y,Certified
EZYV23753,Asia,Master's,Y,N,480,2006,South,103491.97,Year,N,Denied
EZYV11359,Asia,Master's,Y,N,2680,1892,South,468.4167,Hour,Y,Certified
EZYV6946,Asia,Bachelor's,Y,N,35703,1986,South,55491.58,Year,Y,Certified
EZYV3367,Europe,Master's,Y,Y,223,2004,West,112931.76,Year,Y,Certified
EZYV24616,Asia,Master's,Y,N,3885,1961,South,78587.67,Month,Y,Certified
EZYV15033,North America,Bachelor's,N,N,2142,2000,West,68351.99,Year,Y,Denied
EZYV932,Asia,Bachelor's,Y,N,54,1998,West,240.7297,Hour,Y,Certified
EZYV2770,North America,Bachelor's,Y,N,2434,1998,South,110198.5,Year,Y,Denied
EZYV1941,Asia,High School,N,N,1798,2012,Northeast,21552.62,Year,Y,Denied
EZYV24783,Asia,Bachelor's,Y,N,2743,1999,Northeast,8621.45,Year,Y,Certified
EZYV13789,Europe,Bachelor's,Y,N,1928,2004,West,184892.13,Year,Y,Denied
EZYV2495,North America,High School,N,N,82004,1836,West,73113.74,Year,Y,Denied
EZYV23256,Asia,Bachelor's,N,N,605,1986,Midwest,34151.16,Year,Y,Certified
EZYV3758,Asia,Bachelor's,Y,N,5548,2000,South,88589.04,Year,Y,Certified
EZYV6052,Europe,Bachelor's,Y,Y,1127,2011,South,31585.31,Year,Y,Certified
EZYV3080,Asia,Bachelor's,Y,N,4393,1993,South,73835.34,Year,Y,Certified
EZYV3823,Africa,Master's,Y,N,4150,2009,Northeast,121684.08,Year,N,Certified
EZYV8560,North America,Bachelor's,Y,N,497,1991,Midwest,68401.78,Year,Y,Certified
EZYV24345,Europe,Doctorate,N,N,32,1969,West,13629.19,Year,Y,Certified
EZYV22438,North America,Bachelor's,N,N,1844,1977,Midwest,166548.89,Year,Y,Denied
EZYV5313,Asia,Bachelor's,Y,N,290,2013,West,92629.01,Year,Y,Certified
EZYV23485,Asia,Master's,Y,N,3464,1993,South,115436.48,Year,N,Certified
EZYV3041,Asia,Master's,Y,N,1760,1914,South,52463.97,Year,Y,Certified
EZYV23768,Asia,Master's,N,N,26241,2010,West,25203.57,Year,Y,Denied
EZYV18899,Asia,Bachelor's,Y,N,62,1992,Midwest,181163.49,Year,Y,Certified
EZYV8225,Asia,Bachelor's,N,N,2738,1945,South,886.7405,Hour,Y,Certified
EZYV6304,Asia,High School,N,N,4064,2014,Midwest,203266.74,Year,Y,Denied
EZYV2711,Asia,Master's,N,N,1108,2000,Northeast,209.88,Hour,Y,Denied
EZYV15524,Asia,Master's,N,N,3374,2008,South,127430.73,Year,Y,Denied
EZYV20900,Asia,Master's,Y,N,32524,2000,West,39030.61,Year,Y,Denied
EZYV17690,North America,Master's,Y,N,817,2013,Midwest,80653.36,Year,Y,Certified
EZYV23419,Asia,Bachelor's,Y,Y,798,2007,South,56761.03,Year,Y,Certified
EZYV13628,Asia,Master's,N,Y,2851,1997,West,89575.59,Year,Y,Denied
EZYV24917,Asia,Bachelor's,N,N,1295,2000,West,116575.67,Year,Y,Certified
EZYV4812,Asia,Doctorate,Y,N,1830,2008,South,26652.42,Year,Y,Certified
EZYV12961,Asia,Doctorate,N,N,2068,2010,South,109100.14,Year,N,Certified
EZYV5166,Asia,Master's,N,N,55730,2007,South,158754.61,Year,N,Certified
EZYV7768,Europe,Master's,Y,N,916,1994,West,100425.29,Year,Y,Certified
EZYV17506,Asia,Master's,Y,Y,1477,1977,West,84928.78,Year,Y,Denied
EZYV22067,Asia,Master's,N,N,299,2012,Midwest,130651.5,Year,Y,Certified
EZYV6339,Asia,Doctorate,N,N,2448,2009,Northeast,63992.87,Year,Y,Certified
EZYV11852,Asia,Bachelor's,Y,N,87,1897,South,277104.8,Year,Y,Denied
EZYV17958,North America,Master's,N,N,77,2012,South,205657.48,Year,N,Certified
EZYV16206,Asia,High School,Y,N,1723,1995,Midwest,102134.5,Year,Y,Certified
EZYV19905,Europe,High School,Y,N,4568,1878,West,44580.47,Year,Y,Certified
EZYV16275,Europe,Master's,Y,Y,1201,1965,West,73460.91,Year,Y,Denied
EZYV25424,Asia,Master's,Y,N,4017,1848,South,72947.5,Year,N,Certified
EZYV17819,Asia,Bachelor's,Y,N,5580,1996,West,110204.37,Year,Y,Certified
EZYV4758,Asia,Master's,Y,N,681,1998,West,306021.96,Year,N,Certified
EZYV19524,Asia,Master's,Y,N,1390,1994,Northeast,19652.08,Year,N,Certified
EZYV14445,Asia,Doctorate,Y,N,1726,1999,West,62824.31,Year,Y,Certified
EZYV18714,Asia,Master's,Y,N,733,2001,Northeast,45022.48,Year,Y,Certified
EZYV18656,Asia,Master's,Y,N,1414,2006,West,31222.39,Year,Y,Certified
EZYV3179,Asia,Master's,Y,N,2281,1993,Midwest,82369.06,Year,Y,Certified
EZYV4968,Asia,Master's,N,N,1647,1996,Northeast,1626.14,Year,N,Certified
EZYV17569,North America,Master's,N,N,1380,1998,South,254015.02,Year,N,Certified
EZYV7532,Asia,Master's,N,Y,927,1974,Northeast,64357.58,Year,Y,Certified
EZYV10891,Asia,Bachelor's,Y,N,3865,1995,Midwest,41147.88,Year,Y,Certified
EZYV13249,North America,Bachelor's,Y,N,4982,1977,South,39100.95,Year,Y,Certified
EZYV11906,Asia,Bachelor's,Y,N,2099,2008,South,85733.28,Year,Y,Certified
EZYV7005,Asia,Bachelor's,Y,Y,1257,2005,Midwest,114008.13,Year,Y,Denied
EZYV20977,South America,Doctorate,N,Y,827,1956,West,67338.44,Year,Y,Certified
EZYV8976,Asia,Bachelor's,Y,N,3558,1996,West,87927.37,Year,Y,Certified
EZYV22504,Europe,Master's,Y,N,32585,1849,West,25331.76,Year,Y,Certified
EZYV24038,Asia,Bachelor's,Y,N,806,2000,Northeast,87778.77,Year,Y,Certified
EZYV4773,Asia,Bachelor's,Y,N,1837,2000,Midwest,5864.77,Year,Y,Certified
EZYV22128,North America,Master's,Y,N,496,1998,Northeast,440.9298,Hour,Y,Certified
EZYV24628,Africa,Bachelor's,N,N,605,2007,Northeast,237.4818,Hour,Y,Denied
EZYV4736,Asia,Master's,N,N,737,1872,Northeast,67505.61,Year,N,Certified
EZYV4911,North America,Master's,Y,N,2240,1817,West,49275.83,Year,Y,Denied
EZYV24607,Asia,Bachelor's,Y,N,1770,1966,West,66206.61,Year,Y,Certified
EZYV12773,Asia,Master's,Y,N,3735,1865,West,82588.99,Year,Y,Certified
EZYV10762,Asia,High School,Y,N,5044,1992,Midwest,21512.8,Year,Y,Denied
EZYV12221,Asia,Bachelor's,N,N,643,1997,West,37665.1,Year,Y,Certified
EZYV4371,Asia,Master's,N,N,2925,1949,Island,91060.12,Year,Y,Denied
EZYV8965,Asia,Master's,N,N,2966,1968,South,21956.95,Year,Y,Certified
EZYV980,Asia,Doctorate,Y,N,394921,1975,South,106460.43,Year,Y,Certified
EZYV12077,Asia,Master's,Y,N,1681,1984,Northeast,138570.06,Year,Y,Certified
EZYV22806,North America,Doctorate,Y,N,1039,1998,West,43787.17,Year,Y,Denied
EZYV1277,North America,Bachelor's,Y,N,2596,2001,South,73989.7,Year,N,Certified
EZYV6365,Asia,Bachelor's,N,N,239,2004,Midwest,65589.67,Year,Y,Certified
EZYV13243,Europe,Bachelor's,Y,N,1764,2013,South,50177.59,Year,Y,Certified
EZYV19950,Asia,Master's,N,N,854,2001,South,227.8636,Hour,Y,Denied
EZYV14530,Asia,Master's,Y,N,2460,2008,West,33074.62,Year,N,Certified
EZYV4360,North America,Master's,Y,N,3037,1975,Island,60636.47,Year,N,Certified
EZYV13730,North America,Master's,Y,N,1801,1986,West,50315.8,Week,Y,Certified
EZYV5250,Asia,Master's,Y,N,3129,1979,Midwest,100440.63,Year,Y,Certified
EZYV19427,Asia,Master's,Y,N,167,1983,South,66622.99,Year,Y,Certified
EZYV21520,Asia,Bachelor's,N,N,3088,1973,West,49192.91,Year,Y,Certified
EZYV9901,North America,Bachelor's,N,N,655,1999,South,4724.81,Year,Y,Certified
EZYV585,Asia,High School,N,Y,940,2001,South,75815.39,Year,Y,Certified
EZYV18459,North America,Bachelor's,Y,N,2080,1997,Midwest,96249.94,Year,Y,Certified
EZYV25004,Asia,Bachelor's,Y,N,1772,2010,Northeast,40221.94,Year,Y,Denied
EZYV8570,Europe,Bachelor's,N,N,3797,1989,West,48903.81,Year,Y,Denied
EZYV17939,Asia,Master's,Y,N,773,1992,South,45067.85,Year,Y,Certified
EZYV21402,Asia,Master's,Y,N,4927,1869,Midwest,18104.23,Year,Y,Certified
EZYV5920,Asia,High School,Y,N,4445,1933,South,30135.72,Year,Y,Denied
EZYV17725,Asia,Bachelor's,N,N,368,1991,Northeast,98420.33,Year,Y,Denied
EZYV14828,South America,Bachelor's,N,Y,3355,1847,South,152017.5,Year,Y,Certified
EZYV17942,Asia,Master's,N,N,1724,1962,West,118822.94,Year,Y,Certified
EZYV13811,North America,Master's,Y,N,789,1992,Island,48295.35,Year,Y,Denied
EZYV23592,Asia,Bachelor's,Y,N,91203,2006,Midwest,119110.46,Year,N,Certified
EZYV1561,Asia,Bachelor's,Y,Y,786,2010,South,31000.31,Year,Y,Certified
EZYV15429,North America,Master's,N,N,1805,1972,West,47165.25,Year,Y,Certified
EZYV21079,South America,High School,Y,N,1711,2011,Northeast,66983.73,Year,Y,Certified
EZYV11274,Asia,Master's,Y,N,2473,1999,West,104312.06,Year,Y,Certified
EZYV1188,Europe,Master's,Y,N,24190,1993,South,144911.64,Year,N,Certified
EZYV6701,Asia,Master's,N,N,4827,1985,West,32151.33,Year,N,Certified
EZYV8323,Asia,Bachelor's,Y,N,2557,1945,West,22614.82,Year,Y,Denied
EZYV10311,Asia,High School,Y,Y,8947,1982,West,128434.3,Year,Y,Denied
EZYV15915,Asia,Bachelor's,N,N,3208,2006,West,22682.72,Year,Y,Certified
EZYV6404,Asia,Master's,N,N,2006,2004,South,4834.25,Year,Y,Certified
EZYV16831,Asia,Bachelor's,Y,N,3387,2000,South,39547.89,Year,Y,Certified
EZYV10078,Asia,Bachelor's,Y,N,2234,1928,West,191173.78,Year,Y,Certified
EZYV3657,Asia,Bachelor's,Y,N,3030,2012,West,925.43,Year,Y,Certified
EZYV19857,Asia,Master's,Y,N,2343,2013,South,64947.21,Year,Y,Certified
EZYV23541,Asia,Bachelor's,N,Y,1406,1851,West,56286.84,Year,Y,Denied
EZYV9220,Asia,High School,N,N,321,2004,Midwest,141075.37,Year,Y,Denied
EZYV3388,Asia,High School,Y,N,2070,1985,Midwest,113222.0,Year,Y,Denied
EZYV12589,Asia,Bachelor's,Y,N,3149,2009,Northeast,128883.23,Year,Y,Certified
EZYV17959,Asia,Master's,Y,N,229,2009,South,4077.71,Year,Y,Certified
EZYV3137,Asia,Bachelor's,N,N,2602,2005,West,93477.81,Year,Y,Denied
EZYV8212,Europe,Doctorate,N,N,2154,1994,West,9639.14,Year,Y,Certified
EZYV8430,North America,Master's,Y,N,4078,2003,South,60174.38,Year,Y,Certified
EZYV21077,Africa,Master's,Y,Y,1231,2007,Northeast,58058.32,Year,Y,Denied
EZYV21676,Asia,Bachelor's,N,N,2293,2011,Midwest,91277.75,Year,Y,Certified
EZYV9299,Asia,Bachelor's,Y,N,2172,2006,South,55011.98,Year,Y,Certified
EZYV20865,Asia,Master's,Y,N,792,2001,West,97779.82,Year,N,Certified
EZYV6900,North America,Bachelor's,Y,Y,5050,1998,West,94763.15,Year,Y,Denied
EZYV4913,Asia,Bachelor's,Y,N,4182,1996,West,65568.91,Year,Y,Certified
EZYV14109,Asia,Master's,Y,Y,2377,1994,West,40148.97,Year,Y,Denied
EZYV20381,Europe,Doctorate,N,Y,755,2003,West,53613.59,Year,Y,Denied
EZYV18771,North America,Master's,Y,N,1850,1995,Northeast,97185.12,Year,N,Certified
EZYV17953,Asia,Master's,Y,N,5991,2004,South,51184.36,Year,Y,Certified
EZYV14853,Europe,Master's,N,N,3534,2005,Northeast,46710.15,Year,Y,Certified
EZYV2818,Asia,Bachelor's,Y,N,5418,1999,West,15023.59,Year,Y,Certified
EZYV7370,Asia,Master's,N,N,3047,1998,South,70191.52,Year,Y,Certified
EZYV6446,North America,High School,Y,N,3676,1915,South,717.5354,Hour,Y,Certified
EZYV25280,Asia,Master's,Y,N,3223,1984,South,132407.24,Year,Y,Certified
EZYV14467,Asia,Master's,Y,N,4451,2004,Northeast,64844.44,Year,Y,Certified
EZYV1371,Asia,Master's,N,N,685,2015,Midwest,139007.44,Year,Y,Certified
EZYV1764,Asia,Master's,Y,N,4826,1994,West,66413.19,Year,Y,Certified
EZYV10774,Asia,Master's,N,N,1549,2000,South,68783.26,Year,Y,Certified
EZYV8808,Asia,Bachelor's,N,N,283,1998,South,560.7972,Hour,Y,Denied
EZYV1979,Asia,Master's,N,N,784,2014,Midwest,143976.15,Year,Y,Certified
EZYV12188,North America,High School,Y,N,4027,1998,South,89.2557,Hour,Y,Denied
EZYV23538,Asia,Bachelor's,N,Y,4570,1997,West,94928.35,Year,Y,Certified
EZYV12241,Asia,Bachelor's,Y,N,272,2005,South,82359.64,Year,Y,Certified
EZYV10265,North America,Bachelor's,N,Y,441,2011,South,67916.49,Year,Y,Certified
EZYV11401,North America,Bachelor's,Y,N,796,1938,South,689.3365,Hour,Y,Denied
EZYV14887,Europe,Master's,N,N,657,1989,Northeast,89667.25,Year,Y,Certified
EZYV19852,Asia,Master's,N,N,3622,1987,Northeast,445.125,Hour,Y,Denied
EZYV655,Europe,High School,Y,Y,964,2004,South,111289.39,Year,Y,Certified
EZYV15630,Europe,High School,Y,N,786,1997,Northeast,32675.12,Year,Y,Denied
EZYV22795,Asia,Doctorate,Y,N,6183,1958,South,180855.03,Year,Y,Certified
EZYV16149,Asia,Bachelor's,Y,N,5677,2001,Northeast,114984.64,Year,Y,Certified
EZYV9661,Asia,High School,N,N,3263,1990,West,273.2008,Hour,Y,Denied
EZYV6642,Asia,Bachelor's,N,N,1434,1979,Northeast,76878.2,Year,Y,Denied
EZYV20957,Asia,Master's,Y,N,1777,1979,South,105.96,Hour,Y,Denied
EZYV11019,North America,Master's,Y,N,1713,2015,Midwest,9586.46,Year,N,Denied
EZYV16522,Africa,High School,Y,N,620,2006,West,33577.7,Year,Y,Certified
EZYV23164,Asia,Bachelor's,Y,N,2902,2008,Northeast,98663.41,Year,Y,Denied
EZYV19503,Asia,Bachelor's,Y,N,1817,2011,South,67117.46,Year,Y,Certified
EZYV18187,South America,Bachelor's,N,N,706,1993,Midwest,99266.38,Year,Y,Certified
EZYV16680,North America,Master's,Y,N,396,1993,South,231.6706,Hour,Y,Certified
EZYV3413,Asia,Bachelor's,N,N,3590,1996,Midwest,52721.38,Year,Y,Denied
EZYV13835,Asia,Master's,N,N,3004,1998,Midwest,127890.8,Year,Y,Certified
EZYV21359,Asia,Master's,Y,N,1488,1998,Midwest,124102.09,Year,Y,Certified
EZYV15492,Asia,Bachelor's,N,Y,1273,1948,West,210330.23,Year,Y,Certified
EZYV21556,Asia,Master's,Y,N,92290,2002,Midwest,126224.41,Year,Y,Certified
EZYV8647,Asia,Master's,N,N,2998,2010,Northeast,128711.52,Year,Y,Certified
EZYV12494,Asia,High School,N,N,4415,1994,West,99474.71,Year,N,Denied
EZYV12681,Asia,Bachelor's,N,N,2391,1977,Northeast,65430.83,Year,Y,Denied
EZYV768,Asia,Bachelor's,Y,N,1573,2008,West,31190.56,Year,Y,Certified
EZYV18708,Asia,Master's,Y,N,2201,2011,Northeast,105219.55,Year,Y,Certified
EZYV1625,Europe,Doctorate,Y,N,653,2013,West,71986.75,Year,Y,Certified
EZYV19558,Europe,Doctorate,Y,N,2670,1859,South,121304.89,Year,Y,Certified
EZYV11740,Europe,Doctorate,Y,N,1962,1972,Northeast,94024.8,Year,Y,Certified
EZYV13941,Asia,Bachelor's,Y,N,53631,2008,South,25440.67,Year,Y,Certified
EZYV539,Asia,Master's,Y,N,2650,1989,South,52654.73,Year,Y,Certified
EZYV22705,Asia,Bachelor's,N,N,473,2003,West,92905.19,Year,Y,Denied
EZYV14339,Asia,Bachelor's,N,N,2926,1993,South,299.2344,Hour,Y,Denied
EZYV7738,South America,Master's,Y,N,4430,1932,Northeast,129533.41,Week,Y,Denied
EZYV20024,South America,Master's,Y,N,27957,1977,Northeast,49083.36,Year,Y,Denied
EZYV2250,Asia,Bachelor's,Y,N,2026,2005,South,153638.3,Year,Y,Certified
EZYV8573,Asia,Bachelor's,Y,N,2548,1998,South,108.47,Hour,Y,Certified
EZYV4141,Europe,High School,Y,N,441,1847,West,44445.61,Year,Y,Denied
EZYV21395,Asia,Master's,N,N,2359,2005,Northeast,107836.59,Year,N,Certified
EZYV9336,Europe,Doctorate,Y,N,1967,1847,Northeast,38927.52,Year,Y,Certified
EZYV180,Asia,High School,Y,N,977,1986,Northeast,105898.54,Year,Y,Denied
EZYV1381,Asia,Bachelor's,Y,N,1177,2003,West,22085.02,Year,Y,Certified
EZYV15749,South America,Bachelor's,Y,N,1721,1947,Midwest,109148.14,Year,Y,Certified
EZYV9162,Asia,Bachelor's,N,N,1188,1971,West,664.6365,Hour,Y,Denied
EZYV5646,Asia,Doctorate,Y,N,2774,2011,West,103694.87,Year,Y,Certified
EZYV16724,Asia,Bachelor's,N,N,4134,1997,South,59541.02,Year,N,Certified
EZYV18826,Asia,Master's,N,N,249,2010,Midwest,56820.41,Year,Y,Certified
EZYV5759,Asia,High School,Y,N,3310,2001,Midwest,126612.68,Year,Y,Denied
EZYV2588,Asia,Bachelor's,Y,N,1753,1997,Northeast,3542.11,Year,Y,Certified
EZYV16780,Asia,Bachelor's,Y,Y,12554,1896,South,89331.62,Year,Y,Denied
EZYV10549,Asia,Bachelor's,N,N,3642,1981,West,51576.13,Year,Y,Denied
EZYV16344,Oceania,Master's,Y,N,110,2012,West,120666.11,Year,N,Denied
EZYV11548,Asia,Master's,N,N,1392,1875,West,57734.52,Year,N,Denied
EZYV12317,Europe,Bachelor's,Y,Y,3247,1855,Northeast,83252.47,Year,Y,Certified
EZYV24916,North America,High School,N,N,20525,2004,South,100271.46,Year,Y,Certified
EZYV17919,Asia,High School,Y,N,1635,2010,South,20609.82,Year,Y,Certified
EZYV7231,Asia,High School,N,N,795,1949,Northeast,118802.08,Year,Y,Denied
EZYV8916,Asia,Master's,N,Y,2023,1864,South,121460.67,Year,Y,Certified
EZYV17900,Asia,Master's,N,N,86,1972,Midwest,83162.23,Year,Y,Certified
EZYV10553,Asia,Master's,N,N,741,2000,Midwest,112.71,Hour,Y,Denied
EZYV2432,Asia,High School,Y,N,2763,1968,Northeast,43387.81,Year,Y,Denied
EZYV17462,Asia,High School,Y,N,285,2009,Midwest,203711.41,Year,Y,Certified
EZYV11414,Asia,Bachelor's,Y,N,2458,2010,South,22812.27,Year,Y,Certified
EZYV1681,Asia,Bachelor's,N,Y,2012,2012,West,93617.38,Year,Y,Denied
EZYV10047,Asia,Bachelor's,N,N,874,1975,West,617.8178,Hour,Y,Denied
EZYV6955,Asia,Master's,Y,N,3015,1873,Midwest,79679.26,Year,Y,Certified
EZYV18387,North America,Doctorate,N,Y,764,1995,Northeast,245599.1,Year,Y,Certified
EZYV9894,Asia,Master's,Y,N,3386,1998,West,75713.24,Year,Y,Certified
EZYV1719,Asia,Bachelor's,Y,N,4667,2000,West,56594.48,Year,Y,Certified
EZYV5150,Asia,Doctorate,N,N,1122,2007,Midwest,98869.31,Year,Y,Certified
EZYV2040,Asia,Bachelor's,Y,N,4422,1971,West,101757.03,Year,Y,Certified
EZYV19115,Europe,High School,Y,N,810,1993,West,61100.79,Year,Y,Certified
EZYV2944,Europe,Doctorate,Y,N,61,1979,West,50563.78,Year,Y,Certified
EZYV10680,Asia,Bachelor's,Y,N,2933,2001,West,114916.3,Year,Y,Denied
EZYV22744,Asia,Bachelor's,Y,N,4285,2012,Northeast,9429.88,Year,Y,Certified
EZYV8876,Asia,Bachelor's,N,N,18934,2000,Midwest,133888.3,Year,Y,Certified
EZYV15327,Asia,Bachelor's,N,N,1600,1992,Midwest,90523.41,Year,Y,Denied
EZYV25008,North America,Doctorate,Y,N,2178,1997,West,189713.95,Year,Y,Certified
EZYV12070,Europe,Bachelor's,N,N,2062,2011,West,39582.87,Year,Y,Denied
EZYV3048,North America,Bachelor's,Y,N,1276,1995,West,83060.5,Year,Y,Denied
EZYV6353,Africa,Master's,Y,N,99863,1992,Northeast,5501.55,Year,Y,Certified
EZYV4391,Asia,High School,Y,N,2184,2004,Northeast,129562.3,Year,Y,Denied
EZYV20492,Europe,Doctorate,Y,N,3314,1977,West,26139.02,Year,Y,Certified
EZYV9719,Asia,Master's,N,N,807,2008,Northeast,110470.58,Year,Y,Certified
EZYV24189,Asia,Master's,Y,N,736,2012,Midwest,133655.7,Year,Y,Certified
EZYV14532,Asia,Master's,N,N,1474,2000,Midwest,138760.48,Year,Y,Certified
EZYV9323,Asia,Master's,N,N,1209,1838,South,111.73,Hour,Y,Certified
EZYV8479,Asia,Bachelor's,Y,N,5197,1977,Northeast,42857.83,Year,Y,Certified
EZYV5832,Asia,Bachelor's,N,Y,1050,1966,South,137365.58,Year,Y,Denied
EZYV21194,Asia,Master's,Y,N,1557,1995,Midwest,129996.95,Year,N,Certified
EZYV4828,Europe,Master's,N,N,3619,1997,South,121415.9,Year,Y,Denied
EZYV24960,Asia,Bachelor's,Y,N,3311,1856,West,52699.64,Year,Y,Certified
EZYV4850,North America,Master's,N,N,2415,2011,West,129013.48,Year,Y,Denied
EZYV11955,North America,Master's,N,N,5345,1998,Northeast,79419.0,Year,Y,Certified
EZYV6139,South America,Master's,Y,N,2650,2001,Northeast,24067.46,Year,Y,Certified
EZYV12511,Asia,Master's,N,N,2633,2011,Northeast,233013.3,Year,Y,Denied
EZYV24227,Europe,High School,N,N,48,2008,South,123656.77,Year,Y,Certified
EZYV10071,North America,Bachelor's,N,N,490,1946,Northeast,500.9841,Hour,Y,Certified
EZYV2939,Asia,Bachelor's,Y,N,1508,1961,West,40518.57,Year,Y,Certified
EZYV20695,Asia,Bachelor's,Y,N,76,1940,Northeast,132.93,Hour,Y,Certified
EZYV12351,Asia,Master's,N,N,1610,2011,Midwest,40503.76,Year,Y,Certified
EZYV9184,Asia,Bachelor's,Y,N,1065,2008,Midwest,90902.55,Year,N,Certified
EZYV4792,Europe,Doctorate,Y,N,2789,1919,South,62367.86,Year,Y,Certified
EZYV10718,Africa,Doctorate,N,N,203,2012,South,73224.72,Year,Y,Certified
EZYV24432,Asia,Bachelor's,N,N,2568,1929,West,44160.6,Year,Y,Denied
EZYV8233,Europe,Bachelor's,Y,Y,99,1996,West,42594.42,Year,Y,Certified
EZYV2884,Asia,Bachelor's,Y,N,2399,2010,West,12586.73,Year,Y,Certified
EZYV6287,Asia,Master's,N,N,1219,2003,West,154695.04,Year,N,Certified
EZYV12261,Asia,Master's,N,N,1658,2008,Northeast,32173.19,Year,Y,Denied
EZYV8937,Asia,Master's,Y,N,440,2006,West,27208.4,Year,Y,Certified
EZYV17599,Asia,Bachelor's,Y,N,2678,1961,West,139671.17,Year,Y,Denied
EZYV23204,Asia,Bachelor's,Y,Y,2565,2010,West,6353.52,Year,Y,Certified
EZYV2778,Asia,Bachelor's,N,N,1763,2002,Midwest,41965.02,Year,Y,Denied
EZYV3497,North America,Master's,Y,N,5788,1904,South,126916.75,Year,N,Certified
EZYV9042,Europe,Master's,Y,N,2946,1995,Midwest,129390.69,Year,Y,Certified
EZYV20309,Asia,Master's,N,N,1821,2011,South,140656.45,Year,Y,Certified
EZYV6191,Europe,High School,N,Y,365,1975,South,49432.45,Year,Y,Denied
EZYV16097,Europe,Bachelor's,Y,N,3275,2012,Midwest,8592.03,Year,Y,Certified
EZYV18903,Asia,High School,Y,N,2237,2007,West,2999.93,Year,Y,Denied
EZYV19113,Asia,Bachelor's,Y,N,3387,2004,Northeast,83672.69,Year,Y,Certified
EZYV24727,Europe,Bachelor's,Y,N,1876,1855,West,78471.91,Year,Y,Certified
EZYV17272,Asia,Bachelor's,Y,Y,237266,2013,South,72427.42,Year,Y,Denied
EZYV7707,Asia,Bachelor's,N,N,2822,1953,Midwest,234856.36,Year,Y,Certified
EZYV22341,Asia,High School,Y,N,285,2006,Northeast,16692.25,Year,Y,Denied
EZYV20208,Europe,Bachelor's,N,N,3073,2005,Midwest,3287.0,Year,Y,Certified
EZYV11360,Asia,Master's,N,N,2080,2004,Midwest,135248.19,Year,Y,Certified
EZYV2362,Asia,Master's,N,N,1503,2009,Midwest,33877.34,Year,Y,Certified
EZYV5318,Asia,Bachelor's,N,N,3347,1983,Northeast,617.3676,Hour,Y,Certified
EZYV4043,Asia,Bachelor's,Y,N,3193,1946,West,658.0041,Hour,Y,Denied
EZYV18890,Asia,High School,N,N,269,2004,Northeast,20373.58,Year,Y,Certified
EZYV17040,Asia,Bachelor's,Y,N,1259,2007,South,108896.7,Year,Y,Denied
EZYV1756,Asia,Master's,N,N,2091,2000,Midwest,118233.78,Year,Y,Certified
EZYV10830,Asia,Bachelor's,N,N,1844,1998,South,111089.61,Year,Y,Certified
EZYV5823,Asia,Bachelor's,Y,N,2957,1998,West,120249.06,Year,Y,Certified
EZYV576,Asia,High School,Y,N,4040,1994,Midwest,60158.59,Year,Y,Certified
EZYV14607,Europe,Doctorate,N,N,3016,1987,West,99067.15,Year,Y,Certified
EZYV15449,Asia,Bachelor's,N,N,2164,2010,South,64254.1,Year,Y,Denied
EZYV21656,Asia,Master's,Y,N,5498,1994,West,36562.68,Year,Y,Certified
EZYV16045,Africa,High School,N,N,3305,2006,Northeast,95996.68,Year,Y,Certified
EZYV5494,Asia,Master's,Y,N,3208,2004,South,38423.5,Year,Y,Certified
EZYV22421,Asia,Bachelor's,N,N,2582,2004,West,572.0448,Hour,Y,Denied
EZYV1111,North America,Master's,Y,N,2953,1999,South,82810.17,Year,N,Certified
EZYV20769,Asia,Bachelor's,N,Y,126,1997,West,78896.39,Year,Y,Certified
EZYV12147,Europe,High School,Y,N,3817,2001,South,8660.63,Year,Y,Denied
EZYV07,Asia,Bachelor's,N,N,4985,1994,South,53635.39,Year,Y,Certified
EZYV19972,Asia,Bachelor's,N,N,3324,1998,West,9604.32,Year,Y,Certified
EZYV21627,Europe,Doctorate,N,N,63,2007,South,4472.87,Year,Y,Certified
EZYV8475,Asia,Doctorate,N,N,393,2011,South,115303.3,Year,Y,Certified
EZYV9289,Asia,Bachelor's,Y,N,1054,1927,South,91028.52,Year,Y,Denied
EZYV17817,Asia,Bachelor's,Y,N,413,2009,Northeast,292.0788,Hour,Y,Denied
EZYV3218,Asia,Master's,N,N,5232,2011,South,148336.92,Year,Y,Denied
EZYV4060,Asia,Bachelor's,N,N,2174,1910,West,67794.36,Year,Y,Denied
EZYV2164,Asia,Bachelor's,N,N,516,1996,Midwest,94125.28,Year,Y,Certified
EZYV12096,North America,Master's,N,N,1853,2001,West,351.7037,Hour,Y,Certified
EZYV2336,Asia,High School,N,N,98,1939,Midwest,78.6823,Hour,Y,Certified
EZYV23547,Europe,Master's,N,Y,415,2011,South,238178.7,Year,Y,Certified
EZYV7161,Asia,Bachelor's,N,Y,818,1998,West,95509.34,Year,Y,Certified
EZYV11765,Asia,Bachelor's,N,N,3355,2000,South,31789.85,Year,Y,Denied
EZYV16646,South America,Bachelor's,N,N,132,1971,West,285.2286,Hour,Y,Denied
EZYV9321,Asia,Bachelor's,Y,N,4792,1993,West,41735.5,Year,Y,Certified
EZYV8676,North America,High School,Y,N,890,1889,West,37043.23,Year,Y,Certified
EZYV8911,Asia,Doctorate,Y,N,1844,2001,South,136932.08,Year,Y,Certified
EZYV11415,North America,Master's,N,N,618,1945,South,65971.41,Week,Y,Denied
EZYV4216,Asia,High School,Y,Y,3821,1926,South,49278.66,Year,Y,Denied
EZYV13572,Asia,Bachelor's,Y,N,307,1965,South,608.5469,Hour,Y,Denied
EZYV6001,Europe,Master's,Y,N,870,1997,South,109817.66,Year,Y,Certified
EZYV11212,Asia,Bachelor's,Y,N,3235,1872,Midwest,107563.55,Year,Y,Certified
EZYV12199,Asia,High School,N,Y,23694,1969,South,163953.78,Year,Y,Denied
EZYV9314,Asia,Doctorate,Y,N,2090,1990,South,23291.94,Year,Y,Certified
EZYV8110,Asia,Master's,Y,N,4607,2012,Midwest,129261.95,Year,Y,Certified
EZYV19956,Asia,Master's,Y,N,999,1876,South,33570.69,Year,Y,Certified
EZYV24587,North America,Master's,Y,N,3136,1847,Midwest,80025.83,Year,N,Certified
EZYV11319,Asia,Master's,Y,N,4335,2015,West,88641.0,Year,Y,Certified
EZYV21599,Asia,High School,N,N,2644,1858,Northeast,38290.9,Year,Y,Denied
EZYV7883,Asia,Master's,Y,N,3637,1848,Northeast,70307.89,Year,Y,Certified
EZYV12951,Asia,Master's,Y,N,3920,2005,South,127452.13,Year,Y,Certified
EZYV14410,North America,Master's,Y,N,2474,2008,South,98580.77,Year,Y,Certified
EZYV8275,North America,Bachelor's,Y,N,1959,1858,South,304.0882,Hour,Y,Denied
EZYV20331,Asia,Master's,Y,N,635,2007,South,42786.52,Year,Y,Certified
EZYV3864,Asia,Bachelor's,N,N,1457,2003,South,70121.1,Year,Y,Denied
EZYV1950,Asia,Bachelor's,N,Y,292,1838,South,169950.78,Year,Y,Certified
EZYV5452,South America,Bachelor's,N,N,2004,1970,Northeast,43244.26,Week,Y,Denied
EZYV18210,Asia,Bachelor's,Y,N,3124,1885,South,114849.38,Year,Y,Certified
EZYV12268,Asia,Master's,N,N,26822,1981,Midwest,77702.54,Year,Y,Denied
EZYV7111,Asia,Master's,N,N,814,2004,Northeast,74811.35,Year,N,Certified
EZYV5554,North America,Bachelor's,Y,N,1427,1996,South,74414.52,Year,Y,Denied
EZYV14868,Asia,Bachelor's,N,N,1295,1873,South,133283.64,Year,Y,Denied
EZYV7312,Asia,Doctorate,N,Y,3066,2001,South,6890.18,Year,Y,Certified
EZYV10323,Asia,Bachelor's,N,N,373,1981,Midwest,66081.34,Year,Y,Certified
EZYV11309,Asia,Bachelor's,N,N,1362,2002,West,74251.37,Year,Y,Denied
EZYV12042,Europe,Doctorate,Y,N,161,1998,Northeast,38103.98,Year,Y,Certified
EZYV22435,Asia,Master's,Y,N,1789,1963,Northeast,111907.48,Year,Y,Certified
EZYV13928,Africa,Doctorate,N,N,833,1909,South,34642.37,Year,Y,Certified
EZYV18319,Asia,Bachelor's,Y,Y,12669,1977,West,154599.79,Year,Y,Certified
EZYV24747,Asia,Bachelor's,Y,N,1407,1984,West,90094.71,Year,Y,Certified
EZYV22206,Asia,Master's,N,N,4783,1993,West,5267.05,Year,N,Denied
EZYV21111,Asia,Master's,N,N,1061,1999,Midwest,91678.98,Year,N,Certified
EZYV15618,North America,Doctorate,N,N,3485,1997,Midwest,45160.72,Year,Y,Certified
EZYV16940,Europe,Doctorate,N,N,427,2005,West,171121.32,Year,Y,Certified
EZYV13859,North America,Master's,N,Y,921,1998,South,71138.13,Year,Y,Denied
EZYV13135,Europe,Doctorate,Y,N,1147,2009,South,49087.04,Year,Y,Certified
EZYV3547,Asia,Master's,Y,N,13791,2003,Northeast,27419.66,Year,N,Certified
EZYV4987,Europe,High School,Y,N,2611,2002,West,90866.01,Year,Y,Denied
EZYV14245,Asia,Bachelor's,Y,N,4108,2005,West,59264.66,Year,Y,Denied
EZYV17855,Asia,Bachelor's,Y,N,1165,2000,Northeast,160793.83,Year,N,Denied
EZYV10240,North America,Bachelor's,Y,N,5378,2009,Northeast,31074.0,Year,N,Denied
EZYV18475,Asia,Master's,N,N,2298,1976,West,87068.43,Year,Y,Denied
EZYV12436,Asia,High School,Y,N,550,2013,Midwest,82737.58,Year,Y,Denied
EZYV16900,Asia,Master's,Y,N,1386,1994,Midwest,14338.29,Year,Y,Certified
EZYV16878,Asia,Bachelor's,N,N,3533,2009,Northeast,60151.75,Year,Y,Denied
EZYV7873,North America,Bachelor's,Y,N,39573,1956,West,34304.14,Year,Y,Certified
EZYV23949,Asia,Bachelor's,N,N,2625,1975,Midwest,160482.85,Year,Y,Certified
EZYV20525,Europe,Doctorate,Y,N,1227,1989,Northeast,93891.67,Year,Y,Certified
EZYV23865,South America,Master's,N,Y,2212,2002,Northeast,134382.56,Year,Y,Denied
EZYV8975,Asia,Bachelor's,N,N,2989,2005,Northeast,46404.27,Year,Y,Certified
EZYV4566,Asia,Bachelor's,Y,N,2312,2012,South,120459.53,Year,Y,Denied
EZYV13870,South America,Bachelor's,Y,N,1940,1999,South,92472.57,Year,Y,Certified
EZYV19171,Asia,Master's,Y,N,146713,1963,Midwest,37935.83,Year,Y,Certified
EZYV23458,Asia,Bachelor's,Y,N,3543,1980,West,75129.14,Year,Y,Certified
EZYV17594,Asia,Master's,Y,N,745,1975,Northeast,74659.94,Year,Y,Denied
EZYV14470,North America,Master's,Y,N,3055,1980,South,101811.56,Year,Y,Certified
EZYV7397,North America,High School,Y,N,2157,2013,South,13274.33,Year,Y,Certified
EZYV1753,North America,Bachelor's,Y,Y,1927,2001,West,86074.48,Year,Y,Denied
EZYV14048,Europe,Master's,Y,N,154373,1995,Midwest,11948.18,Year,Y,Certified
EZYV16538,Asia,Master's,Y,N,1389,1978,Midwest,112450.35,Year,Y,Certified
EZYV25446,Asia,Bachelor's,Y,N,2642,1890,Northeast,25899.99,Year,Y,Certified
EZYV8400,Asia,Master's,Y,N,774,2003,South,84657.84,Year,Y,Certified
EZYV19186,Asia,High School,Y,N,2983,2005,Northeast,59079.03,Year,Y,Certified
EZYV548,Asia,Bachelor's,Y,N,8374,1864,Northeast,206970.67,Year,N,Certified
EZYV22465,Asia,Bachelor's,N,N,2265,2001,South,81492.52,Year,Y,Certified
EZYV13666,Asia,High School,Y,N,1936,1950,West,10927.9,Year,Y,Denied
EZYV23006,Asia,Doctorate,N,Y,1807,2003,West,176.5574,Hour,Y,Denied
EZYV2566,Asia,Master's,N,N,2857,1995,West,132402.18,Year,Y,Denied
EZYV8850,Asia,Master's,N,N,631,2001,Midwest,30531.71,Year,Y,Certified
EZYV6838,Asia,Master's,Y,N,4504,1997,Northeast,106592.06,Year,N,Certified
EZYV21494,Asia,Bachelor's,N,N,913,2010,Northeast,34755.42,Year,Y,Certified
EZYV14357,Europe,Master's,N,N,1523,2011,South,558.8865,Hour,Y,Certified
EZYV1862,Asia,Master's,Y,N,516,1986,Midwest,156500.0,Year,Y,Certified
EZYV23846,North America,Bachelor's,Y,N,1104,1984,Northeast,30564.9,Year,N,Certified
EZYV19557,Asia,Master's,Y,N,3504,1838,Northeast,78160.6,Year,Y,Denied
EZYV20362,Asia,Bachelor's,N,N,2184,1971,South,970.3772,Hour,Y,Denied
EZYV15153,Asia,Bachelor's,Y,N,891,2000,South,11289.91,Year,Y,Certified
EZYV21211,Asia,Doctorate,Y,N,2540,1973,South,150958.97,Year,Y,Certified
EZYV18184,Asia,Bachelor's,Y,N,19591,1885,South,107293.44,Year,Y,Certified
EZYV8243,Asia,Master's,N,N,1276,2007,Midwest,163609.13,Year,Y,Certified
EZYV11752,Asia,Master's,Y,N,2439,1998,Midwest,46795.18,Year,Y,Certified
EZYV25048,Europe,Bachelor's,N,N,2461,1964,Northeast,371.8615,Hour,Y,Certified
EZYV10651,Asia,Master's,Y,N,2578,1889,West,51089.92,Year,Y,Certified
EZYV11339,Europe,Master's,Y,N,735,2005,Northeast,19960.61,Year,Y,Certified
EZYV14433,Asia,Bachelor's,N,Y,2554,1962,South,28461.72,Year,Y,Certified
EZYV13551,Asia,Master's,Y,N,3351,1955,South,2503.65,Year,Y,Certified
EZYV19063,Asia,Bachelor's,N,Y,21,1968,South,197658.08,Year,Y,Certified
EZYV24712,Europe,Bachelor's,N,N,3889,1976,West,12068.06,Year,Y,Certified
EZYV6786,Asia,Master's,N,N,2368,1881,West,126.1176,Hour,Y,Certified
EZYV8832,Europe,Bachelor's,Y,N,3037,1993,Northeast,5358.15,Year,Y,Certified
EZYV2891,Asia,Bachelor's,Y,N,1535,2009,South,53892.1,Year,Y,Certified
EZYV3329,Asia,Master's,Y,N,1856,1928,South,13069.82,Year,Y,Certified
EZYV6466,Europe,Doctorate,Y,N,4805,1996,West,16991.99,Year,Y,Certified
EZYV22569,Asia,Bachelor's,Y,N,2753,1995,South,51559.67,Year,Y,Denied
EZYV15635,Asia,Bachelor's,Y,N,45569,2005,Northeast,75859.69,Year,Y,Denied
EZYV23041,Asia,Master's,N,N,4587,1988,Northeast,70028.96,Year,Y,Certified
EZYV25047,Asia,Master's,Y,N,1843,2005,Midwest,42664.67,Year,Y,Certified
EZYV11,Asia,Master's,N,N,2465,2004,Midwest,83588.56,Year,Y,Certified
EZYV4439,Europe,High School,Y,N,2289,2010,South,22372.0,Year,Y,Denied
EZYV1807,South America,Master's,N,N,153,1996,Midwest,205546.66,Year,Y,Certified
EZYV1679,Asia,Master's,N,N,2477,1971,South,30088.2,Year,Y,Certified
EZYV13412,Asia,Master's,Y,N,42014,1992,Midwest,104565.37,Year,N,Denied
EZYV14147,Asia,Bachelor's,N,Y,-26,1954,West,81982.27,Year,Y,Certified
EZYV220,Europe,Master's,Y,N,3395,2008,South,73623.94,Year,Y,Certified
EZYV25054,North America,High School,Y,N,3994,1889,South,75734.27,Year,Y,Certified
EZYV19142,North America,High School,Y,N,1380,2001,Midwest,146968.05,Year,Y,Certified
EZYV17033,Asia,Master's,N,N,5590,1834,West,41181.17,Year,Y,Denied
EZYV19298,Asia,High School,Y,N,5371,1990,Northeast,82639.91,Year,Y,Certified
EZYV24389,Asia,Bachelor's,Y,N,547,2010,Northeast,40910.25,Year,Y,Certified
EZYV9465,Asia,Master's,Y,N,2356,2001,Midwest,51174.84,Year,Y,Certified
EZYV3032,Europe,High School,Y,N,1348,1968,West,51048.08,Year,Y,Denied
EZYV23495,Asia,Bachelor's,Y,N,3286,1818,Northeast,78352.09,Year,Y,Certified
EZYV3479,Asia,Bachelor's,N,N,1257,2007,Northeast,20596.52,Year,Y,Denied
EZYV19259,Asia,Bachelor's,Y,Y,2135,1966,South,88336.61,Year,Y,Denied
EZYV14636,Asia,Master's,Y,N,3401,1867,Midwest,111006.64,Year,Y,Certified
EZYV24903,North America,High School,Y,N,1125,1969,South,264.9594,Hour,Y,Denied
EZYV13798,Asia,Bachelor's,N,N,1760,1997,South,94641.32,Year,Y,Denied
EZYV25425,Asia,Bachelor's,Y,N,3962,1960,South,92848.41,Year,Y,Certified
EZYV16564,Europe,Master's,N,N,1073,1998,Midwest,71816.68,Year,N,Certified
EZYV2522,Asia,Bachelor's,Y,N,2952,2007,West,59555.7,Year,Y,Certified
EZYV20259,Asia,Bachelor's,Y,N,1493,1968,South,95892.37,Year,Y,Certified
EZYV22544,Asia,Bachelor's,Y,N,2661,1972,Northeast,27593.85,Year,Y,Denied
EZYV5384,Africa,Master's,Y,N,3469,1998,Northeast,112626.08,Year,Y,Certified
EZYV21821,Asia,High School,N,N,4687,2007,Midwest,100296.05,Year,Y,Certified
EZYV19994,Asia,Bachelor's,Y,N,1016,1964,Northeast,123931.2,Year,Y,Certified
EZYV9361,North America,Bachelor's,Y,N,1874,1999,Northeast,152398.83,Week,Y,Denied
EZYV16582,Asia,Bachelor's,Y,N,3303,2000,Northeast,36102.16,Year,Y,Certified
EZYV10589,Asia,Bachelor's,N,N,2679,1896,Northeast,10361.37,Year,Y,Certified
EZYV17874,Asia,Master's,Y,N,685,1996,Midwest,99713.57,Year,Y,Certified
EZYV12439,North America,High School,Y,N,1304,2011,Northeast,166675.94,Year,Y,Denied
EZYV12285,Asia,Doctorate,Y,N,27239,1980,West,21075.52,Year,Y,Certified
EZYV6843,Oceania,Doctorate,Y,N,4402,1853,South,88816.28,Year,Y,Certified
EZYV23038,North America,Doctorate,Y,N,4946,1917,Midwest,114159.86,Year,Y,Certified
EZYV20067,Europe,High School,N,N,20,2007,South,69062.14,Year,Y,Denied
EZYV4382,Asia,Master's,N,N,19437,1982,South,325.1087,Hour,Y,Denied
EZYV4387,Europe,Bachelor's,Y,Y,347,2001,West,198695.38,Year,Y,Denied
EZYV19772,Asia,Master's,N,N,845,1973,South,93128.63,Year,Y,Certified
EZYV10535,Asia,Bachelor's,N,Y,1891,1974,South,65499.71,Year,Y,Certified
EZYV14247,Asia,Master's,Y,N,2759,1984,Midwest,126895.3,Year,Y,Certified
EZYV24886,Asia,Bachelor's,N,N,2597,1978,South,103717.68,Year,N,Certified
EZYV22507,Asia,Master's,Y,N,900,1999,Northeast,116979.86,Year,Y,Denied
EZYV21898,Africa,Bachelor's,Y,N,2161,1920,West,29873.43,Year,Y,Denied
EZYV16268,North America,Doctorate,Y,N,1983,1998,South,79534.84,Year,Y,Certified
EZYV19269,Asia,Bachelor's,Y,N,2201,1915,South,120566.46,Year,Y,Denied
EZYV369,Asia,Bachelor's,Y,N,1506,1998,Northeast,112853.73,Year,Y,Certified
EZYV10478,North America,Bachelor's,N,N,1554,2010,South,97090.74,Year,Y,Denied
EZYV900,Asia,Master's,N,N,2223,1997,Midwest,43427.27,Year,Y,Certified
EZYV21648,Europe,Bachelor's,N,N,2518,1990,Northeast,56871.05,Year,Y,Denied
EZYV19884,Asia,Bachelor's,N,N,102516,1923,Island,107345.47,Year,Y,Certified
EZYV16166,Europe,Doctorate,N,N,2243,1998,Midwest,79522.02,Year,Y,Certified
EZYV19094,Asia,Bachelor's,N,Y,2024,1978,South,106032.8,Year,Y,Certified
EZYV23215,Asia,Bachelor's,N,N,779,1986,South,238788.29,Year,Y,Denied
EZYV2012,Asia,Bachelor's,Y,Y,39,1969,South,54373.3,Year,Y,Certified
EZYV1194,Asia,Bachelor's,Y,N,999,1998,Northeast,153304.15,Year,Y,Certified
EZYV6237,Europe,High School,N,N,1598,1902,Northeast,137.15,Hour,Y,Denied
EZYV24984,Africa,Bachelor's,Y,Y,3510,1978,Northeast,85864.24,Year,Y,Certified
EZYV315,Asia,High School,N,N,652,1913,Northeast,24968.7,Year,N,Denied
EZYV16464,Asia,Master's,Y,N,218,1990,South,47256.82,Year,Y,Certified
EZYV21222,Asia,Bachelor's,N,N,833,1982,South,143768.97,Year,Y,Certified
EZYV17549,Asia,Bachelor's,Y,N,5031,1987,South,95172.55,Year,N,Denied
EZYV7963,Asia,Bachelor's,Y,N,2998,1855,South,6193.75,Year,Y,Certified
EZYV15625,Africa,Master's,Y,N,2002,1970,Northeast,36737.19,Year,Y,Certified
EZYV8620,Asia,Bachelor's,N,Y,3765,2010,Northeast,97924.45,Year,Y,Certified
EZYV11089,Asia,Master's,Y,N,763,1998,South,37938.34,Year,Y,Certified
EZYV12687,North America,Master's,Y,N,2281,2004,South,23721.38,Year,Y,Certified
EZYV14561,North America,High School,Y,N,4105,1995,Midwest,34075.65,Year,Y,Denied
EZYV18124,Africa,Bachelor's,N,N,5270,2001,Northeast,41560.63,Year,Y,Certified
EZYV22610,Africa,Master's,N,N,3330,1993,Northeast,111991.91,Year,Y,Certified
EZYV8878,Africa,Master's,Y,N,5082,1987,West,96751.24,Year,Y,Certified
EZYV2463,Asia,Bachelor's,Y,N,4992,1977,Midwest,63156.03,Year,Y,Certified
EZYV9455,Europe,Master's,N,N,2758,2008,South,35920.11,Year,Y,Certified
EZYV20634,Europe,Master's,Y,N,2814,2010,West,55188.11,Year,Y,Certified
EZYV22786,North America,Doctorate,Y,N,4319,2005,Northeast,42954.39,Year,Y,Certified
EZYV11411,Asia,Bachelor's,Y,N,1453,1976,West,165365.56,Year,Y,Denied
EZYV15263,Europe,Bachelor's,Y,N,5000,2008,Northeast,9595.6,Year,Y,Certified
EZYV22,North America,Master's,Y,N,1706,2013,Midwest,137694.98,Year,N,Certified
EZYV23032,Asia,Bachelor's,N,Y,804,2006,West,129110.86,Year,Y,Certified
EZYV307,Asia,Bachelor's,Y,N,2609,1991,Northeast,34738.65,Year,Y,Certified
EZYV1586,Asia,High School,N,N,19157,1997,South,507.93,Hour,Y,Certified
EZYV17736,Asia,Master's,N,Y,3706,1987,South,41526.35,Year,Y,Certified
EZYV13698,Asia,High School,N,N,2145,1947,West,504.8399,Hour,Y,Denied
EZYV2798,Europe,Bachelor's,Y,N,2730,2005,South,28597.77,Year,Y,Certified
EZYV3556,Asia,Master's,Y,N,1491,2008,South,515.4184,Hour,Y,Certified
EZYV18258,North America,Master's,Y,N,3237,1866,Northeast,413.3675,Hour,Y,Denied
EZYV14094,Asia,Bachelor's,Y,N,1084,1996,Midwest,109886.41,Year,Y,Certified
EZYV19043,Asia,Bachelor's,Y,N,1712,1985,South,127214.67,Year,Y,Certified
EZYV18780,Asia,Master's,N,N,2624,1985,Midwest,102206.7,Year,Y,Certified
EZYV22077,Asia,Bachelor's,Y,N,4359,1976,South,134602.8,Year,Y,Certified
EZYV961,Oceania,Bachelor's,N,N,363,2013,Northeast,97469.69,Year,Y,Denied
EZYV23752,Asia,Master's,N,N,2589,1993,West,34786.48,Year,N,Certified
EZYV13485,Asia,Master's,Y,Y,2916,2005,Northeast,116225.01,Year,Y,Certified
EZYV5185,South America,Doctorate,Y,N,125,2004,South,261.5594,Hour,Y,Certified
EZYV12182,Asia,Master's,Y,N,2239,2011,Midwest,125731.81,Year,Y,Certified
EZYV1911,North America,Doctorate,Y,N,376,1926,Northeast,11572.19,Year,Y,Certified
EZYV14306,Asia,Master's,N,Y,714,2008,Northeast,64634.56,Year,N,Denied
EZYV5963,Asia,Master's,N,N,1595,1961,Midwest,101905.74,Year,Y,Certified
EZYV2199,Asia,Master's,Y,N,739,2006,Northeast,51864.68,Year,Y,Certified
EZYV19839,Asia,Master's,N,N,737,2002,Northeast,98827.43,Year,N,Certified
EZYV20905,Asia,Master's,Y,N,135268,1939,Northeast,21994.22,Year,Y,Certified
EZYV10305,Asia,Master's,Y,N,3565,1971,Northeast,39429.97,Year,N,Certified
EZYV16713,Asia,Bachelor's,Y,N,131683,2007,South,104873.56,Year,Y,Certified
EZYV23102,Asia,Bachelor's,N,N,4059,2000,Northeast,48082.36,Year,Y,Denied
EZYV18758,Europe,Bachelor's,N,Y,1642,1997,Northeast,94500.22,Year,Y,Certified
EZYV5956,Asia,Bachelor's,Y,N,358,1967,Midwest,172824.98,Year,Y,Certified
EZYV23507,North America,Bachelor's,Y,Y,2301,2001,Northeast,81855.51,Year,Y,Denied
EZYV14049,Africa,Master's,Y,N,1881,2007,Northeast,72474.03,Year,Y,Certified
EZYV18559,Europe,High School,N,N,1158,1954,South,85227.88,Year,Y,Certified
EZYV23097,Asia,Doctorate,Y,Y,2978,1977,West,121411.79,Year,Y,Certified
EZYV23453,Asia,High School,Y,N,6449,2005,Northeast,87598.83,Year,Y,Certified
EZYV14430,Europe,Bachelor's,Y,N,252,2000,West,10700.4,Year,Y,Certified
EZYV9054,Asia,Master's,N,N,4098,2010,South,11314.68,Year,Y,Certified
EZYV17579,Asia,Bachelor's,Y,N,562,2003,South,162892.64,Year,Y,Denied
EZYV4098,Asia,Bachelor's,N,N,731,1976,West,45058.68,Year,Y,Denied
EZYV12871,Asia,Master's,N,Y,2137,1972,South,60675.54,Year,Y,Certified
EZYV15312,Asia,Bachelor's,N,Y,2365,1833,Northeast,69833.72,Year,Y,Certified
EZYV15976,Asia,Bachelor's,N,Y,1172,1880,South,79220.54,Year,Y,Certified
EZYV14174,Asia,Bachelor's,Y,N,4106,2011,West,18941.87,Year,Y,Denied
EZYV23047,Asia,Bachelor's,N,N,1464,1872,South,12530.5,Year,Y,Denied
EZYV23130,Asia,Master's,Y,N,3642,1977,West,77646.88,Year,Y,Denied
EZYV10611,Europe,Master's,N,N,2686,2007,West,99277.0,Year,Y,Certified
EZYV14459,Asia,High School,Y,N,3678,2009,Northeast,34199.23,Year,Y,Denied
EZYV547,Asia,Master's,N,N,1980,2006,Northeast,79576.59,Year,Y,Denied
EZYV17278,Africa,Master's,Y,N,1112,1993,Midwest,97135.74,Year,Y,Certified
EZYV699,Asia,Master's,N,N,1929,2005,Northeast,86368.98,Year,Y,Denied
EZYV14667,Asia,Bachelor's,N,N,1668,1987,South,165763.23,Year,N,Certified
EZYV17782,North America,Master's,Y,N,5021,1965,Midwest,84190.74,Year,N,Denied
EZYV21875,South America,Bachelor's,N,N,3360,1994,Northeast,408.6848,Hour,Y,Denied
EZYV9480,Europe,Master's,Y,N,941,2010,South,19912.14,Year,Y,Certified
EZYV2281,Europe,High School,Y,N,2720,1886,South,106562.57,Week,Y,Certified
EZYV3229,North America,Bachelor's,Y,N,3089,2007,Midwest,87864.62,Year,Y,Certified
EZYV4359,Asia,Doctorate,N,N,173,1993,West,23055.29,Year,Y,Denied
EZYV17060,Asia,Bachelor's,Y,N,2295,2004,Northeast,19794.79,Year,Y,Denied
EZYV13886,Asia,Master's,Y,N,2488,2003,Midwest,58962.61,Year,N,Certified
EZYV19464,Asia,Bachelor's,Y,N,1335,2001,Northeast,33790.11,Year,Y,Denied
EZYV8659,Asia,Master's,Y,N,873,1995,Midwest,58472.81,Year,Y,Certified
EZYV7715,South America,Bachelor's,Y,N,412,1998,Northeast,89821.13,Year,Y,Denied
EZYV15165,Asia,Master's,N,N,431,1857,Northeast,140459.02,Year,N,Denied
EZYV17908,Europe,Doctorate,N,N,2192,1998,West,201102.03,Year,Y,Certified
EZYV2524,Asia,Doctorate,Y,N,5502,1977,Northeast,36947.26,Year,Y,Certified
EZYV10950,Europe,Bachelor's,N,Y,5789,1962,West,25551.75,Year,Y,Certified
EZYV20238,North America,Bachelor's,N,N,3002,2015,West,439.1963,Hour,Y,Denied
EZYV20513,Asia,Bachelor's,Y,N,3261,2006,Northeast,104060.84,Year,Y,Certified
EZYV13694,Africa,High School,Y,N,2031,1953,West,135522.68,Year,Y,Denied
EZYV17135,Europe,Bachelor's,N,Y,1666,1969,South,83448.65,Year,Y,Certified
EZYV19746,North America,Master's,Y,N,2472,1976,Midwest,56142.46,Year,Y,Certified
EZYV11552,Europe,Bachelor's,Y,N,2166,1954,Northeast,56970.61,Year,Y,Certified
EZYV21309,Asia,Bachelor's,N,N,1442,1999,West,49665.58,Year,Y,Certified
EZYV13098,Europe,Master's,Y,Y,3270,1996,West,76314.51,Year,Y,Certified
EZYV12420,Asia,High School,Y,N,2385,1985,Northeast,97834.38,Year,Y,Denied
EZYV9996,Asia,Bachelor's,N,N,2452,1946,Midwest,666.8553,Hour,Y,Denied
EZYV16396,North America,Master's,Y,N,2996,1993,South,604.1603,Hour,Y,Denied
EZYV14088,Asia,High School,N,Y,1382,1891,South,49694.33,Year,Y,Denied
EZYV9493,Asia,High School,N,N,4712,2006,Midwest,115844.98,Year,Y,Denied
EZYV2462,Europe,High School,N,N,3788,1980,South,29163.33,Year,Y,Certified
EZYV13968,Asia,Bachelor's,N,N,4654,1925,Northeast,111959.77,Year,Y,Denied
EZYV313,Asia,Bachelor's,N,N,1778,1983,South,100850.52,Year,Y,Certified
EZYV18208,North America,Bachelor's,N,N,3243,1963,Northeast,411.1979,Hour,Y,Denied
EZYV22827,Europe,Bachelor's,Y,N,124,1976,West,69977.64,Year,Y,Certified
EZYV16444,Asia,High School,Y,N,957,1999,South,46332.26,Year,Y,Certified
EZYV12019,North America,Master's,N,N,2025,2004,Midwest,10363.74,Year,Y,Denied
EZYV20540,Asia,Bachelor's,Y,N,128666,2011,Northeast,113208.82,Year,Y,Denied
EZYV17706,Asia,Master's,Y,N,2647,1981,Island,29112.44,Year,Y,Certified
EZYV458,Asia,Master's,Y,N,112102,1852,South,235339.91,Year,Y,Certified
EZYV21241,Asia,Bachelor's,N,N,873,1998,Northeast,90518.9,Year,Y,Certified
EZYV17870,Asia,High School,N,N,3270,1968,Midwest,27002.18,Year,Y,Certified
EZYV6273,Africa,Master's,Y,N,2409,1999,South,76838.51,Year,N,Certified
EZYV22141,Asia,High School,N,N,3287,1995,Northeast,58170.62,Year,Y,Certified
EZYV18648,Asia,Master's,Y,N,1756,1992,South,102.16,Hour,Y,Denied
EZYV9740,Asia,Bachelor's,Y,N,1836,1999,West,60855.83,Year,Y,Denied
EZYV8179,Asia,Master's,N,N,5206,2012,West,33416.25,Year,N,Certified
EZYV3618,Europe,Bachelor's,N,N,4999,2010,West,19234.84,Year,Y,Certified
EZYV2679,Asia,High School,N,N,3673,2009,South,65274.27,Year,Y,Denied
EZYV17343,Asia,Bachelor's,Y,N,579,1998,South,70828.14,Year,Y,Denied
EZYV17751,Europe,Master's,N,N,1898,2011,West,105185.29,Year,Y,Certified
EZYV19816,North America,Bachelor's,Y,N,1926,1984,West,86467.72,Year,Y,Denied
EZYV23031,Europe,Master's,N,N,498,1971,Midwest,148993.72,Year,Y,Certified
EZYV7673,Asia,Master's,N,Y,1489,1997,West,97188.83,Year,Y,Certified
EZYV16588,Asia,High School,N,N,2729,1986,South,886.646,Hour,Y,Denied
EZYV1095,Asia,Master's,N,N,2084,2007,Midwest,1959.97,Year,N,Certified
EZYV19966,Asia,Master's,N,N,1237,2005,Northeast,108101.53,Year,Y,Certified
EZYV18878,South America,Bachelor's,N,N,33552,1947,Northeast,734.3756,Hour,Y,Denied
EZYV17326,Europe,Master's,N,N,4538,1869,Northeast,21849.97,Year,Y,Certified
EZYV5781,Asia,Master's,N,N,2703,1994,Northeast,147518.38,Year,Y,Certified
EZYV10841,Asia,Bachelor's,N,N,2502,2005,Northeast,173363.71,Year,Y,Certified
EZYV7893,Europe,Bachelor's,N,Y,3850,1962,South,159383.68,Year,Y,Certified
EZYV21085,Asia,Bachelor's,Y,N,1821,2006,West,554.3551,Hour,Y,Denied
EZYV16034,Asia,Master's,Y,N,862,1975,Northeast,107429.7,Year,Y,Certified
EZYV878,Asia,Bachelor's,N,N,1858,1865,West,174.594,Hour,Y,Denied
EZYV17447,Asia,Master's,N,N,2357,2004,Northeast,89364.58,Year,Y,Certified
EZYV4623,Europe,Master's,N,N,597,1989,South,737.7488,Hour,Y,Certified
EZYV16259,Asia,Bachelor's,Y,N,1591,2001,Northeast,103304.99,Year,Y,Certified
EZYV22509,Asia,Bachelor's,N,N,2039,2001,South,142865.72,Year,Y,Denied
EZYV20588,Europe,High School,Y,N,456,2008,Midwest,156157.76,Year,Y,Denied
EZYV18260,Asia,Master's,N,N,1760,1984,South,129115.51,Year,N,Denied
EZYV12972,Asia,Bachelor's,N,Y,369,2006,South,40068.94,Year,Y,Certified
EZYV14827,Asia,Master's,N,N,3372,1999,Northeast,156225.89,Year,N,Denied
EZYV8257,North America,Bachelor's,Y,N,625,2006,West,88504.16,Year,Y,Certified
EZYV4941,Africa,Doctorate,N,N,991,1867,Northeast,74006.58,Year,Y,Certified
EZYV12675,Asia,Bachelor's,Y,N,2695,1988,Midwest,12893.99,Year,Y,Certified
EZYV10566,North America,Master's,Y,N,2389,1980,South,39287.11,Year,Y,Certified
EZYV11133,Asia,Master's,N,N,768,1997,Midwest,114093.07,Year,Y,Certified
EZYV6918,Asia,Bachelor's,Y,N,1631,2003,Northeast,46998.68,Year,Y,Certified
EZYV11271,Asia,Bachelor's,N,N,3963,1988,Northeast,72290.58,Year,N,Denied
EZYV14741,North America,High School,Y,N,1665,1968,West,57482.25,Year,Y,Denied
EZYV3639,Asia,Master's,N,N,1472,2006,Midwest,215525.05,Year,Y,Denied
EZYV1516,South America,Master's,N,N,2360,2009,Midwest,107464.31,Year,Y,Certified
EZYV1219,North America,Master's,N,N,3106,1975,West,87773.64,Year,N,Denied
EZYV11680,North America,Bachelor's,N,N,1692,1937,Northeast,110.51,Hour,Y,Certified
EZYV7887,Europe,Doctorate,Y,N,4781,1878,Northeast,10260.53,Year,Y,Certified
EZYV13046,Europe,Bachelor's,Y,N,607,1991,Northeast,105260.25,Year,Y,Certified
EZYV8490,North America,Bachelor's,Y,N,812,1998,West,65665.55,Year,N,Certified
EZYV24013,Europe,Master's,N,N,1179,2004,Midwest,83934.65,Week,Y,Certified
EZYV14810,Asia,Master's,Y,N,1302,1973,Northeast,68394.95,Year,Y,Certified
EZYV2892,Asia,Bachelor's,N,N,1626,1967,Northeast,171486.21,Year,Y,Denied
EZYV22958,North America,High School,N,N,845,1999,Northeast,38091.39,Year,Y,Denied
EZYV13876,Asia,Master's,Y,N,5107,1998,Northeast,38609.07,Year,Y,Certified
EZYV22523,North America,Master's,N,Y,208,2006,South,81873.76,Year,Y,Certified
EZYV23665,Europe,Bachelor's,Y,N,3598,2000,Northeast,49778.69,Year,Y,Certified
EZYV21602,Asia,Bachelor's,N,N,72079,1991,South,100617.24,Year,Y,Certified
EZYV14872,Europe,Bachelor's,N,Y,2005,1979,Northeast,131375.82,Year,Y,Denied
EZYV20224,Asia,Master's,N,N,1392,2013,South,175816.24,Year,N,Denied
EZYV22978,Asia,Bachelor's,Y,Y,3409,2005,West,105328.86,Year,Y,Certified
EZYV8552,Asia,Master's,Y,Y,10865,2002,South,54801.17,Year,Y,Certified
EZYV11665,Europe,Master's,N,N,2984,2004,West,105433.14,Year,Y,Certified
EZYV14621,North America,Master's,Y,N,2782,1865,South,999.1929,Hour,Y,Certified
EZYV9715,Asia,Bachelor's,N,N,3648,1976,West,19434.04,Year,Y,Denied
EZYV18801,Asia,Master's,N,N,811,1997,West,77422.56,Year,Y,Denied
EZYV3074,Asia,Bachelor's,N,N,4413,2006,Northeast,7901.53,Year,Y,Denied
EZYV10681,Asia,Bachelor's,Y,N,2193,2010,Midwest,230919.67,Year,Y,Certified
EZYV12130,North America,Master's,N,N,893,2010,Midwest,36285.72,Year,Y,Certified
EZYV14499,Asia,Master's,Y,N,1018,2006,West,134897.62,Year,Y,Certified
EZYV11923,Asia,Bachelor's,Y,N,674,1999,West,43987.5,Year,Y,Denied
EZYV3459,Asia,Master's,N,N,418,2000,Northeast,133220.07,Year,N,Denied
EZYV16828,Asia,Master's,N,N,582,1991,Northeast,120471.3,Year,Y,Certified
EZYV16312,Europe,Doctorate,Y,N,3246,1999,West,101881.22,Year,Y,Denied
EZYV17853,Europe,Bachelor's,N,N,4558,1907,Northeast,34615.65,Year,Y,Denied
EZYV18842,Asia,High School,N,Y,338,2000,West,88934.73,Year,Y,Denied
EZYV12636,Europe,Bachelor's,Y,N,1923,2005,Northeast,4612.08,Year,Y,Certified
EZYV23651,Asia,Master's,Y,N,677,1998,West,81681.46,Year,Y,Denied
EZYV580,North America,Master's,Y,N,1097,2005,Northeast,44040.11,Year,Y,Certified
EZYV13055,South America,Master's,Y,N,1680,1999,West,37709.63,Year,Y,Denied
EZYV18399,Asia,Bachelor's,Y,N,1354,1977,West,137296.22,Year,Y,Denied
EZYV5897,Asia,Master's,Y,N,3832,1996,Northeast,77610.73,Year,Y,Certified
EZYV18011,South America,Bachelor's,N,Y,1022,2010,South,709.1091,Hour,Y,Certified
EZYV22901,Asia,Bachelor's,N,Y,1708,1989,West,65097.53,Year,Y,Certified
EZYV1699,Asia,Master's,Y,N,736,1889,Midwest,600.4991,Hour,Y,Certified
EZYV7082,Asia,Doctorate,N,N,1024,2007,West,104718.09,Year,Y,Certified
EZYV1653,Asia,Master's,N,N,29948,1972,West,118840.44,Year,N,Denied
EZYV9181,Asia,Master's,Y,N,2114,1996,West,5224.21,Year,Y,Certified
EZYV627,Europe,Bachelor's,N,N,2626,1972,South,144090.19,Year,Y,Certified
EZYV21533,Asia,Bachelor's,N,N,55812,1971,South,659.7978,Hour,Y,Denied
EZYV4612,Asia,Master's,Y,N,4513,1877,West,94135.92,Year,Y,Certified
EZYV2189,Asia,Master's,Y,N,5072,1975,West,15260.08,Year,Y,Certified
EZYV11298,North America,Bachelor's,N,N,3581,2009,West,8431.26,Year,Y,Certified
EZYV20844,Asia,High School,N,N,2099,2004,Midwest,74775.68,Year,Y,Certified
EZYV5249,North America,Bachelor's,Y,N,3940,2001,Northeast,17079.93,Year,Y,Certified
EZYV2455,Asia,Bachelor's,Y,N,1780,1980,Northeast,60036.18,Year,Y,Certified
EZYV448,Africa,Bachelor's,Y,N,255,2004,Northeast,122859.37,Year,Y,Certified
EZYV921,Asia,Master's,Y,N,3641,2001,West,37505.26,Year,Y,Certified
EZYV5152,Europe,Master's,N,N,1082,2010,West,71090.85,Year,Y,Certified
EZYV3120,Europe,Doctorate,Y,N,2374,2010,Northeast,131377.15,Year,Y,Certified
EZYV21364,Asia,Master's,Y,Y,1108,1903,Northeast,85314.64,Year,Y,Certified
EZYV18969,Asia,Bachelor's,Y,N,870,2000,Northeast,95295.96,Year,Y,Certified
EZYV23805,Asia,Bachelor's,N,N,859,2005,Island,107.43,Hour,Y,Certified
EZYV2776,Asia,Master's,Y,N,5100,2005,South,19200.3,Year,Y,Certified
EZYV13785,Asia,Master's,N,N,1714,1820,South,558.3664,Hour,Y,Certified
EZYV17037,Africa,High School,Y,N,490,2008,West,51092.41,Year,Y,Denied
EZYV9523,Asia,Bachelor's,Y,N,1807,1992,West,145695.83,Year,Y,Certified
EZYV13983,Asia,Bachelor's,Y,N,2057,2011,West,102343.21,Year,Y,Certified
EZYV10494,Asia,Master's,N,N,5157,1999,West,115910.18,Year,Y,Certified
EZYV23114,Asia,High School,Y,N,3008,2000,West,82661.35,Year,Y,Certified
EZYV18233,Europe,Bachelor's,N,N,892,1988,West,14765.37,Year,Y,Certified
EZYV13292,Asia,Bachelor's,Y,N,3936,2005,Northeast,72002.31,Year,Y,Certified
EZYV8776,Asia,Bachelor's,Y,N,1732,1999,West,75906.47,Year,Y,Certified
EZYV5136,North America,Master's,N,N,5419,2006,West,73062.29,Year,N,Certified
EZYV22217,Asia,Master's,N,N,729,2004,Northeast,67511.69,Year,Y,Denied
EZYV7199,Asia,Master's,N,N,2813,1875,South,139660.26,Year,Y,Certified
EZYV22773,North America,High School,N,N,1198,1986,West,67953.82,Year,Y,Certified
EZYV821,South America,Master's,Y,N,5953,2009,Northeast,171890.05,Year,Y,Certified
EZYV23962,Europe,Master's,N,N,2176,1965,West,111777.23,Year,Y,Certified
EZYV8998,Asia,Bachelor's,Y,N,4335,1990,Northeast,67492.0,Year,Y,Certified
EZYV13828,Asia,High School,Y,N,335,1855,Northeast,82342.71,Year,Y,Denied
EZYV9752,Asia,Bachelor's,Y,N,1318,2006,South,103948.6,Year,N,Certified
EZYV39,Asia,Bachelor's,Y,Y,2206,1909,Northeast,50960.01,Year,Y,Certified
EZYV19292,Asia,High School,N,N,1291,2002,Midwest,87641.22,Year,Y,Certified
EZYV6295,Asia,High School,Y,N,993,2013,South,105445.2,Year,Y,Denied
EZYV17595,Asia,Master's,N,N,1115,1999,Midwest,281344.22,Year,Y,Certified
EZYV16314,Asia,Master's,Y,N,3556,1987,Northeast,25436.75,Year,Y,Certified
EZYV759,Europe,Doctorate,Y,N,1583,2004,West,170788.78,Year,Y,Certified
EZYV20025,South America,High School,N,Y,1111,2000,West,182534.13,Year,Y,Certified
EZYV18519,Asia,Bachelor's,Y,N,183,1939,South,114845.56,Year,N,Certified
EZYV18367,Asia,Bachelor's,N,N,3011,2001,Northeast,62170.82,Year,N,Denied
EZYV21603,Asia,Bachelor's,Y,N,2440,2001,Northeast,88497.66,Year,Y,Certified
EZYV3625,Asia,Bachelor's,Y,N,446,1954,Northeast,106467.33,Year,Y,Certified
EZYV5283,Asia,Bachelor's,N,N,3283,1999,West,90992.01,Year,Y,Certified
EZYV18462,Asia,Bachelor's,Y,N,1604,1957,West,105.24,Hour,Y,Certified
EZYV15571,Asia,High School,Y,N,1888,2003,Midwest,127517.18,Year,Y,Denied
EZYV3303,Asia,Master's,Y,N,2462,2011,South,92962.2,Year,Y,Certified
EZYV15870,North America,Bachelor's,N,N,1891,1847,South,11722.23,Month,Y,Denied
EZYV16640,Asia,Bachelor's,N,Y,1777,1994,West,74825.13,Year,Y,Certified
EZYV23725,Asia,Bachelor's,N,N,2381,2005,South,86316.44,Year,Y,Denied
EZYV21803,Oceania,Bachelor's,Y,N,4624,2012,South,86081.68,Year,Y,Denied
EZYV9329,Asia,Master's,Y,N,3338,2003,Northeast,107608.28,Year,Y,Certified
EZYV20016,Asia,Bachelor's,Y,N,1907,1997,South,29910.13,Year,Y,Denied
EZYV16503,Asia,Bachelor's,N,N,4491,1994,South,68072.52,Year,N,Certified
EZYV18212,North America,Master's,Y,N,3665,1968,South,69620.49,Year,Y,Certified
EZYV17403,Asia,Master's,N,Y,2323,2001,West,130876.09,Year,Y,Denied
EZYV14556,Asia,Bachelor's,Y,N,891,1996,South,156784.02,Year,Y,Certified
EZYV7806,Asia,Bachelor's,N,N,1294,1993,Northeast,87621.74,Year,Y,Denied
EZYV20558,Asia,Bachelor's,Y,N,317,1988,West,100054.49,Year,Y,Denied
EZYV11463,Asia,High School,Y,Y,3755,2011,Northeast,72124.54,Year,Y,Denied
EZYV6182,Asia,Bachelor's,Y,N,309,2006,South,20891.87,Year,Y,Certified
EZYV8727,Asia,Master's,Y,N,1517,1989,South,77249.13,Year,Y,Certified
EZYV8550,Europe,Master's,Y,N,857,2006,South,72161.02,Year,Y,Certified
EZYV21177,North America,High School,N,N,4538,2004,Island,46499.75,Year,Y,Certified
EZYV23835,Asia,Bachelor's,N,N,2246,2011,South,79391.31,Year,Y,Certified
EZYV9847,Asia,Bachelor's,N,N,589,1999,South,122716.68,Year,Y,Certified
EZYV20301,Asia,Bachelor's,Y,N,1831,1992,South,42794.33,Year,Y,Denied
EZYV24254,Asia,Master's,Y,N,95,2004,Midwest,97304.37,Year,Y,Certified
EZYV19826,Africa,Master's,Y,N,1054,1960,Midwest,99864.15,Year,Y,Certified
EZYV13296,Asia,Master's,N,N,838,1998,Midwest,80798.12,Year,Y,Denied
EZYV3999,Asia,Bachelor's,Y,N,1988,2005,Midwest,2460.33,Year,Y,Certified
EZYV10829,Europe,Master's,Y,N,2936,1998,Northeast,46086.74,Year,Y,Certified
EZYV953,Asia,Master's,N,N,866,1898,Midwest,174812.84,Year,Y,Certified
EZYV23372,Asia,Master's,N,N,61,1928,West,57988.21,Year,Y,Denied
EZYV15246,Asia,Bachelor's,Y,N,875,1984,Midwest,74411.63,Year,Y,Certified
EZYV847,Asia,Master's,N,Y,2610,1972,South,105748.83,Year,Y,Certified
EZYV674,Asia,Master's,N,N,1318,1989,Northeast,59665.28,Year,Y,Denied
EZYV3148,South America,Bachelor's,N,Y,614,2008,South,118790.95,Year,Y,Denied
EZYV11195,Asia,Master's,Y,N,1980,1995,South,63845.36,Year,Y,Certified
EZYV12532,Asia,Master's,Y,N,3224,2003,Northeast,131557.74,Year,Y,Certified
EZYV21081,Asia,Master's,N,N,216,2003,Northeast,92660.44,Year,N,Certified
EZYV15604,Asia,Bachelor's,Y,N,2790,1998,South,92894.45,Year,N,Denied
EZYV9537,North America,Master's,N,N,191,2001,South,34.5971,Hour,Y,Denied
EZYV13045,Europe,Bachelor's,N,Y,22576,1909,West,172291.41,Year,N,Denied
EZYV2983,Asia,High School,N,N,1048,2005,Midwest,114298.11,Year,Y,Denied
EZYV10531,Asia,Bachelor's,Y,N,3013,1924,Northeast,9225.26,Year,N,Denied
EZYV20080,Africa,Master's,Y,Y,298,2013,South,52180.17,Year,Y,Certified
EZYV25245,Asia,Bachelor's,Y,N,406,2007,South,128289.76,Year,Y,Certified
EZYV6902,Asia,Master's,Y,N,1047,2000,West,100988.51,Year,N,Certified
EZYV5707,Asia,High School,Y,N,1336,1902,Midwest,69003.24,Year,Y,Denied
EZYV11793,Asia,Master's,Y,N,463,1985,Northeast,234755.9,Year,N,Certified
EZYV19059,Asia,Bachelor's,Y,N,169,1969,West,107696.5,Year,Y,Certified
EZYV8313,North America,Master's,Y,N,905,1885,South,168.62,Hour,Y,Certified
EZYV13721,Asia,High School,N,N,891,1801,Midwest,49277.5,Year,Y,Denied
EZYV21697,South America,Master's,Y,N,3260,1817,West,112.86,Hour,Y,Certified
EZYV4689,Asia,Master's,Y,N,946,1998,Northeast,141.51,Hour,Y,Certified
EZYV18515,Africa,Bachelor's,N,N,3257,1969,South,106445.7,Week,Y,Denied
EZYV23465,Asia,Master's,N,N,350,1928,Midwest,116829.69,Year,Y,Certified
EZYV14486,Asia,Bachelor's,Y,N,791,2010,Northeast,100524.58,Year,Y,Denied
EZYV6751,Asia,High School,N,N,2541,1850,West,920.7578,Hour,Y,Denied
EZYV12902,Asia,Master's,N,N,2712,2013,Northeast,121382.77,Year,N,Certified
EZYV21195,North America,Master's,Y,N,1097,1855,South,37986.57,Year,N,Denied
EZYV24776,Asia,Master's,N,Y,3255,1976,Northeast,31612.51,Year,Y,Denied
EZYV22899,Asia,Bachelor's,Y,N,1160,1992,South,103456.12,Year,Y,Certified
EZYV12703,Europe,Bachelor's,N,Y,971,1987,Midwest,71752.85,Year,Y,Denied
EZYV6474,Asia,High School,Y,N,2022,1999,Northeast,108362.96,Year,Y,Denied
EZYV21542,Asia,Bachelor's,Y,N,1335,2001,Midwest,6378.84,Year,Y,Certified
EZYV8070,Asia,Master's,N,N,5664,2008,South,44452.11,Year,Y,Certified
EZYV24833,Asia,Doctorate,Y,N,1989,2007,Northeast,104344.88,Year,Y,Certified
EZYV15993,Asia,High School,N,N,2976,1986,Midwest,9745.9,Year,Y,Certified
EZYV19820,Africa,Bachelor's,Y,N,4076,2014,West,10115.2,Year,Y,Certified
EZYV23425,Asia,Bachelor's,Y,N,1221,1992,South,8779.78,Year,Y,Denied
EZYV552,Asia,Doctorate,N,N,2956,2003,South,262189.0,Year,N,Certified
EZYV1380,Asia,Bachelor's,N,N,644,1947,Northeast,36997.16,Year,Y,Denied
EZYV285,Asia,Bachelor's,Y,N,1932,1989,South,165.2722,Hour,Y,Certified
EZYV24996,Asia,Bachelor's,N,N,2521,2014,South,186679.78,Year,Y,Certified
EZYV5806,North America,Master's,Y,N,3302,2013,Midwest,52196.73,Year,Y,Certified
EZYV25079,Asia,Master's,Y,N,2095,1898,Northeast,68699.86,Year,N,Certified
EZYV7473,Asia,Master's,N,Y,3724,1877,South,118355.08,Year,Y,Certified
EZYV10191,Asia,Bachelor's,Y,N,5088,2008,South,43892.41,Year,Y,Certified
EZYV21172,Asia,Master's,Y,N,2495,2001,Northeast,16605.21,Year,N,Certified
EZYV13695,Asia,Bachelor's,N,N,2301,1885,Northeast,31652.59,Year,Y,Denied
EZYV6158,Europe,Bachelor's,Y,N,1326,1987,West,27711.53,Year,Y,Denied
EZYV11010,Asia,Bachelor's,Y,N,206,1985,Northeast,57772.86,Year,Y,Denied
EZYV17053,Asia,Master's,N,N,866,2004,Midwest,100221.78,Year,Y,Denied
EZYV10489,North America,High School,Y,N,1565,2004,Northeast,55193.04,Year,Y,Denied
EZYV22592,North America,Master's,N,N,1506,1989,Northeast,93270.65,Year,Y,Certified
EZYV20057,Asia,Master's,Y,N,26784,2010,West,106077.65,Year,N,Certified
EZYV8448,Europe,Bachelor's,N,N,4554,1994,West,23080.22,Year,Y,Certified
EZYV1863,South America,Master's,Y,N,5572,2003,South,49950.2,Year,Y,Certified
EZYV6594,Asia,Master's,N,N,2869,1997,Midwest,80778.53,Year,Y,Certified
EZYV8784,Africa,Bachelor's,Y,N,2842,1981,Island,260321.86,Year,N,Denied
EZYV7287,Europe,High School,Y,N,1272,2010,West,36504.7,Year,Y,Denied
EZYV14198,Asia,Bachelor's,N,N,1406,1990,Northeast,567.0616,Hour,Y,Certified
EZYV1755,Asia,Bachelor's,Y,N,5222,1998,South,57839.98,Year,Y,Certified
EZYV3896,South America,Bachelor's,N,Y,687,1912,West,126194.09,Year,N,Denied
EZYV6784,Asia,Master's,N,N,1377,1984,Northeast,57814.38,Year,Y,Certified
EZYV21045,Asia,Master's,N,N,3689,2009,South,13368.33,Year,N,Certified
EZYV25229,Asia,Doctorate,Y,N,1892,1989,South,59301.16,Year,Y,Certified
EZYV6546,Asia,High School,Y,N,792,1974,Midwest,70814.82,Year,Y,Denied
EZYV23335,Africa,High School,Y,N,1187,1906,Midwest,34124.31,Year,Y,Certified
EZYV6947,Asia,Doctorate,Y,Y,862,1885,West,85003.77,Year,Y,Certified
EZYV22293,Europe,Bachelor's,Y,Y,1461,1999,Midwest,41931.78,Year,Y,Certified
EZYV20622,Europe,Master's,Y,N,521,1994,West,57188.54,Year,Y,Certified
EZYV11482,Asia,Master's,Y,N,1454,2013,Midwest,137109.86,Year,Y,Certified
EZYV18428,Asia,Bachelor's,Y,N,145,1986,South,220.9686,Hour,Y,Denied
EZYV15205,Asia,Master's,Y,N,2408,2001,Midwest,88841.05,Year,Y,Certified
EZYV18647,North America,Bachelor's,N,N,1946,1820,South,60010.19,Year,N,Certified
EZYV20514,North America,Doctorate,Y,N,2177,1993,West,10327.68,Year,Y,Certified
EZYV24720,Asia,Bachelor's,Y,N,3074,1977,South,82099.8,Year,Y,Certified
EZYV16238,Africa,High School,Y,N,2346,2003,Midwest,44785.81,Year,Y,Certified
EZYV12931,Asia,Bachelor's,N,N,584,1975,South,119263.47,Year,Y,Certified
EZYV15070,Asia,Bachelor's,N,N,2190,1978,South,96577.88,Year,Y,Certified
EZYV25154,Asia,High School,Y,N,2139,1969,Midwest,101238.66,Year,Y,Certified
EZYV11076,Asia,Bachelor's,Y,N,4436,2003,Midwest,111.74,Hour,Y,Denied
EZYV9232,Asia,High School,Y,N,1270,2005,Northeast,470.6299,Hour,Y,Denied
EZYV24564,North America,High School,N,N,812,2007,South,725.9292,Hour,Y,Certified
EZYV25469,Asia,Bachelor's,N,N,373,2005,Midwest,272715.74,Year,N,Certified
EZYV17805,Asia,Master's,Y,N,1533,1968,Northeast,59946.02,Year,Y,Certified
EZYV15266,Asia,Bachelor's,N,N,3154,2001,West,300.0063,Hour,Y,Denied
EZYV6416,North America,Master's,Y,N,768,1872,Northeast,110134.18,Year,Y,Certified
EZYV10394,Asia,Master's,Y,N,2099,2006,South,64384.54,Year,Y,Certified
EZYV22868,Asia,Bachelor's,Y,N,5280,2005,Northeast,55550.88,Year,Y,Certified
EZYV8453,Europe,Bachelor's,Y,Y,2004,1839,West,59506.35,Year,Y,Certified
EZYV12198,Asia,Master's,N,N,3058,1995,West,29279.24,Year,Y,Denied
EZYV9707,North America,Bachelor's,Y,N,1002,1997,Midwest,93871.67,Year,Y,Certified
EZYV2558,Asia,Master's,Y,N,4777,1998,Island,7713.07,Year,Y,Certified
EZYV3733,Asia,Bachelor's,N,N,2934,1989,West,35457.24,Year,Y,Denied
EZYV11457,South America,Bachelor's,N,N,418,1997,West,621.3853,Hour,Y,Denied
EZYV263,Asia,Bachelor's,Y,N,230,1925,Midwest,143628.65,Year,Y,Certified
EZYV6682,Europe,Doctorate,Y,N,2094,1996,Midwest,40865.66,Year,Y,Certified
EZYV17328,Asia,Doctorate,N,Y,877,1992,Northeast,20793.93,Year,Y,Certified
EZYV18062,Asia,Bachelor's,N,N,324,1997,Midwest,63045.57,Year,Y,Denied
EZYV7468,Europe,Master's,N,N,3565,1985,West,58332.48,Year,Y,Certified
EZYV6170,Asia,Bachelor's,Y,N,4574,2007,South,52293.36,Year,Y,Certified
EZYV4298,North America,Master's,N,N,1588,2009,Northeast,157353.37,Year,N,Denied
EZYV5509,Europe,Bachelor's,N,N,1509,1948,West,82119.44,Year,Y,Certified
EZYV23089,North America,Master's,Y,N,49,1963,Northeast,206.1632,Hour,Y,Denied
EZYV23169,Asia,Bachelor's,N,N,3417,2014,Midwest,36967.13,Year,Y,Certified
EZYV12626,Europe,High School,Y,N,268819,1887,South,50872.25,Year,Y,Denied
EZYV8733,North America,Bachelor's,N,N,573,1995,Northeast,123.0441,Hour,Y,Denied
EZYV17486,Asia,High School,Y,N,221,2001,Midwest,163808.33,Year,Y,Certified
EZYV9633,North America,High School,N,N,53,1966,West,618.2058,Hour,Y,Denied
EZYV16112,Asia,Bachelor's,N,Y,2049,2003,South,15868.6,Year,Y,Denied
EZYV24661,Asia,High School,Y,N,5104,1929,Northeast,181395.63,Year,Y,Certified
EZYV6014,Asia,Master's,Y,N,2357,2013,West,39186.43,Year,Y,Certified
EZYV3924,South America,Bachelor's,N,N,3366,1985,Northeast,115901.95,Year,Y,Denied
EZYV25133,Asia,Bachelor's,Y,N,489,1934,Midwest,99576.31,Year,N,Denied
EZYV21986,Asia,Master's,N,Y,4794,2003,West,120898.37,Year,Y,Certified
EZYV14036,Asia,Bachelor's,Y,N,588,2001,South,93330.77,Year,N,Certified
EZYV17566,Asia,High School,N,N,4011,2005,Midwest,85140.32,Year,Y,Certified
EZYV15523,Asia,Bachelor's,Y,N,13114,1912,South,81938.82,Year,Y,Certified
EZYV1031,Asia,Bachelor's,Y,N,1900,1993,South,231.1253,Hour,Y,Certified
EZYV23227,Asia,Bachelor's,Y,N,2201,1979,West,100.95,Hour,Y,Denied
EZYV19006,Asia,Bachelor's,Y,N,2316,2010,South,114369.66,Year,Y,Certified
EZYV9409,Asia,Master's,Y,N,1452,1962,West,131032.99,Year,Y,Certified
EZYV543,Asia,Master's,N,N,3736,2001,Northeast,90951.06,Year,Y,Denied
EZYV9253,Europe,Bachelor's,Y,N,2887,2002,West,2952.08,Year,Y,Certified
EZYV15902,Asia,Master's,Y,N,1720,2006,Midwest,141997.63,Year,Y,Certified
EZYV16408,Europe,Doctorate,N,Y,50,2001,South,73978.37,Year,Y,Certified
EZYV7059,Europe,Doctorate,Y,N,515,1962,West,150178.15,Year,Y,Certified
EZYV7581,Asia,Master's,Y,N,2113,1838,Midwest,273774.05,Year,Y,Certified
EZYV2535,Asia,Bachelor's,N,N,2975,2012,Northeast,113609.51,Month,Y,Denied
EZYV9998,Asia,Bachelor's,Y,N,1273,1923,Northeast,46124.79,Year,Y,Denied
EZYV23059,Asia,Master's,N,N,550,2004,Midwest,91584.9,Year,Y,Certified
EZYV16201,North America,Bachelor's,Y,Y,2243,1853,West,34482.61,Year,Y,Certified
EZYV1352,South America,Master's,Y,N,1060,1994,Midwest,61134.94,Year,Y,Certified
EZYV11158,Asia,Master's,N,N,171,2014,Northeast,591.2167,Hour,Y,Denied
EZYV13380,Asia,High School,Y,N,2280,1948,Midwest,90909.14,Year,Y,Denied
EZYV14654,Asia,High School,Y,N,882,1996,South,40855.37,Year,Y,Denied
EZYV1000,Europe,Doctorate,N,Y,115,1965,South,48947.85,Year,Y,Certified
EZYV19061,North America,Bachelor's,Y,N,1080,1817,South,63705.56,Year,Y,Denied
EZYV3151,North America,Master's,Y,N,2405,2010,Midwest,147314.23,Year,Y,Certified
EZYV9367,Asia,Bachelor's,Y,N,3022,2009,West,45696.64,Year,Y,Certified
EZYV2832,Europe,Master's,Y,N,2317,1994,South,69079.84,Year,Y,Certified
EZYV24483,North America,Master's,Y,Y,28098,2008,South,176127.02,Year,Y,Certified
EZYV18054,Asia,Bachelor's,N,N,4590,1998,Northeast,77988.29,Year,Y,Denied
EZYV4613,Asia,Master's,Y,N,2381,1984,Northeast,8173.03,Year,Y,Certified
EZYV8875,Asia,Master's,Y,N,1608,2012,South,184611.76,Year,N,Certified
EZYV15478,Asia,Bachelor's,Y,N,41,1962,South,64700.77,Year,N,Certified
EZYV21546,Asia,Master's,Y,N,708,2003,West,48451.96,Year,Y,Denied
EZYV24929,Asia,Bachelor's,N,N,2613,1995,West,76517.69,Year,Y,Denied
EZYV4912,Asia,Master's,Y,Y,586,2010,South,64878.61,Year,Y,Certified
EZYV15480,South America,Master's,Y,N,1748,2007,Northeast,80924.51,Week,Y,Denied
EZYV22258,North America,Master's,Y,N,23932,2004,South,109485.08,Year,Y,Certified
EZYV13119,Asia,Bachelor's,N,N,2000,2004,Midwest,69632.9,Year,Y,Certified
EZYV21252,Asia,Bachelor's,N,N,494,2000,Northeast,6537.59,Year,Y,Certified
EZYV24858,North America,Bachelor's,N,N,2382,2006,West,38603.26,Year,Y,Denied
EZYV24772,Asia,Doctorate,Y,N,278,2005,Northeast,7864.36,Year,Y,Denied
EZYV786,Europe,High School,Y,N,1522,1982,Northeast,438.855,Hour,Y,Denied
EZYV4423,Asia,Bachelor's,Y,N,2363,2005,West,109080.56,Year,Y,Certified
EZYV1810,Asia,High School,N,N,3940,1917,South,300.9051,Hour,Y,Certified
EZYV12657,Asia,Master's,Y,N,1321,1984,Northeast,92590.15,Year,Y,Certified
EZYV1253,Asia,High School,Y,N,18041,1973,Midwest,127965.87,Year,Y,Certified
EZYV1721,Asia,Bachelor's,Y,N,105,2005,Northeast,109866.71,Year,Y,Certified
EZYV22735,Asia,Master's,N,N,2523,2014,Midwest,121268.28,Year,Y,Certified
EZYV16483,Asia,High School,N,N,4089,1804,Midwest,80098.41,Year,Y,Certified
EZYV24185,Asia,Master's,N,Y,1542,2013,Northeast,74636.09,Year,Y,Certified
EZYV11081,Africa,Doctorate,Y,N,2004,1913,Island,32638.49,Year,Y,Certified
EZYV2424,Asia,Master's,Y,N,1814,2000,Northeast,31139.14,Year,Y,Certified
EZYV25206,Asia,Master's,Y,N,30637,1970,Midwest,80867.15,Year,Y,Certified
EZYV2291,Asia,Master's,N,N,1853,1926,Northeast,143969.47,Year,N,Denied
EZYV7832,Asia,Doctorate,N,Y,319,1968,Northeast,86152.52,Year,Y,Certified
EZYV2187,Europe,Bachelor's,N,Y,650,1872,Northeast,54744.92,Year,Y,Certified
EZYV17401,North America,Master's,Y,N,5011,1969,Midwest,35299.53,Year,Y,Certified
EZYV11983,Asia,Master's,Y,N,5129,1995,Northeast,19746.37,Year,Y,Certified
EZYV15420,Asia,Master's,Y,N,2513,1997,South,142089.8,Year,N,Certified
EZYV18616,Asia,Master's,Y,N,2687,2011,South,89749.62,Year,Y,Certified
EZYV14633,Europe,Master's,N,N,1606,1902,Northeast,3078.91,Year,Y,Denied
EZYV14061,North America,Bachelor's,N,N,58950,1988,South,789.4758,Hour,Y,Certified
EZYV12416,Asia,Bachelor's,N,Y,1955,1965,South,82918.13,Year,Y,Certified
EZYV9155,Europe,Doctorate,N,N,1281,2004,South,16448.89,Year,Y,Certified
EZYV1760,Asia,Master's,N,Y,4299,1893,Midwest,98011.58,Year,Y,Certified
EZYV9819,Asia,Master's,N,N,915,1885,Midwest,67729.96,Year,Y,Certified
EZYV20151,Europe,High School,Y,N,1389,1991,West,50472.49,Year,Y,Certified
EZYV7417,North America,Bachelor's,Y,N,1398,1993,South,401.5855,Hour,Y,Denied
EZYV24372,Asia,Master's,N,N,2052,1999,South,547.4243,Hour,Y,Denied
EZYV23971,Asia,High School,Y,N,1060,1956,South,211092.9,Year,N,Certified
EZYV10017,Asia,Master's,Y,N,9255,1997,South,132004.47,Year,Y,Certified
EZYV22498,Asia,Master's,Y,N,14887,1821,West,2523.53,Year,Y,Certified
EZYV2141,Asia,Bachelor's,N,N,20124,2002,Northeast,56844.76,Year,Y,Denied
EZYV23083,Asia,Bachelor's,Y,N,1110,1993,South,138025.08,Year,Y,Denied
EZYV22815,Europe,Bachelor's,Y,N,5841,2006,South,77296.59,Year,N,Certified
EZYV19381,Asia,Bachelor's,Y,N,1435,1997,South,16461.54,Year,Y,Certified
EZYV6055,Asia,Bachelor's,Y,N,106940,2007,South,90143.39,Year,N,Certified
EZYV11175,Europe,High School,Y,N,838,1901,South,110435.59,Year,Y,Denied
EZYV10884,Asia,High School,N,N,2370,2003,South,7557.62,Year,N,Denied
EZYV14278,Asia,Bachelor's,Y,Y,28,1989,Northeast,101731.06,Year,Y,Certified
EZYV4705,Europe,Bachelor's,N,N,4462,1873,West,66208.54,Year,Y,Certified
EZYV3083,Europe,Bachelor's,N,N,3605,2006,West,120965.82,Year,Y,Certified
EZYV14919,Asia,Master's,Y,N,1281,2008,Midwest,42851.38,Year,Y,Certified
EZYV23551,Europe,Bachelor's,Y,Y,1367,1997,South,106455.88,Year,Y,Certified
EZYV21344,Europe,Bachelor's,N,Y,624,2007,South,36739.43,Year,Y,Certified
EZYV21269,North America,Bachelor's,N,N,3176,1997,South,121722.79,Year,Y,Certified
EZYV11079,Asia,High School,Y,N,214,2001,South,8358.68,Year,Y,Denied
EZYV22112,Asia,Bachelor's,N,N,19534,1975,Northeast,879.9837,Hour,Y,Certified
EZYV8338,Asia,Bachelor's,N,N,1042,2000,West,41821.55,Year,N,Denied
EZYV919,Asia,Doctorate,N,Y,643,2013,Northeast,83274.12,Year,Y,Denied
EZYV24395,Asia,Master's,N,N,1827,2010,South,871.1716,Hour,Y,Denied
EZYV24240,South America,High School,N,N,2053,2003,Northeast,611.1996,Hour,Y,Denied
EZYV17666,Asia,High School,Y,N,25091,2000,West,52565.45,Year,Y,Certified
EZYV2255,Oceania,Master's,N,N,3408,1966,Island,133534.18,Year,Y,Denied
EZYV10003,Asia,Bachelor's,Y,N,242,1993,West,206851.18,Year,Y,Denied
EZYV9501,South America,Bachelor's,Y,N,110,2010,West,110308.6,Year,Y,Denied
EZYV5330,Asia,Master's,Y,N,95849,1919,West,59802.43,Year,N,Certified
EZYV5690,Asia,Doctorate,Y,N,2080,1947,West,146591.09,Year,Y,Certified
EZYV16089,Asia,Master's,Y,N,2868,1994,Midwest,165081.08,Year,Y,Certified
EZYV11473,Asia,Bachelor's,Y,N,5902,2005,Midwest,105861.03,Year,Y,Certified
EZYV24540,North America,Bachelor's,N,N,1986,1939,West,109554.8,Year,Y,Certified
EZYV10742,North America,Bachelor's,N,N,27752,2012,Northeast,49474.81,Year,Y,Certified
EZYV7633,Asia,Bachelor's,Y,N,944,2003,Northeast,137297.29,Year,Y,Certified
EZYV13975,Asia,High School,Y,N,3376,1990,Midwest,24614.29,Year,Y,Denied
EZYV11591,Asia,Bachelor's,Y,N,83,1999,Midwest,99808.76,Year,Y,Denied
EZYV18664,Asia,Doctorate,Y,N,1480,1993,Northeast,102521.02,Year,Y,Certified
EZYV5930,Europe,Bachelor's,Y,Y,3361,2005,South,58292.96,Year,Y,Certified
EZYV3561,Europe,Doctorate,Y,N,19600,1979,Northeast,14714.66,Year,Y,Certified
EZYV12374,Asia,Bachelor's,Y,N,5921,2001,West,81479.72,Year,Y,Certified
EZYV16258,North America,Master's,Y,N,20938,1997,Midwest,114533.81,Year,Y,Certified
EZYV24968,Asia,Master's,N,N,669,1984,Midwest,160305.07,Year,N,Denied
EZYV14461,South America,Bachelor's,Y,N,4016,2001,South,72199.76,Year,Y,Certified
EZYV143,Asia,Master's,N,Y,545,1855,South,66324.69,Year,Y,Certified
EZYV14531,Asia,Bachelor's,Y,N,448,2006,West,112808.87,Year,Y,Certified
EZYV23103,Asia,Bachelor's,Y,Y,562,1929,West,145611.11,Year,Y,Certified
EZYV18932,Asia,Bachelor's,Y,N,2364,1988,South,122899.51,Year,Y,Certified
EZYV9725,Asia,Bachelor's,N,N,1462,2012,Northeast,71550.54,Year,N,Denied
EZYV7696,Asia,High School,Y,N,1827,2011,Northeast,74258.86,Year,Y,Denied
EZYV23511,Asia,High School,Y,N,1325,1809,Northeast,54654.66,Year,Y,Certified
EZYV11715,Asia,Master's,N,Y,2618,1995,South,30816.24,Year,Y,Certified
EZYV23991,North America,Master's,Y,N,191,1980,South,5027.44,Year,Y,Certified
EZYV17970,Asia,Bachelor's,Y,N,4573,2006,West,61084.99,Year,Y,Denied
EZYV4935,Asia,Bachelor's,Y,N,318,2007,South,126307.46,Year,Y,Certified
EZYV9163,Europe,Master's,N,N,108583,1886,Northeast,59438.61,Year,Y,Certified
EZYV9545,North America,Bachelor's,Y,N,1149,1959,Midwest,31305.41,Year,Y,Denied
EZYV6133,North America,Master's,Y,N,4931,1949,Northeast,64488.07,Year,Y,Denied
EZYV15991,Asia,Bachelor's,N,N,2071,2000,South,85704.56,Year,Y,Certified
EZYV606,Asia,Master's,N,N,1176,1969,Northeast,39917.2,Year,Y,Denied
EZYV24226,Asia,Master's,Y,N,913,1838,Midwest,428.4407,Hour,Y,Denied
EZYV8949,Europe,Bachelor's,Y,Y,202,1999,South,109356.35,Year,Y,Certified
EZYV8331,Asia,Master's,N,N,2103,1984,South,115935.05,Year,N,Certified
EZYV165,Asia,Master's,Y,N,2640,2009,West,47095.57,Year,Y,Certified
EZYV8454,Asia,Bachelor's,Y,N,3623,2008,Northeast,82586.45,Year,Y,Denied
EZYV9038,North America,Doctorate,Y,N,3039,1999,South,34996.2,Year,Y,Certified
EZYV19438,North America,Doctorate,Y,N,2550,1999,West,84.1165,Hour,Y,Denied
EZYV23909,Europe,Doctorate,N,N,113761,1988,West,44120.6,Year,Y,Certified
EZYV16969,Asia,Master's,N,N,2389,1988,South,380.5972,Hour,Y,Denied
EZYV3856,Africa,Master's,Y,N,3617,1997,South,37940.78,Year,Y,Certified
EZYV3737,Africa,Bachelor's,N,N,5444,1994,Northeast,49475.13,Year,Y,Denied
EZYV2380,Oceania,Master's,Y,N,189,2013,Midwest,255.91,Hour,Y,Certified
EZYV13497,Europe,Master's,Y,Y,981,2011,South,409.3362,Hour,Y,Denied
EZYV21381,Asia,Bachelor's,N,N,1529,1919,South,22883.31,Year,Y,Certified
EZYV14851,Asia,Bachelor's,N,Y,7105,2004,South,60238.63,Year,Y,Certified
EZYV20339,Asia,Bachelor's,N,N,3345,2003,South,71682.17,Year,Y,Denied
EZYV16005,North America,Master's,Y,N,2183,1948,South,4293.28,Year,Y,Certified
EZYV100,Asia,Master's,N,N,107535,1970,West,159645.51,Year,Y,Denied
EZYV4464,Asia,Bachelor's,N,N,2528,1998,Island,97321.02,Year,N,Denied
EZYV24630,Asia,Doctorate,Y,Y,4427,1985,South,81192.85,Year,Y,Certified
EZYV18630,Asia,Bachelor's,Y,N,3509,2010,South,68720.68,Year,Y,Certified
EZYV5900,Europe,High School,N,N,566,1994,South,436.5722,Hour,Y,Denied
EZYV24815,North America,Master's,Y,N,3813,2004,West,220664.53,Year,N,Certified
EZYV17497,Asia,Master's,N,N,81,1968,South,144540.37,Year,Y,Certified
EZYV8446,Asia,Master's,N,Y,1946,2004,Northeast,130099.37,Year,Y,Certified
EZYV9118,Asia,Bachelor's,Y,N,453,1947,West,90124.25,Year,Y,Certified
EZYV24170,Asia,Bachelor's,Y,N,1114,2006,Island,129300.86,Year,N,Denied
EZYV22731,Asia,Bachelor's,N,N,795,2005,Midwest,15735.86,Year,Y,Certified
EZYV2173,Europe,Bachelor's,N,Y,69276,2006,Northeast,156609.94,Year,Y,Denied
EZYV15091,Asia,Bachelor's,N,N,3873,2011,West,286336.94,Year,Y,Denied
EZYV16568,Asia,Master's,N,N,3143,1977,Midwest,272286.3,Year,Y,Certified
EZYV16717,Asia,Master's,Y,N,367311,2010,West,63916.39,Year,Y,Certified
EZYV24172,Asia,Bachelor's,Y,N,2287,1911,West,46390.68,Year,Y,Certified
EZYV19888,Asia,Bachelor's,N,N,802,2000,South,147219.69,Year,Y,Certified
EZYV25480,Asia,Bachelor's,Y,N,3195,1960,Midwest,70876.91,Year,Y,Certified
EZYV23886,Asia,Master's,N,Y,1727,1992,South,78796.73,Year,Y,Certified
EZYV1959,Asia,Bachelor's,Y,Y,3211,2013,Northeast,109385.39,Year,Y,Certified
EZYV7189,Asia,Bachelor's,Y,N,2754,1998,South,159772.02,Year,Y,Certified
EZYV4017,Asia,Bachelor's,N,N,1638,2003,Midwest,119365.41,Year,Y,Denied
EZYV19307,Europe,Doctorate,Y,N,1269,2009,West,116134.36,Year,Y,Certified
EZYV5790,North America,High School,Y,N,1070,1999,Midwest,61053.87,Year,Y,Certified
EZYV5672,Europe,Doctorate,Y,N,6213,2013,West,54211.12,Year,Y,Certified
EZYV5853,Europe,Master's,N,N,3703,1951,South,45804.36,Year,Y,Denied
EZYV23274,Asia,Master's,Y,N,4014,2007,South,2171.4,Year,Y,Certified
EZYV5242,North America,Bachelor's,Y,N,1904,1998,South,76436.4,Year,Y,Denied
EZYV6850,Asia,Master's,Y,N,1216,1997,Northeast,39505.55,Week,Y,Certified
EZYV24455,Asia,Master's,Y,N,2804,1963,West,54618.43,Year,N,Denied
EZYV18427,Asia,Master's,Y,N,5714,1985,West,153171.28,Year,N,Certified
EZYV20049,Asia,Bachelor's,Y,N,2030,1980,Midwest,17998.58,Year,Y,Certified
EZYV9436,North America,Master's,Y,N,4546,2005,West,27175.26,Year,Y,Certified
EZYV18125,Asia,Bachelor's,N,N,114,1968,South,105094.06,Year,Y,Certified
EZYV23858,South America,High School,Y,N,2534,2001,West,584.1583,Hour,Y,Certified
EZYV1879,Europe,Bachelor's,N,N,3201,1995,West,350.0159,Hour,Y,Denied
EZYV17981,Asia,Bachelor's,N,N,2632,1885,Northeast,60056.92,Year,Y,Denied
EZYV22056,North America,Bachelor's,N,N,2083,2001,West,30188.9,Year,Y,Certified
EZYV13970,North America,Bachelor's,Y,N,1533,1919,Northeast,205.58,Hour,Y,Certified
EZYV3938,Asia,Master's,Y,N,4847,1977,West,1898.76,Year,Y,Certified
EZYV16706,Asia,Bachelor's,N,N,4239,1994,Northeast,75098.03,Year,Y,Certified
EZYV3695,Asia,Bachelor's,N,Y,1647,1995,Northeast,94806.05,Year,Y,Denied
EZYV1509,Asia,Bachelor's,Y,N,881,1887,South,155423.24,Year,Y,Certified
EZYV23657,Europe,Bachelor's,N,N,289,1969,West,16782.98,Year,Y,Certified
EZYV16827,North America,High School,Y,N,2742,2014,South,94788.5,Year,Y,Denied
EZYV24547,Asia,Bachelor's,N,N,2086,2007,West,139.6479,Hour,Y,Denied
EZYV439,Asia,High School,Y,N,4562,2006,Northeast,88925.59,Month,Y,Denied
EZYV1573,Asia,Master's,Y,N,105,1951,Northeast,146800.42,Year,Y,Certified
EZYV21479,Asia,Master's,N,N,1054,2004,Northeast,84011.15,Year,N,Certified
EZYV3648,Asia,Master's,Y,N,3086,2008,Midwest,74534.63,Year,Y,Certified
EZYV23496,Asia,High School,N,N,1154,2007,Midwest,134697.9,Year,Y,Certified
EZYV19157,Asia,Master's,Y,N,2376,2006,South,48975.68,Year,Y,Certified
EZYV12600,Asia,Master's,Y,N,468,2013,Northeast,22820.83,Week,Y,Certified
EZYV14118,Asia,Bachelor's,Y,Y,1535,2003,South,128294.66,Year,Y,Certified
EZYV24190,Asia,Bachelor's,N,N,1375,1993,West,125345.26,Year,Y,Certified
EZYV18958,Asia,High School,Y,N,1913,1901,Midwest,433.152,Hour,Y,Certified
EZYV22010,Asia,Master's,Y,N,1055,1989,Northeast,81993.88,Year,Y,Certified
EZYV974,Asia,Master's,Y,N,4589,1985,Midwest,81132.15,Year,Y,Certified
EZYV8680,Europe,Master's,N,N,1450,2005,West,76034.47,Year,Y,Certified
EZYV845,Asia,High School,Y,N,90533,1945,Northeast,103232.1,Year,Y,Denied
EZYV2833,Asia,Master's,Y,N,4106,1998,Island,24386.05,Year,Y,Certified
EZYV10479,Asia,Bachelor's,N,N,2125,2015,South,74082.44,Year,Y,Denied
EZYV25423,Asia,Bachelor's,N,Y,2551,1977,South,61287.29,Year,Y,Certified
EZYV16718,Asia,High School,N,N,703,1949,Midwest,92283.08,Year,Y,Certified
EZYV18282,North America,High School,N,N,3996,1990,South,552.3994,Hour,Y,Denied
EZYV10514,Asia,Master's,N,N,1697,2005,Northeast,82094.8,Year,N,Certified
EZYV13543,North America,Master's,Y,N,1894,2000,South,97830.73,Year,Y,Certified
EZYV21630,Asia,Master's,Y,N,1897,2009,Northeast,108751.58,Year,Y,Certified
EZYV18180,Europe,Bachelor's,N,N,1290,2013,South,731.3048,Hour,Y,Denied
EZYV24380,Asia,Bachelor's,N,N,2664,2000,Midwest,130637.71,Year,Y,Certified
EZYV5241,Asia,Master's,Y,N,2216,1901,Northeast,75154.91,Year,Y,Certified
EZYV19668,Asia,Bachelor's,N,N,1670,2005,South,110203.08,Year,Y,Denied
EZYV13974,Asia,Bachelor's,N,N,2392,2008,South,153519.15,Year,Y,Certified
EZYV1039,Asia,Master's,Y,N,538,2011,Midwest,222628.84,Year,Y,Certified
EZYV6084,Asia,Master's,N,N,1604,1800,Midwest,73305.46,Year,Y,Certified
EZYV17873,Europe,Bachelor's,Y,N,4752,1972,West,3758.72,Year,Y,Certified
EZYV11441,Africa,Master's,Y,N,1213,1998,West,40071.91,Year,Y,Certified
EZYV5527,North America,Master's,Y,N,4268,1994,West,208798.89,Year,Y,Certified
EZYV18925,North America,Bachelor's,Y,N,2573,1992,Northeast,94158.75,Year,Y,Certified
EZYV18498,South America,Master's,Y,N,1754,1994,Island,100114.06,Year,Y,Denied
EZYV3404,Europe,Bachelor's,Y,N,2131,2005,Northeast,34830.69,Year,Y,Denied
EZYV14117,Africa,Master's,N,N,1746,2006,Northeast,136540.73,Year,Y,Certified
EZYV399,Asia,Master's,Y,N,1584,1984,Midwest,45261.26,Year,Y,Certified
EZYV22877,North America,Master's,N,N,352,2007,West,141745.5,Year,N,Certified
EZYV16517,Asia,Bachelor's,Y,N,1634,1966,Northeast,51386.36,Year,N,Denied
EZYV6066,Asia,High School,Y,N,1080,1995,West,69399.71,Year,Y,Denied
EZYV3775,Asia,Bachelor's,Y,N,1479,1884,South,91075.89,Year,Y,Certified
EZYV10650,Asia,Master's,Y,N,1542,2006,Northeast,900.8428,Hour,Y,Certified
EZYV21717,Asia,High School,Y,N,2176,1988,South,114182.49,Year,Y,Denied
EZYV142,Asia,Master's,Y,N,73909,2004,Midwest,60821.75,Year,Y,Certified
EZYV24279,Asia,High School,Y,N,1407,2002,Midwest,167672.22,Year,Y,Certified
EZYV8309,Asia,Doctorate,Y,N,821,1986,West,53351.62,Year,Y,Certified
EZYV25311,Asia,Master's,N,N,2819,2006,Northeast,31776.0,Year,N,Denied
EZYV7809,Asia,High School,N,N,67,2006,Midwest,56921.3,Year,Y,Denied
EZYV15962,Asia,Bachelor's,Y,N,1706,1980,Northeast,82848.46,Year,Y,Certified
EZYV2613,Asia,Master's,N,N,2041,1864,South,44864.77,Year,Y,Denied
EZYV14166,South America,Master's,Y,N,2000,1994,South,772.7031,Hour,Y,Denied
EZYV4851,Asia,Bachelor's,N,N,5713,2004,Northeast,114165.05,Year,N,Denied
EZYV15705,Asia,Master's,Y,N,1652,1988,West,50837.46,Year,N,Certified
EZYV5795,Europe,Master's,N,N,4729,1983,Northeast,2007.71,Year,Y,Certified
EZYV4638,Asia,High School,N,N,2736,2010,Northeast,49633.38,Year,Y,Denied
EZYV3986,Asia,Master's,N,N,1521,2000,Midwest,120891.58,Year,Y,Denied
EZYV3899,Asia,Bachelor's,Y,N,3934,1992,South,105976.06,Year,Y,Certified
EZYV23826,North America,Bachelor's,Y,N,72,2010,Northeast,436.1899,Hour,Y,Denied
EZYV3832,Asia,Master's,Y,N,4946,1975,South,99865.09,Year,Y,Certified
EZYV14755,Asia,Bachelor's,N,Y,6417,2001,Northeast,17135.55,Year,Y,Denied
EZYV1140,Asia,Bachelor's,Y,Y,516,1999,Northeast,110798.53,Year,Y,Certified
EZYV10787,North America,Bachelor's,N,N,400,1949,Midwest,112393.59,Year,Y,Certified
EZYV24881,Asia,Bachelor's,N,N,1772,2003,South,600.1009,Hour,Y,Denied
EZYV15296,Asia,Bachelor's,Y,N,3402,1968,South,127333.13,Year,Y,Certified
EZYV9656,South America,Master's,Y,N,3996,1847,Midwest,4530.64,Year,Y,Certified
EZYV6586,North America,Master's,Y,N,5172,1999,Northeast,38916.78,Year,Y,Certified
EZYV3447,Asia,Master's,N,N,83259,2010,South,90403.39,Year,Y,Denied
EZYV8598,Asia,Master's,N,N,2200,1982,Midwest,78406.41,Year,Y,Certified
EZYV21425,Asia,Master's,N,Y,3376,1974,South,112413.86,Year,Y,Certified
EZYV8347,Asia,Master's,Y,N,903,2007,Northeast,139253.22,Year,N,Certified
EZYV23623,Asia,Bachelor's,Y,N,3576,2012,Northeast,77756.03,Year,Y,Denied
EZYV5831,North America,High School,N,N,116429,1951,South,110493.64,Year,N,Certified
EZYV13994,Asia,High School,Y,N,1066,1995,Northeast,137380.48,Year,Y,Denied
EZYV21563,North America,Master's,Y,N,2800,1985,West,63381.64,Year,Y,Certified
EZYV23936,Asia,Bachelor's,N,N,2211,2000,South,73844.29,Year,Y,Denied
EZYV15578,Asia,Bachelor's,N,N,2878,2007,South,149683.72,Year,Y,Denied
EZYV1766,Asia,Master's,Y,N,4599,1996,Northeast,58325.49,Year,Y,Certified
EZYV12509,Asia,Master's,Y,Y,1741,1998,South,48792.68,Year,Y,Denied
EZYV10094,Asia,Master's,Y,N,3763,2001,Island,78625.13,Year,Y,Certified
EZYV5322,Asia,Master's,N,N,1538,2002,Midwest,74323.1,Year,Y,Certified
EZYV21825,Europe,Bachelor's,N,N,1419,1970,South,192.8729,Hour,Y,Denied
EZYV21872,Asia,Master's,Y,N,1467,1911,Northeast,53476.15,Year,Y,Certified
EZYV20926,North America,Master's,Y,N,702,1989,South,469.6979,Hour,Y,Denied
EZYV13670,North America,Bachelor's,Y,N,1620,1884,South,146320.33,Week,Y,Denied
EZYV2373,Asia,Master's,Y,N,420,2013,Northeast,76865.05,Year,Y,Certified
EZYV13546,Europe,Master's,Y,N,1116,2006,West,44238.95,Year,Y,Certified
EZYV24955,Asia,Master's,Y,N,2439,1885,Northeast,38618.06,Year,Y,Certified
EZYV15107,Asia,Master's,N,N,2016,2012,Midwest,62145.38,Year,Y,Certified
EZYV19617,North America,Master's,Y,N,124534,1976,Northeast,32251.93,Year,Y,Certified
EZYV9137,Asia,Bachelor's,Y,N,6027,1987,South,48431.13,Year,Y,Certified
EZYV14846,Asia,Master's,Y,N,6591,2001,West,47686.11,Year,Y,Certified
EZYV5440,Asia,Master's,Y,N,1336,2005,Midwest,56555.34,Year,Y,Certified
EZYV18033,Asia,Master's,N,N,2793,2010,West,42600.98,Year,Y,Denied
EZYV21892,North America,High School,N,N,109428,2005,West,137304.76,Year,N,Denied
EZYV5116,Asia,Master's,N,N,4853,1993,Northeast,144950.62,Year,N,Certified
EZYV4831,Asia,Bachelor's,Y,N,1891,2003,Midwest,115415.1,Year,Y,Certified
EZYV19603,Asia,Bachelor's,Y,N,321,1990,West,62276.96,Year,Y,Certified
EZYV11705,Asia,High School,Y,N,4076,2007,Northeast,79286.03,Year,Y,Denied
EZYV17691,Europe,Doctorate,N,N,964,2011,West,64172.45,Year,Y,Certified
EZYV9937,North America,Bachelor's,Y,N,1539,1884,South,72287.41,Year,Y,Denied
EZYV9883,Asia,Bachelor's,Y,Y,2387,1994,South,21851.09,Year,Y,Denied
EZYV4526,Asia,Master's,N,N,2016,2010,Midwest,89251.11,Year,Y,Denied
EZYV9839,Asia,Master's,N,N,1613,1998,South,74041.63,Year,Y,Certified
EZYV13861,Asia,Master's,N,Y,3136,2012,South,93293.67,Year,Y,Certified
EZYV7179,Asia,Master's,N,N,1520,1987,West,399.4489,Hour,Y,Certified
EZYV24064,Asia,Bachelor's,Y,N,3962,2001,West,120954.87,Year,Y,Certified
EZYV14771,South America,High School,Y,N,1674,1911,West,125189.0,Year,Y,Denied
EZYV2183,Asia,Bachelor's,N,N,1720,2007,Northeast,559.6169,Hour,Y,Denied
EZYV1998,Asia,Master's,N,N,1550,1986,Northeast,107346.96,Year,Y,Denied
EZYV4496,Asia,Bachelor's,Y,Y,1946,1984,South,67931.37,Year,Y,Certified
EZYV19775,Africa,Master's,Y,N,1645,1997,Northeast,29808.34,Year,Y,Denied
EZYV3263,Asia,Bachelor's,N,N,2114,2012,South,29090.92,Year,Y,Denied
EZYV22500,Asia,Master's,Y,N,4029,2006,South,68993.22,Year,N,Certified
EZYV23391,North America,High School,N,N,2156,2003,Northeast,11352.95,Year,Y,Denied
EZYV16142,North America,High School,Y,N,2877,2013,West,83608.9,Year,Y,Certified
EZYV13205,Asia,Master's,Y,N,1258,2008,Northeast,22053.19,Year,Y,Certified
EZYV6660,Asia,Master's,Y,N,1915,2009,Northeast,93604.2,Year,N,Certified
EZYV22873,Asia,High School,Y,N,2142,1902,South,230.0556,Hour,Y,Certified
EZYV6645,Asia,High School,N,N,421,1996,Midwest,95882.21,Year,Y,Denied
EZYV12845,North America,Bachelor's,Y,N,3013,2001,Northeast,48802.45,Year,Y,Certified
EZYV22491,Asia,Master's,N,N,3000,2000,Northeast,166.8968,Hour,Y,Denied
EZYV1594,Asia,Bachelor's,N,N,2170,1998,West,714.0764,Hour,Y,Denied
EZYV10085,Oceania,Doctorate,N,Y,1069,1911,West,75940.21,Year,Y,Certified
EZYV12498,Asia,Bachelor's,Y,N,2287,1988,Northeast,103936.18,Week,Y,Denied
EZYV23878,Asia,Master's,Y,N,3619,1998,South,103361.79,Year,Y,Certified
EZYV24442,North America,Master's,N,N,4719,1977,West,47407.67,Year,Y,Denied
EZYV24507,Asia,Bachelor's,Y,N,3871,2007,South,24589.83,Year,Y,Denied
EZYV21173,Asia,Bachelor's,N,N,2631,1875,South,8930.17,Year,Y,Denied
EZYV737,Asia,Master's,Y,N,3358,2002,Northeast,95310.74,Year,Y,Certified
EZYV5659,Asia,Master's,N,N,2071,2012,Northeast,603.0547,Hour,Y,Certified
EZYV7938,Europe,Master's,Y,N,4458,1868,South,4879.34,Week,Y,Certified
EZYV157,Asia,Master's,Y,N,5147,1997,Northeast,6256.18,Year,Y,Certified
EZYV3121,North America,Bachelor's,N,N,2086,1952,West,394.2187,Hour,Y,Denied
EZYV25302,Asia,Master's,N,N,2391,2013,Northeast,15980.71,Year,Y,Denied
EZYV10704,Asia,Bachelor's,Y,N,3120,1878,Northeast,35964.36,Year,Y,Certified
EZYV20187,Asia,Bachelor's,Y,N,2963,1963,West,88071.42,Year,Y,Certified
EZYV24856,Asia,Master's,N,N,2162,1930,Midwest,103236.63,Year,Y,Certified
EZYV5643,Europe,Master's,N,N,2715,1986,Northeast,53628.06,Year,Y,Denied
EZYV12880,Asia,Doctorate,Y,N,652,1989,Northeast,14900.67,Year,Y,Certified
EZYV7930,Europe,Bachelor's,Y,N,2431,1855,Midwest,171335.05,Year,Y,Denied
EZYV3312,Asia,High School,N,Y,2146,1999,Midwest,183721.46,Year,Y,Denied
EZYV21570,Asia,Bachelor's,Y,N,2080,1838,Northeast,406.2758,Hour,Y,Certified
EZYV17847,Asia,High School,Y,N,1349,1868,South,6709.99,Year,Y,Certified
EZYV11681,Asia,Master's,Y,N,883,2012,West,234902.2,Month,Y,Certified
EZYV23061,Asia,Bachelor's,N,N,3453,2004,Northeast,167462.48,Year,N,Denied
EZYV8439,Asia,High School,Y,N,21849,2011,Northeast,80867.34,Year,N,Denied
EZYV1236,Asia,Master's,Y,N,1857,1971,Northeast,71264.26,Year,Y,Certified
EZYV19077,Europe,Bachelor's,N,N,1053,2000,West,80049.62,Year,Y,Certified
EZYV5565,Europe,Master's,N,N,6016,1944,West,4715.47,Year,Y,Certified
EZYV13405,Europe,Master's,N,N,4361,1998,West,105801.19,Year,Y,Denied
EZYV12186,Europe,Master's,N,N,5411,1994,West,49585.08,Year,Y,Certified
EZYV22263,Asia,High School,Y,N,3797,1923,Northeast,106405.24,Year,Y,Certified
EZYV25380,North America,Master's,Y,N,96022,1999,Northeast,80519.65,Year,Y,Certified
EZYV11399,Asia,Bachelor's,Y,N,3100,1997,Midwest,58574.89,Year,N,Certified
EZYV4528,Asia,Master's,Y,N,829,1956,South,43932.29,Year,Y,Certified
EZYV764,Asia,Bachelor's,Y,N,3537,2007,West,60937.35,Year,Y,Certified
EZYV19062,Asia,Master's,Y,N,5342,1977,West,45564.1,Year,Y,Denied
EZYV52,Asia,Master's,Y,N,3129,2003,Midwest,95623.2,Year,N,Certified
EZYV24115,Asia,Bachelor's,Y,N,2658,2004,Northeast,122440.88,Year,Y,Certified
EZYV14726,Asia,Master's,Y,N,724,2010,Northeast,126215.33,Year,N,Certified
EZYV19720,Asia,High School,Y,N,3687,1997,Midwest,141038.5,Year,N,Certified
EZYV25012,Asia,Bachelor's,Y,N,18073,2005,Northeast,94523.86,Year,Y,Denied
EZYV23735,Europe,Bachelor's,N,N,346,2002,West,115983.23,Year,Y,Certified
EZYV6522,Asia,High School,Y,N,3986,1905,Midwest,18111.76,Year,Y,Denied
EZYV12506,Europe,Bachelor's,N,N,2109,1911,West,12921.7,Year,Y,Certified
EZYV24128,Asia,Bachelor's,N,N,2551,2000,West,79434.65,Year,Y,Certified
EZYV122,South America,Bachelor's,N,N,1415,1913,Northeast,53114.02,Year,Y,Denied
EZYV20397,Asia,Bachelor's,Y,N,900,2000,South,47459.73,Year,Y,Certified
EZYV10676,Asia,Bachelor's,Y,N,4455,1999,South,98948.28,Year,N,Certified
EZYV781,Asia,Bachelor's,N,N,3656,1971,South,491.9991,Hour,Y,Certified
EZYV21386,Asia,Bachelor's,Y,N,2674,1987,South,126040.08,Week,Y,Certified
EZYV6502,Asia,Master's,Y,Y,198,1986,South,459.7524,Hour,Y,Certified
EZYV20731,Asia,Bachelor's,N,N,1311,1982,Midwest,89209.47,Year,Y,Denied
EZYV326,North America,Bachelor's,Y,N,629,2004,West,232227.33,Year,Y,Certified
EZYV16889,Asia,Master's,Y,Y,72975,2005,Northeast,164224.02,Year,N,Certified
EZYV23960,Europe,Bachelor's,N,N,1411,1969,South,121202.46,Year,Y,Certified
EZYV11398,Africa,Master's,N,N,4779,2006,West,70506.16,Year,Y,Certified
EZYV10074,South America,Bachelor's,Y,Y,15827,1988,Northeast,72476.6,Year,Y,Certified
EZYV17453,Europe,Bachelor's,Y,N,1257,1998,Northeast,50041.52,Year,Y,Certified
EZYV16114,Europe,Doctorate,Y,N,1474,2008,West,8455.57,Year,Y,Certified
EZYV9753,Asia,Master's,Y,N,5958,2010,South,386.95,Year,Y,Certified
EZYV22635,Europe,Bachelor's,Y,N,618,2009,West,116526.54,Year,Y,Denied
EZYV16918,North America,Master's,Y,N,4347,2006,West,55989.7,Year,Y,Denied
EZYV17481,Asia,High School,N,N,1836,1989,Northeast,139702.02,Year,Y,Certified
EZYV8894,Asia,High School,Y,N,203,1977,Midwest,169681.12,Year,Y,Denied
EZYV14466,Europe,High School,N,N,1884,2000,West,70848.78,Year,Y,Denied
EZYV11098,Asia,High School,N,N,2113,1863,Midwest,82114.05,Year,Y,Denied
EZYV2527,Asia,Master's,Y,N,3662,1986,South,59173.96,Year,Y,Certified
EZYV18263,Asia,Master's,Y,N,968,2003,South,44103.18,Year,Y,Certified
EZYV1292,Europe,Bachelor's,Y,N,873,1976,West,116441.42,Year,Y,Certified
EZYV14076,Asia,Bachelor's,Y,N,5038,1983,South,15087.18,Year,Y,Certified
EZYV23423,Asia,High School,N,N,1819,1982,Northeast,71834.73,Year,Y,Certified
EZYV24882,Asia,Master's,Y,N,1275,1998,Northeast,68196.68,Year,Y,Certified
EZYV10852,Europe,Master's,Y,N,1830,1996,South,39778.92,Year,Y,Certified
EZYV11197,Asia,Master's,Y,N,4120,2008,Midwest,43412.68,Year,Y,Certified
EZYV9176,South America,Doctorate,Y,Y,486,2010,South,211596.76,Year,Y,Certified
EZYV2532,Asia,High School,Y,Y,2178,1818,West,141931.02,Year,Y,Denied
EZYV9433,Asia,Bachelor's,Y,N,791,2004,Midwest,54111.21,Year,Y,Denied
EZYV25438,Asia,Bachelor's,Y,N,1282,1876,Midwest,85520.49,Year,Y,Certified
EZYV21916,Asia,High School,N,N,200,1988,Northeast,109914.11,Year,Y,Denied
EZYV6140,Asia,Doctorate,N,N,1829,2012,West,122674.76,Year,Y,Certified
EZYV23007,Asia,Bachelor's,Y,N,11874,1839,Island,229456.89,Year,Y,Certified
EZYV8942,Asia,Bachelor's,Y,N,3669,2009,Northeast,38044.95,Year,Y,Certified
EZYV8677,Asia,Bachelor's,Y,N,1113,1998,Northeast,37364.35,Year,Y,Certified
EZYV5336,Asia,Master's,N,N,192,1903,Northeast,128134.04,Year,N,Certified
EZYV1266,Asia,Doctorate,Y,N,3880,2001,South,103294.94,Year,Y,Certified
EZYV21680,Asia,Bachelor's,Y,N,2216,1988,Northeast,133618.07,Year,Y,Certified
EZYV14575,Europe,Doctorate,N,N,1132,2001,Northeast,45934.45,Year,Y,Certified
EZYV19301,Asia,Master's,Y,N,5358,1840,West,709.5354,Hour,Y,Certified
EZYV20385,Asia,Bachelor's,N,N,2020,2004,Northeast,79981.88,Year,Y,Certified
EZYV2067,Oceania,High School,Y,Y,2044,1932,West,239773.63,Year,Y,Certified
EZYV17568,Africa,Master's,Y,N,2554,1992,Midwest,130385.72,Year,Y,Certified
EZYV17937,Asia,High School,Y,N,35869,1991,South,90643.67,Year,N,Certified
EZYV23313,Asia,Bachelor's,Y,N,1039,2005,Midwest,135919.27,Year,Y,Certified
EZYV24635,Asia,Bachelor's,Y,N,1674,1997,South,69121.75,Year,Y,Denied
EZYV18287,North America,Master's,Y,N,4039,1985,Northeast,97678.83,Year,Y,Denied
EZYV17824,Asia,Bachelor's,Y,N,2084,1995,South,28486.1,Year,Y,Certified
EZYV6024,Asia,Bachelor's,Y,N,2374,2001,South,65561.27,Year,Y,Certified
EZYV17202,Asia,Master's,N,N,78,1970,Midwest,138696.17,Year,Y,Certified
EZYV16599,Asia,Bachelor's,N,N,639,2007,South,83111.64,Year,Y,Certified
EZYV23877,South America,Master's,N,N,1683,2007,West,162.92,Hour,Y,Denied
EZYV20455,Asia,Master's,Y,N,1409,1943,West,140806.51,Year,N,Certified
EZYV12619,Asia,Bachelor's,Y,N,3911,2013,Northeast,29456.98,Year,Y,Certified
EZYV15258,Europe,Doctorate,N,Y,2038,2006,West,24410.39,Year,Y,Denied
EZYV20627,Asia,Doctorate,Y,N,89,1993,Midwest,47187.3,Year,Y,Certified
EZYV6106,North America,Doctorate,N,N,2558,1989,South,120085.72,Year,Y,Certified
EZYV23570,Asia,Master's,N,N,16207,2002,Northeast,53458.84,Year,Y,Denied
EZYV780,Asia,Master's,Y,N,1113,1968,Northeast,46457.53,Year,Y,Certified
EZYV13598,Europe,Bachelor's,Y,N,413,1950,West,55242.03,Year,Y,Certified
EZYV16026,South America,Master's,N,Y,1099,1873,South,94826.11,Year,Y,Denied
EZYV12634,North America,Doctorate,Y,N,4003,1999,Northeast,54520.44,Year,Y,Certified
EZYV12929,Asia,Master's,Y,N,2729,1996,Midwest,60716.34,Year,Y,Certified
EZYV13948,Asia,Master's,Y,N,1347,1993,Midwest,93234.1,Year,Y,Certified
EZYV1297,Asia,Bachelor's,Y,N,3820,1991,West,30089.1,Year,Y,Certified
EZYV19185,Europe,Master's,Y,N,5067,2003,West,5743.04,Year,Y,Certified
EZYV17361,Asia,Bachelor's,Y,N,2141,2008,Northeast,121729.36,Year,Y,Denied
EZYV12262,North America,Master's,N,N,675,1997,South,38163.91,Year,Y,Denied
EZYV5446,Asia,Doctorate,N,N,4947,2005,Midwest,122056.25,Year,Y,Certified
EZYV4844,Asia,Bachelor's,Y,N,3215,1993,Northeast,54118.19,Year,Y,Certified
EZYV7919,Europe,Bachelor's,Y,N,3436,2013,West,47177.16,Year,Y,Denied
EZYV4361,Europe,Bachelor's,Y,N,3553,1969,West,6168.39,Year,Y,Certified
EZYV16932,Europe,Master's,N,N,2913,2003,West,15840.32,Year,Y,Certified
EZYV25258,Asia,Master's,Y,N,2357,1881,Midwest,77218.36,Year,Y,Certified
EZYV15407,Asia,Bachelor's,Y,N,144,2006,South,66773.59,Year,Y,Certified
EZYV17987,Asia,Master's,N,Y,2559,2008,West,191148.27,Year,Y,Certified
EZYV2705,Europe,High School,Y,N,868,2005,West,19219.93,Year,Y,Denied
EZYV697,North America,Master's,Y,Y,2963,1885,Northeast,143188.4,Year,Y,Certified
EZYV9236,Asia,Bachelor's,N,Y,1530,2012,Northeast,56509.61,Year,Y,Certified
EZYV23795,Asia,Bachelor's,N,N,214,2011,West,76201.53,Year,Y,Certified
EZYV20236,Asia,Master's,N,N,2008,2013,Northeast,958.665,Hour,Y,Denied
EZYV24765,Asia,Bachelor's,Y,N,1021,1999,South,152.7112,Hour,Y,Certified
EZYV16322,Asia,Bachelor's,N,N,338,2000,South,57763.72,Year,Y,Certified
EZYV18076,Asia,High School,Y,Y,889,1999,Midwest,70095.25,Year,Y,Certified
EZYV23881,Asia,Bachelor's,Y,N,25237,2004,Midwest,27836.82,Year,N,Certified
EZYV22502,Asia,Master's,N,N,1557,2007,Northeast,80068.65,Year,Y,Denied
EZYV3099,Europe,Doctorate,Y,N,4328,1973,West,23234.02,Year,Y,Certified
EZYV13681,Asia,Doctorate,Y,N,2121,1984,South,771.5064,Hour,Y,Certified
EZYV3493,Asia,Bachelor's,N,Y,2352,1897,West,50008.91,Year,Y,Denied
EZYV17407,Asia,Master's,N,N,4722,2013,Northeast,1862.03,Year,Y,Certified
EZYV24237,South America,Master's,N,N,1728,2006,South,112029.84,Year,Y,Certified
EZYV14221,Asia,Doctorate,N,N,3326,1939,Northeast,38694.74,Year,Y,Denied
EZYV14397,Asia,Doctorate,Y,N,2178,1996,Northeast,88125.25,Year,Y,Certified
EZYV15433,Asia,High School,N,N,2090,1993,West,268.1018,Hour,Y,Denied
EZYV25394,Asia,Bachelor's,N,N,1602,2001,South,46725.85,Year,Y,Certified
EZYV1972,Asia,Bachelor's,Y,N,3571,1998,South,147705.3,Year,Y,Certified
EZYV5172,Asia,Bachelor's,N,N,565,1893,West,43725.27,Year,Y,Certified
EZYV1112,North America,Master's,Y,N,137,1999,Northeast,154725.53,Year,Y,Certified
EZYV16817,Asia,Bachelor's,N,Y,39,1985,West,120189.42,Year,Y,Certified
EZYV9488,Europe,Bachelor's,N,Y,4903,1994,West,82889.49,Year,Y,Certified
EZYV11358,Asia,Master's,N,N,3494,1925,Midwest,84737.11,Year,Y,Denied
EZYV20575,Europe,Master's,Y,Y,1082,1994,Northeast,137411.29,Year,Y,Denied
EZYV25263,Asia,Bachelor's,N,N,1917,2012,West,66718.75,Year,Y,Denied
EZYV10010,South America,Doctorate,Y,N,3025,1995,South,33501.54,Year,Y,Certified
EZYV9159,Europe,Master's,Y,N,2965,2012,West,20652.01,Year,Y,Certified
EZYV20530,Asia,High School,Y,N,8052,1937,Midwest,68619.91,Year,Y,Certified
EZYV11961,Asia,Master's,Y,N,2087,1998,West,92552.06,Year,N,Certified
EZYV3342,Asia,Master's,N,N,1245,1983,Northeast,131510.83,Year,N,Denied
EZYV17422,Asia,Master's,N,Y,2233,2009,West,54914.53,Year,Y,Certified
EZYV24140,Asia,Bachelor's,N,N,873,1911,West,56200.58,Year,Y,Denied
EZYV19771,Asia,Bachelor's,Y,N,391,2000,South,94981.56,Year,Y,Certified
EZYV868,Asia,High School,N,N,1943,1886,South,467.5247,Hour,Y,Certified
EZYV25124,Asia,Master's,N,N,2178,1999,Northeast,63727.71,Year,Y,Denied
EZYV816,Europe,Bachelor's,Y,N,2573,1999,West,82110.68,Year,Y,Denied
EZYV14203,Asia,Master's,Y,N,1965,1981,South,137475.57,Year,Y,Certified
EZYV25441,Asia,Master's,Y,N,189,1999,South,107049.53,Year,N,Certified
EZYV15324,North America,Master's,N,Y,1622,2007,Northeast,175181.7,Year,Y,Denied
EZYV12879,South America,High School,Y,N,1375,1974,South,34399.85,Year,Y,Denied
EZYV15919,South America,Bachelor's,Y,Y,2396,2007,Midwest,100850.77,Year,Y,Certified
EZYV8042,Asia,Bachelor's,Y,N,1527,2008,South,105459.37,Year,Y,Certified
EZYV13467,Asia,Master's,Y,N,5823,1998,Midwest,52635.83,Year,Y,Certified
EZYV10144,Asia,High School,Y,N,2330,1998,South,23174.8,Year,Y,Denied
EZYV19931,Europe,Master's,N,N,341,2012,Northeast,35953.69,Year,Y,Certified
EZYV892,Asia,Master's,N,N,1118,2008,Midwest,51408.57,Year,Y,Certified
EZYV17533,Asia,Bachelor's,N,N,627,2012,South,118010.07,Year,N,Denied
EZYV21273,Asia,Doctorate,N,Y,9317,1984,Midwest,89787.25,Year,Y,Denied
EZYV3456,Asia,Master's,N,N,2748,1994,Midwest,101315.8,Year,Y,Denied
EZYV10854,Asia,Bachelor's,N,N,8938,2010,West,80593.46,Year,Y,Denied
EZYV11587,Asia,Bachelor's,N,Y,3095,2000,South,135407.89,Year,Y,Denied
EZYV20199,Asia,Bachelor's,Y,N,2853,1982,Northeast,121101.53,Year,Y,Certified
EZYV25028,North America,Doctorate,Y,N,3610,2006,Northeast,90870.69,Year,Y,Certified
EZYV17406,North America,Bachelor's,N,N,338,2006,South,131422.15,Year,N,Certified
EZYV20468,Asia,Master's,N,N,1919,2003,Midwest,98537.34,Year,Y,Denied
EZYV14665,Asia,Bachelor's,Y,N,5122,1888,West,20876.92,Year,Y,Certified
EZYV12176,Asia,Bachelor's,Y,N,1989,1865,West,608.7339,Hour,Y,Denied
EZYV15400,Asia,Master's,Y,N,1390,1983,West,16555.22,Year,Y,Certified
EZYV3893,Asia,Master's,N,N,1375,1994,South,61995.27,Year,Y,Denied
EZYV16519,Asia,Bachelor's,N,N,1393,2004,Midwest,79334.74,Year,Y,Certified
EZYV20422,Asia,Bachelor's,N,N,1615,1965,Northeast,824.7957,Hour,Y,Denied
EZYV20023,Asia,Master's,N,N,2960,2006,South,130600.27,Year,N,Denied
EZYV17766,Asia,Master's,N,Y,15634,1858,West,76805.27,Year,Y,Certified
EZYV7888,Asia,Doctorate,Y,N,690,1868,West,18264.09,Year,Y,Certified
EZYV481,Africa,Master's,Y,N,3285,1989,Northeast,165219.14,Year,Y,Certified
EZYV13344,Asia,Bachelor's,N,N,2189,2001,South,325.9503,Hour,Y,Certified
EZYV11630,Asia,Doctorate,N,N,2035,1987,South,50.2928,Hour,Y,Certified
EZYV16529,Asia,Master's,Y,N,4245,2009,South,70663.22,Year,Y,Certified
EZYV21889,North America,Bachelor's,Y,N,6607,1978,Northeast,58336.71,Year,Y,Certified
EZYV21579,Asia,Master's,N,N,2063,2007,Midwest,137906.41,Year,Y,Certified
EZYV14295,Europe,Bachelor's,Y,N,1174,2000,Northeast,59524.04,Year,Y,Certified
EZYV22228,Europe,Doctorate,N,N,3400,2002,West,22142.45,Year,Y,Certified
EZYV10434,Europe,High School,Y,N,3978,1997,Northeast,59649.78,Year,Y,Denied
EZYV15262,Asia,Bachelor's,Y,N,1990,2006,West,112535.04,Year,Y,Certified
EZYV1100,Oceania,High School,Y,N,786,2008,West,115097.54,Year,Y,Certified
EZYV21284,Europe,Bachelor's,Y,Y,6407,1986,West,48641.73,Year,Y,Certified
EZYV24785,Asia,Bachelor's,N,N,3037,1976,West,63452.93,Year,Y,Certified
EZYV4803,Asia,Bachelor's,Y,Y,1290,1996,West,56221.16,Year,Y,Certified
EZYV173,Asia,Master's,Y,N,3050,1993,Northeast,10341.89,Year,Y,Certified
EZYV7390,Europe,Master's,N,N,2941,1990,West,83706.53,Year,Y,Certified
EZYV11532,Asia,Master's,N,Y,3376,2007,Midwest,78957.0,Year,Y,Denied
EZYV2212,South America,Master's,Y,N,3314,2010,West,144798.54,Week,Y,Certified
EZYV12812,Asia,Master's,Y,N,2785,1985,Midwest,47706.45,Year,Y,Certified
EZYV133,Asia,Doctorate,N,N,928,1818,South,30570.95,Year,Y,Certified
EZYV18058,Asia,Bachelor's,Y,N,731,1978,South,21104.66,Month,Y,Denied
EZYV4877,Europe,Master's,Y,N,14912,1996,South,33854.39,Year,Y,Certified
EZYV6834,North America,Master's,Y,N,1706,1977,West,117485.65,Week,Y,Denied
EZYV7258,Asia,Bachelor's,N,N,2425,2010,Northeast,118126.08,Year,Y,Certified
EZYV24248,North America,Bachelor's,N,N,1023,1988,Midwest,527.2486,Hour,Y,Denied
EZYV8381,Asia,Bachelor's,Y,N,2405,2003,Midwest,145919.81,Year,Y,Certified
EZYV2222,Asia,High School,Y,N,3612,2003,West,194.01,Year,Y,Denied
EZYV2815,Asia,Bachelor's,Y,N,1901,1908,Island,119563.24,Year,Y,Certified
EZYV17576,Europe,Doctorate,N,N,836,2009,West,26747.59,Year,Y,Certified
EZYV21964,Europe,Master's,N,Y,1759,1928,Midwest,132525.06,Year,Y,Certified
EZYV5127,Asia,Master's,Y,N,5505,2009,South,72685.78,Year,N,Certified
EZYV15179,Europe,Master's,Y,Y,3326,1986,West,78458.07,Year,Y,Certified
EZYV3510,Europe,High School,Y,N,181,1974,Midwest,3563.83,Year,Y,Denied
EZYV15812,Asia,High School,Y,N,3311,1992,Northeast,94376.97,Year,Y,Denied
EZYV12336,Oceania,Bachelor's,N,Y,814,1947,South,53610.6,Year,Y,Certified
EZYV36,Asia,High School,Y,N,5512,2001,Northeast,92421.92,Year,Y,Denied
EZYV4840,Asia,Master's,N,N,2624,1947,Island,126716.84,Year,N,Certified
EZYV5642,Asia,High School,N,N,22546,1996,Midwest,34146.45,Year,Y,Denied
EZYV2179,Asia,High School,Y,N,138,1977,West,92752.13,Year,Y,Denied
EZYV4546,Asia,Bachelor's,N,N,1385,1859,South,85340.66,Year,Y,Denied
EZYV11316,Asia,Bachelor's,Y,N,899,1994,West,30271.57,Year,Y,Certified
EZYV22377,Europe,Master's,N,N,132782,1993,Northeast,83488.1,Year,Y,Certified
EZYV11936,North America,Bachelor's,Y,Y,382,2006,Northeast,135969.07,Year,Y,Denied
EZYV1287,Asia,Master's,N,N,2087,1977,West,84860.33,Year,Y,Denied
EZYV6004,Asia,Master's,Y,N,3458,2008,Midwest,63057.45,Year,Y,Certified
EZYV14563,Asia,High School,Y,N,5176,2005,Midwest,122147.09,Year,Y,Denied
EZYV15645,Africa,Master's,Y,N,2578,1997,Northeast,105982.51,Year,Y,Certified
EZYV4309,Asia,Bachelor's,Y,Y,3382,1934,Midwest,52692.82,Year,Y,Certified
EZYV22188,Asia,Master's,Y,N,21225,1966,Northeast,116715.01,Year,Y,Certified
EZYV14029,Asia,Master's,Y,N,2504,2007,South,117857.79,Year,N,Certified
EZYV11924,Asia,Master's,Y,N,3043,1891,Midwest,94698.22,Year,Y,Certified
EZYV18851,Europe,Master's,Y,N,388,1978,South,86493.39,Year,Y,Certified
EZYV4354,South America,Master's,Y,Y,2488,1977,West,37111.97,Year,Y,Certified
EZYV19377,Asia,Bachelor's,N,Y,296,2011,West,57936.15,Year,Y,Denied
EZYV9984,North America,High School,N,N,3112,1963,West,114320.19,Year,Y,Denied
EZYV9905,Europe,Master's,Y,Y,3585,1950,Northeast,11642.81,Year,Y,Denied
EZYV23189,Europe,High School,Y,N,2505,1914,South,115.19,Hour,Y,Certified
EZYV19121,Asia,Bachelor's,N,N,3048,1864,West,146359.52,Year,N,Denied
EZYV7987,Asia,Master's,Y,N,5428,1998,Midwest,108959.66,Year,Y,Certified
EZYV18043,Asia,Bachelor's,Y,N,1289,1956,West,87035.55,Year,Y,Certified
EZYV8001,South America,Bachelor's,N,N,472,1993,Midwest,239.3237,Hour,Y,Denied
EZYV9774,Asia,Bachelor's,Y,N,2969,1998,West,51498.72,Year,Y,Denied
EZYV3003,Asia,Master's,Y,N,727,2003,South,5927.29,Year,Y,Certified
EZYV22224,Asia,Master's,Y,N,3876,1981,Northeast,74055.47,Year,Y,Denied
EZYV2063,Asia,Bachelor's,Y,N,3751,1984,West,28096.63,Year,Y,Certified
EZYV24705,North America,Master's,Y,N,4828,1993,Northeast,33820.42,Year,Y,Certified
EZYV8528,Asia,Bachelor's,N,N,848,1974,Northeast,80494.37,Year,N,Denied
EZYV21417,Asia,Bachelor's,Y,N,506,2006,Northeast,28633.33,Year,Y,Certified
EZYV18834,North America,Master's,Y,Y,840,1991,West,98516.63,Year,Y,Certified
EZYV6837,Asia,High School,Y,N,754,1990,South,44593.86,Year,Y,Denied
EZYV14378,Asia,Bachelor's,Y,N,2926,2009,South,16923.87,Year,Y,Denied
EZYV800,Asia,High School,N,N,372064,1963,West,28611.11,Year,Y,Denied
EZYV17050,Asia,High School,N,N,908,2007,Northeast,41669.93,Year,Y,Denied
EZYV10188,Asia,Bachelor's,N,N,844,1987,Northeast,123238.17,Year,Y,Certified
EZYV6217,South America,Master's,N,Y,1635,1838,Northeast,91080.42,Year,Y,Certified
EZYV23663,Asia,Master's,N,Y,3056,1998,West,109438.48,Year,Y,Certified
EZYV14908,Asia,Bachelor's,N,Y,1141,2011,South,42838.64,Year,Y,Certified
EZYV22373,Europe,Master's,Y,N,121,2003,West,31033.42,Year,Y,Certified
EZYV10619,Europe,Bachelor's,N,N,1090,1998,Northeast,102816.22,Year,Y,Denied
EZYV11279,Asia,Master's,N,N,2453,1997,South,88831.1,Year,Y,Denied
EZYV15052,Asia,Master's,N,N,3314,1975,South,72327.04,Year,Y,Certified
EZYV10164,North America,Bachelor's,N,Y,3134,2014,West,98030.76,Year,Y,Denied
EZYV8684,North America,Bachelor's,Y,N,2682,2006,Northeast,23753.74,Year,Y,Certified
EZYV18432,North America,High School,Y,N,3428,1976,Northeast,155493.15,Year,Y,Certified
EZYV17889,Asia,Master's,Y,N,538,1997,West,125284.22,Year,Y,Certified
EZYV8072,Europe,Doctorate,N,N,4231,2008,Northeast,54113.15,Year,Y,Certified
EZYV2278,Asia,Bachelor's,Y,N,2985,2008,South,85349.39,Year,Y,Certified
EZYV2499,Asia,Master's,Y,N,2950,1868,Northeast,124974.58,Year,N,Certified
EZYV2157,Asia,Master's,N,N,7195,1977,South,61862.56,Year,Y,Certified
EZYV209,North America,High School,N,N,2741,2005,Northeast,158.3807,Hour,Y,Denied
EZYV4878,Europe,High School,Y,Y,2096,1911,West,99747.46,Year,Y,Denied
EZYV20204,Europe,High School,Y,N,770,1998,West,19915.33,Year,Y,Denied
EZYV14513,Asia,Doctorate,N,Y,1465,1995,South,93733.36,Year,Y,Certified
EZYV9311,North America,High School,N,N,1311,1999,Northeast,210273.66,Year,Y,Certified
EZYV24171,North America,Master's,N,N,1226,2014,Northeast,231426.9,Year,N,Denied
EZYV18752,Europe,Master's,N,N,4155,2015,Northeast,31768.85,Year,Y,Certified
EZYV22802,North America,Bachelor's,Y,N,1776,1983,West,63184.39,Year,Y,Certified
EZYV15426,Oceania,Bachelor's,Y,N,2974,1881,South,69851.38,Year,Y,Denied
EZYV18983,Asia,Bachelor's,N,N,1630,1899,Northeast,430.8194,Hour,Y,Denied
EZYV5161,Asia,Bachelor's,N,N,151,1997,South,3633.99,Year,Y,Denied
EZYV24527,Asia,Master's,Y,N,3201,1985,West,99576.82,Year,Y,Denied
EZYV10936,Europe,Doctorate,Y,N,128164,1992,West,43292.97,Year,Y,Certified
EZYV17115,Asia,High School,Y,N,2872,2004,Midwest,105526.48,Year,Y,Certified
EZYV8746,Asia,Bachelor's,N,N,804,1985,Northeast,77794.29,Year,N,Denied
EZYV14039,Asia,Master's,N,N,767,1993,Northeast,156132.16,Year,N,Denied
EZYV174,Asia,Bachelor's,Y,N,28592,1997,West,61740.3,Year,Y,Certified
EZYV17461,Europe,Master's,N,N,70615,1973,West,7834.5,Year,Y,Certified
EZYV15255,Asia,Master's,Y,N,1073,1886,South,46635.25,Year,Y,Certified
EZYV13365,Asia,Bachelor's,Y,N,2404,2006,South,93396.86,Year,Y,Denied
EZYV6863,North America,Doctorate,Y,N,4719,1995,West,150980.65,Year,Y,Certified
EZYV23815,Asia,Master's,Y,N,1271,1962,Northeast,151639.64,Year,Y,Certified
EZYV8141,Asia,Doctorate,Y,N,1893,1911,Northeast,65187.3,Year,Y,Certified
EZYV1685,Europe,Doctorate,N,N,45,1994,Northeast,30076.97,Year,Y,Certified
EZYV12039,Asia,Master's,Y,N,2228,2013,Midwest,149338.39,Year,Y,Certified
EZYV9050,Europe,Master's,N,N,3275,1995,Northeast,108556.08,Year,Y,Certified
EZYV21163,Asia,Master's,Y,N,906,2007,South,198565.41,Year,N,Certified
EZYV14086,Europe,Bachelor's,Y,N,613,1991,West,105753.59,Year,Y,Certified
EZYV7344,North America,Bachelor's,N,N,3456,1992,Northeast,126744.96,Year,Y,Denied
EZYV15158,Asia,Doctorate,N,N,1096,2001,West,139482.71,Year,Y,Certified
EZYV15565,Asia,Bachelor's,N,N,3891,2009,West,96.1061,Hour,Y,Denied
EZYV5244,Asia,Master's,Y,N,3346,2007,Northeast,14803.96,Year,Y,Certified
EZYV19368,Asia,Bachelor's,Y,N,4143,1984,West,85031.78,Year,Y,Denied
EZYV274,Africa,Master's,N,N,1608,2009,West,118.84,Hour,Y,Denied
EZYV5589,Asia,Bachelor's,Y,N,464,1869,Northeast,81896.73,Year,Y,Certified
EZYV15326,Asia,Bachelor's,N,N,30,1898,South,662.7582,Hour,Y,Denied
EZYV8160,Asia,Bachelor's,Y,Y,1463,2001,South,381.7361,Hour,Y,Denied
EZYV18355,Asia,Bachelor's,N,N,1777,1995,West,113602.36,Year,Y,Certified
EZYV20991,Asia,High School,N,N,3417,2002,South,77.3424,Hour,Y,Certified
EZYV8871,Asia,Bachelor's,N,Y,632,1989,West,134011.22,Year,Y,Denied
EZYV19983,Europe,Bachelor's,Y,N,54548,1965,West,61120.7,Year,Y,Certified
EZYV8019,Asia,Master's,N,N,157,1987,Midwest,103393.93,Year,N,Certified
EZYV18185,Asia,Master's,Y,N,2012,2012,Northeast,14835.36,Year,Y,Certified
EZYV4221,Asia,High School,N,N,1597,2007,Midwest,158591.39,Year,Y,Denied
EZYV13523,Asia,Master's,Y,N,244,1860,South,186.78,Hour,Y,Certified
EZYV11161,Asia,Master's,Y,N,11859,1979,Island,106146.33,Year,Y,Certified
EZYV24206,Asia,High School,Y,N,368,1998,West,118826.99,Year,Y,Certified
EZYV15217,Europe,Doctorate,N,N,498,1821,Midwest,28707.16,Year,Y,Certified
EZYV15393,North America,Bachelor's,Y,N,2697,1928,South,175968.05,Year,Y,Certified
EZYV16107,Asia,Bachelor's,Y,N,391,2009,Northeast,114595.69,Year,Y,Denied
EZYV519,Asia,Bachelor's,N,N,2659,1989,Northeast,572.8227,Hour,N,Denied
EZYV14262,Asia,Master's,Y,N,79,1998,Northeast,4409.09,Year,Y,Certified
EZYV24839,Asia,Bachelor's,Y,Y,2814,2001,South,78534.41,Year,Y,Certified
EZYV15628,Asia,High School,N,N,3990,2000,West,682.8026,Hour,Y,Denied
EZYV15540,Asia,Bachelor's,Y,N,3352,1994,Northeast,63638.29,Year,Y,Denied
EZYV1646,Asia,High School,N,N,3027,1997,Northeast,199427.98,Year,N,Denied
EZYV18394,Africa,High School,Y,N,3253,1868,Northeast,32005.27,Year,Y,Denied
EZYV11878,Europe,Master's,N,N,969,1994,Island,138052.98,Year,Y,Denied
EZYV18342,North America,Master's,Y,N,4263,1890,Northeast,143943.61,Week,Y,Certified
EZYV24450,Asia,Doctorate,Y,N,1084,2000,South,18905.31,Year,Y,Certified
EZYV4924,Africa,Bachelor's,N,N,913,1954,South,256903.7,Year,N,Certified
EZYV20380,Asia,Doctorate,N,N,979,1927,Midwest,136466.76,Year,Y,Certified
EZYV22139,Europe,Doctorate,Y,N,2022,2005,Northeast,58606.24,Year,Y,Certified
EZYV21064,Asia,Master's,Y,N,5839,2006,Northeast,142618.18,Year,Y,Denied
EZYV12872,Asia,Master's,N,N,3386,1979,West,83256.76,Year,N,Certified
EZYV16985,Asia,Bachelor's,Y,N,707,2015,South,75355.85,Year,Y,Certified
EZYV25307,Asia,High School,N,N,2988,2009,Midwest,74501.07,Year,Y,Denied
EZYV24935,Asia,Master's,Y,N,5047,2007,West,23825.89,Year,Y,Certified
EZYV17688,Europe,Master's,N,N,2243,2005,Northeast,741.6666,Hour,Y,Denied
EZYV5123,Asia,High School,Y,N,156,2013,West,206.41,Hour,Y,Denied
EZYV7063,Asia,Master's,Y,N,272,2008,Northeast,86795.53,Year,Y,Certified
EZYV7907,Europe,Bachelor's,Y,N,192,1985,Northeast,24258.73,Year,Y,Denied
EZYV3225,Asia,Bachelor's,N,N,3450,1911,West,69429.68,Year,Y,Denied
EZYV16770,Asia,Master's,N,N,907,2006,Northeast,139541.77,Year,Y,Certified
EZYV5239,Europe,Bachelor's,N,Y,2065,1977,South,120541.42,Year,Y,Certified
EZYV19433,Asia,High School,N,N,1580,2003,South,92693.14,Year,Y,Denied
EZYV145,Asia,Bachelor's,N,Y,1634,1999,South,51282.75,Year,Y,Certified
EZYV5765,North America,Master's,Y,N,1400,1996,South,61052.31,Year,N,Certified
EZYV11581,Asia,Bachelor's,N,N,206,2008,Midwest,263466.82,Year,Y,Certified
EZYV22617,Europe,Master's,Y,Y,971,1952,South,64567.17,Year,Y,Certified
EZYV7639,Europe,Doctorate,Y,N,451,1953,South,90318.67,Year,Y,Certified
EZYV12665,Asia,Master's,N,N,185,2001,Midwest,130209.34,Year,Y,Certified
EZYV10613,Asia,Master's,Y,N,3166,2001,Midwest,157218.73,Year,Y,Certified
EZYV23153,Asia,Doctorate,Y,N,3051,1975,South,942.5964,Hour,Y,Denied
EZYV23640,Asia,Master's,N,N,575,2008,Northeast,104.53,Hour,Y,Denied
EZYV7498,Asia,Master's,N,N,2146,2006,Northeast,248137.05,Year,Y,Certified
EZYV14599,Asia,Master's,Y,N,3739,1962,Midwest,82875.81,Year,Y,Certified
EZYV16715,Asia,Bachelor's,Y,N,3958,1895,South,30488.79,Year,Y,Certified
EZYV15650,Asia,Master's,N,N,1969,2013,South,103954.37,Year,Y,Denied
EZYV21078,Asia,High School,N,N,442,2006,Midwest,319210.27,Year,Y,Denied
EZYV22718,Asia,Bachelor's,N,N,298,1962,Northeast,28188.27,Week,Y,Denied
EZYV8421,Europe,Doctorate,N,N,2412,1998,West,91603.2,Year,Y,Certified
EZYV12372,Asia,Master's,N,N,2440,1999,Midwest,185892.89,Year,Y,Denied
EZYV2628,North America,Master's,Y,N,3330,2001,South,44353.77,Year,N,Certified
EZYV2736,Asia,Master's,N,Y,1441,1999,Northeast,31158.69,Year,Y,Denied
EZYV19312,Asia,Master's,N,N,1816,2007,South,576.8375,Hour,Y,Denied
EZYV13492,Asia,Bachelor's,Y,N,831,2002,West,44541.32,Year,Y,Denied
EZYV3444,Asia,Bachelor's,Y,N,3639,1994,West,84724.28,Year,Y,Certified
EZYV6198,Asia,Master's,N,N,365,1988,Northeast,21385.24,Year,Y,Certified
EZYV22625,Asia,Bachelor's,N,N,1475,1999,Northeast,692.6452,Hour,Y,Certified
EZYV7674,South America,Bachelor's,N,N,2400,1968,South,100.7597,Hour,Y,Denied
EZYV17551,North America,Doctorate,Y,Y,4464,1984,Northeast,239224.53,Year,Y,Certified
EZYV7851,Europe,High School,Y,N,1300,1849,Northeast,100862.39,Year,Y,Denied
EZYV17057,Asia,Master's,Y,N,806,2009,Northeast,112560.61,Year,Y,Denied
EZYV18190,Asia,Master's,N,Y,2071,2010,South,126315.79,Year,Y,Certified
EZYV15977,Asia,Bachelor's,Y,N,2904,2005,West,49155.74,Year,Y,Certified
EZYV2551,North America,Bachelor's,Y,N,1928,1983,South,68634.99,Year,Y,Certified
EZYV1954,South America,Bachelor's,Y,N,5684,1989,Northeast,101567.63,Year,Y,Certified
EZYV9853,North America,High School,Y,Y,1355,1907,West,60425.05,Year,Y,Denied
EZYV12181,Europe,High School,N,Y,654,2009,South,33284.21,Year,Y,Denied
EZYV2126,North America,Master's,Y,N,1566,1948,West,77136.35,Year,Y,Certified
EZYV6708,Asia,Bachelor's,Y,N,639,2003,Northeast,80272.86,Year,Y,Certified
EZYV11420,Africa,Bachelor's,Y,N,1605,1947,Northeast,208169.03,Year,Y,Denied
EZYV9382,North America,Master's,N,N,1244,2006,Northeast,40163.18,Week,Y,Certified
EZYV17370,Asia,Master's,Y,N,5000,1997,South,30404.99,Year,N,Certified
EZYV21378,Asia,Bachelor's,Y,N,245,1987,South,12580.88,Year,Y,Certified
EZYV9431,Asia,Master's,Y,N,4450,1997,South,135900.82,Year,Y,Certified
EZYV25030,Europe,Doctorate,Y,N,2160,1976,West,109286.09,Year,Y,Denied
EZYV14149,Africa,Master's,N,N,2691,2011,South,104253.66,Year,Y,Certified
EZYV24117,Asia,Bachelor's,N,Y,3310,2008,South,76668.14,Year,Y,Certified
EZYV6526,South America,Master's,N,N,4426,2006,South,193745.68,Year,N,Denied
EZYV19271,Asia,Bachelor's,N,N,328,2004,West,73655.15,Year,Y,Denied
EZYV19973,Asia,High School,N,N,3846,1998,South,44048.87,Year,Y,Certified
EZYV15744,Europe,Master's,Y,N,4145,2013,Northeast,6488.0,Year,Y,Certified
EZYV8562,North America,Master's,N,N,56,1865,South,93783.95,Year,N,Certified
EZYV8431,Asia,Bachelor's,N,N,1065,1817,Midwest,897.158,Hour,Y,Certified
EZYV19374,Africa,Bachelor's,Y,N,1172,1982,Midwest,114680.48,Week,Y,Denied
EZYV24252,Europe,Master's,Y,N,1410,1987,West,57361.53,Year,Y,Denied
EZYV18108,Europe,Master's,Y,N,3172,1987,West,9912.5,Year,Y,Certified
EZYV18228,Asia,Master's,Y,N,1355,2006,Midwest,112672.17,Year,Y,Certified
EZYV23809,South America,Master's,Y,Y,1038,2000,Northeast,48520.92,Year,Y,Denied
EZYV9595,Europe,Bachelor's,N,N,6646,1985,West,15914.23,Year,Y,Certified
EZYV15644,Asia,Master's,Y,N,1926,1960,West,47958.56,Year,Y,Certified
EZYV15488,Asia,Master's,Y,N,4100,1958,Northeast,186866.95,Year,Y,Certified
EZYV2191,Asia,High School,N,N,3545,1990,South,19582.59,Year,Y,Certified
EZYV7500,Europe,Bachelor's,Y,N,1500,2004,South,3025.56,Year,Y,Certified
EZYV9066,Asia,High School,Y,N,4349,2004,Northeast,107987.27,Year,Y,Denied
EZYV22728,Asia,Bachelor's,N,N,551,2007,Northeast,91392.77,Year,Y,Denied
EZYV18722,Europe,Doctorate,N,N,2214,2012,Northeast,211469.45,Year,Y,Certified
EZYV24666,Asia,Bachelor's,N,N,3137,2000,Midwest,121651.37,Year,Y,Denied
EZYV4865,Asia,Master's,Y,N,1099,1984,Northeast,109817.14,Year,Y,Certified
EZYV23243,Asia,Master's,Y,N,2422,2004,West,109092.35,Year,Y,Certified
EZYV1562,Asia,Bachelor's,Y,N,4367,1877,South,45163.17,Year,Y,Certified
EZYV6956,Asia,Bachelor's,Y,N,5211,2010,South,44919.86,Year,Y,Certified
EZYV20512,Asia,Bachelor's,Y,N,2157,2005,Northeast,43680.22,Year,Y,Denied
EZYV6540,Asia,Bachelor's,Y,N,3011,2003,South,904.6097,Hour,Y,Denied
EZYV14921,North America,Bachelor's,Y,N,1403,2005,South,106581.74,Year,N,Certified
EZYV23336,Oceania,Master's,N,N,3173,1993,Northeast,122.65,Hour,Y,Denied
EZYV7759,Asia,Master's,Y,N,1334,2006,West,741.0381,Hour,Y,Certified
EZYV2526,Asia,Master's,N,N,2049,1997,Northeast,721.5274,Hour,Y,Denied
EZYV24143,North America,Master's,N,N,5572,1975,West,76632.04,Year,N,Certified
EZYV18121,Asia,Doctorate,N,N,1936,2007,Northeast,645.2549,Hour,Y,Certified
EZYV2079,Asia,Bachelor's,N,N,3830,1985,West,123049.88,Year,Y,Denied
EZYV17682,Europe,Master's,Y,N,227,2013,West,76643.93,Year,Y,Certified
EZYV16270,North America,Master's,Y,N,4692,1968,Midwest,114520.87,Year,N,Certified
EZYV13432,Africa,Bachelor's,N,N,2966,1830,Northeast,61905.94,Year,Y,Certified
EZYV17707,Asia,Doctorate,N,N,3092,1985,West,674.1029,Hour,Y,Denied
EZYV4056,Asia,Master's,N,Y,1394,1997,South,7635.99,Year,Y,Denied
EZYV7525,Asia,Doctorate,N,N,157,2001,West,55912.95,Year,Y,Certified
EZYV908,Asia,Master's,N,N,4698,1966,Northeast,75757.9,Year,N,Denied
EZYV20948,Asia,Master's,N,N,2354,2014,South,562.2244,Hour,Y,Certified
EZYV19665,Asia,Master's,Y,N,2230,2012,Midwest,32494.93,Year,Y,Certified
EZYV6899,Asia,Bachelor's,Y,Y,3692,1977,West,15129.43,Year,Y,Certified
EZYV13610,Asia,High School,N,N,762,2013,Midwest,87327.04,Year,Y,Denied
EZYV3828,Asia,Bachelor's,Y,N,5262,2005,South,117903.56,Year,N,Certified
EZYV8481,Asia,Bachelor's,Y,N,1132,2013,Northeast,15522.78,Year,Y,Certified
EZYV5183,Africa,Master's,Y,N,4713,1887,Northeast,109744.09,Year,Y,Certified
EZYV13899,Asia,Master's,N,N,3839,1992,Northeast,146804.16,Year,Y,Certified
EZYV10605,North America,Master's,N,N,1263,1847,Midwest,79667.32,Year,N,Certified
EZYV21282,Asia,Bachelor's,Y,N,2190,1929,Northeast,33466.52,Year,Y,Denied
EZYV24004,Asia,Doctorate,Y,N,4359,2006,South,185.7137,Hour,Y,Denied
EZYV13526,Asia,Master's,Y,N,3269,1993,South,58146.23,Year,Y,Certified
EZYV14383,North America,High School,Y,N,2940,2003,Northeast,60310.32,Year,Y,Denied
EZYV4942,Asia,Doctorate,Y,N,3077,1999,Northeast,52563.97,Year,Y,Certified
EZYV6517,North America,High School,Y,N,4347,1994,Northeast,70913.99,Week,Y,Certified
EZYV10743,Asia,Bachelor's,N,N,1801,2007,West,97827.48,Year,Y,Certified
EZYV17191,Europe,Doctorate,Y,N,213,2012,West,18299.42,Year,Y,Certified
EZYV16601,South America,Bachelor's,Y,N,726,2011,South,19770.58,Year,Y,Certified
EZYV305,Asia,Bachelor's,Y,N,2114,1977,West,596.2488,Hour,Y,Certified
EZYV8640,Europe,Master's,N,N,2089,2016,West,399.6297,Hour,Y,Denied
EZYV15945,Asia,Bachelor's,N,N,136,1939,Northeast,4276.52,Year,Y,Denied
EZYV10858,Asia,Doctorate,Y,Y,1271,2005,South,18663.73,Year,Y,Certified
EZYV964,Asia,Master's,Y,N,1606,2012,Midwest,3435.99,Year,Y,Certified
EZYV23793,North America,Master's,N,N,2432,2004,Northeast,24586.71,Year,Y,Denied
EZYV9906,North America,Bachelor's,N,N,381,1997,South,105.08,Hour,Y,Denied
EZYV20474,North America,Bachelor's,Y,N,3105,1888,Northeast,103373.34,Year,Y,Certified
EZYV17412,Asia,Bachelor's,Y,N,3071,1984,Midwest,81977.5,Year,Y,Certified
EZYV5722,Asia,Bachelor's,Y,N,15125,1981,West,6984.25,Year,Y,Certified
EZYV5981,Asia,Bachelor's,Y,N,3231,1968,Island,142164.39,Year,Y,Certified
EZYV21164,Oceania,Bachelor's,N,Y,3974,2004,South,104042.52,Year,Y,Certified
EZYV22944,Asia,Bachelor's,Y,N,2765,1989,Northeast,138123.08,Year,Y,Denied
EZYV13887,Asia,Bachelor's,Y,Y,16265,1997,Midwest,48698.15,Year,Y,Certified
EZYV3575,Asia,Master's,Y,N,541,1999,Midwest,72104.96,Year,Y,Certified
EZYV21940,Asia,Bachelor's,N,N,2696,2007,South,65906.82,Year,Y,Certified
EZYV16318,Asia,Bachelor's,Y,N,2633,1965,Northeast,58771.43,Year,Y,Certified
EZYV2378,North America,Bachelor's,Y,N,2888,1836,South,34245.05,Week,Y,Certified
EZYV14238,North America,Master's,Y,N,2710,1998,Northeast,97055.82,Year,Y,Certified
EZYV24515,Asia,Bachelor's,Y,Y,14438,1927,South,97744.6,Year,Y,Certified
EZYV9823,Asia,Master's,Y,N,678,1975,West,125201.1,Year,Y,Certified
EZYV25363,North America,Bachelor's,Y,Y,854,1956,West,118605.58,Year,Y,Certified
EZYV6858,Asia,Master's,Y,N,4065,1988,Northeast,3206.28,Year,Y,Certified
EZYV19101,Asia,Master's,Y,N,2421,2001,Midwest,98602.35,Year,Y,Certified
EZYV1835,Asia,Bachelor's,Y,N,451,1968,West,816.7541,Hour,Y,Certified
EZYV13454,Asia,Bachelor's,N,N,2499,2009,Midwest,105604.7,Year,N,Certified
EZYV21776,Asia,High School,N,N,788,2012,Northeast,88402.64,Year,N,Denied
EZYV12378,Asia,Bachelor's,N,N,64804,1993,Northeast,810.02,Year,Y,Denied
EZYV4843,Europe,Master's,N,N,3275,1960,South,65729.99,Year,Y,Certified
EZYV19039,Asia,Master's,Y,Y,347,1998,Northeast,94193.74,Year,Y,Denied
EZYV8973,Asia,High School,Y,Y,434,1924,South,97205.93,Year,Y,Denied
EZYV1409,Asia,High School,N,N,1870,1950,South,95887.82,Year,Y,Certified
EZYV6725,Europe,Master's,N,N,1636,2003,Northeast,69629.32,Year,Y,Denied
EZYV24387,Asia,Bachelor's,N,Y,2754,2009,West,112465.89,Year,Y,Denied
EZYV15259,Asia,Doctorate,N,N,1087,1998,Midwest,157505.99,Year,Y,Certified
EZYV1881,Asia,Master's,N,N,636,2007,West,46.1228,Hour,Y,Denied
EZYV24026,Europe,Bachelor's,Y,N,1648,1937,West,29650.55,Year,Y,Certified
EZYV20240,Asia,Bachelor's,Y,N,4486,2006,Northeast,94788.53,Year,Y,Certified
EZYV10781,Asia,Master's,Y,N,3529,1986,West,20871.22,Year,Y,Certified
EZYV13495,North America,Master's,Y,N,5345,1910,Midwest,70715.3,Year,N,Certified
EZYV18271,Asia,Doctorate,Y,Y,29,1997,South,24701.48,Year,Y,Certified
EZYV7860,Asia,Bachelor's,Y,N,1734,1981,Midwest,45096.64,Year,Y,Certified
EZYV1694,Asia,Bachelor's,Y,N,19619,1981,Northeast,20551.77,Year,Y,Certified
EZYV2037,Asia,High School,Y,N,4569,1946,South,916.3453,Hour,Y,Certified
EZYV15772,Asia,High School,N,N,182,1855,South,60237.35,Year,Y,Denied
EZYV24791,Asia,Master's,Y,N,6313,2002,Midwest,73369.62,Year,Y,Certified
EZYV20436,North America,High School,Y,N,4001,1917,South,52562.47,Year,N,Certified
EZYV18886,Asia,Master's,N,N,356,1999,West,137266.38,Year,Y,Certified
EZYV24818,Asia,High School,Y,N,2048,2006,South,57390.82,Year,Y,Certified
EZYV5708,Asia,High School,Y,N,5291,1996,Northeast,21243.64,Year,Y,Denied
EZYV22290,North America,Bachelor's,N,N,890,1940,South,149.36,Hour,Y,Denied
EZYV10661,Asia,Bachelor's,Y,N,2758,1998,Midwest,140339.54,Year,Y,Certified
EZYV9784,Asia,High School,N,N,6130,1955,Midwest,87776.42,Year,Y,Denied
EZYV11438,Europe,High School,Y,N,511,1990,West,35831.63,Year,Y,Denied
EZYV20297,Asia,Master's,N,N,5993,1998,Midwest,11485.9,Year,Y,Certified
EZYV5101,Asia,Bachelor's,N,Y,1899,1986,West,75957.23,Year,Y,Denied
EZYV22157,Asia,Bachelor's,Y,N,2223,1907,South,117988.44,Year,Y,Denied
EZYV21203,Asia,Bachelor's,Y,N,1678,2007,South,240609.17,Year,Y,Denied
EZYV2589,North America,Master's,Y,N,5203,1998,Northeast,21389.89,Year,Y,Certified
EZYV6349,Asia,Bachelor's,Y,N,4264,2011,Midwest,13858.11,Year,Y,Certified
EZYV11660,Asia,Bachelor's,Y,N,1549,2006,Northeast,84330.65,Year,Y,Certified
EZYV18279,Asia,High School,N,Y,1139,1892,South,66501.78,Year,Y,Certified
EZYV6983,Asia,Doctorate,N,Y,2498,2003,Northeast,115047.07,Year,Y,Certified
EZYV24479,Asia,Bachelor's,Y,N,225,1983,Northeast,11228.83,Year,Y,Certified
EZYV1775,Asia,Master's,Y,N,464,1941,South,93043.62,Year,Y,Certified
EZYV12824,Asia,Bachelor's,Y,N,2682,2012,South,96756.8,Year,Y,Certified
EZYV18104,Europe,Master's,Y,N,42,1969,Northeast,7710.84,Year,Y,Certified
EZYV21335,Asia,Master's,Y,N,4298,1973,South,137691.81,Year,N,Denied
EZYV16329,Asia,Master's,Y,N,5019,2012,West,87405.48,Year,N,Certified
EZYV24453,South America,Bachelor's,Y,N,2148,2009,South,116671.74,Year,Y,Certified
EZYV17080,Asia,Master's,N,N,530,2007,West,121627.64,Year,Y,Denied
EZYV4038,Asia,Doctorate,Y,N,1956,2006,South,52342.28,Year,Y,Certified
EZYV12692,Asia,High School,Y,Y,3116,1979,West,96122.45,Year,Y,Denied
EZYV15472,Asia,Bachelor's,N,N,1249,1969,Midwest,125029.22,Year,Y,Certified
EZYV10528,Africa,Bachelor's,Y,N,743,1866,West,43189.93,Year,Y,Certified
EZYV19019,Asia,Bachelor's,N,Y,3179,2003,West,138499.5,Year,Y,Certified
EZYV12350,Asia,Bachelor's,Y,N,5673,2006,Northeast,83317.27,Year,Y,Certified
EZYV13480,Asia,Bachelor's,N,N,2066,1977,Midwest,146951.97,Year,Y,Denied
EZYV13268,Asia,Master's,Y,N,3679,2001,South,44725.29,Year,N,Certified
EZYV22102,Asia,High School,N,N,1447,2013,West,8916.29,Year,Y,Certified
EZYV15626,Asia,Master's,N,Y,144,2005,Northeast,42692.99,Year,Y,Certified
EZYV16203,Asia,Bachelor's,N,N,3517,2000,West,116.37,Hour,Y,Denied
EZYV14859,North America,Master's,Y,N,5146,1994,West,23929.41,Year,Y,Certified
EZYV11050,North America,Master's,Y,N,3881,2007,Midwest,6647.19,Year,Y,Certified
EZYV13388,South America,Master's,N,N,2662,1877,Northeast,327.6936,Hour,Y,Denied
EZYV621,Africa,Master's,N,Y,3256,2004,South,138622.73,Year,Y,Certified
EZYV15193,Asia,Bachelor's,Y,N,2359,1989,South,47843.13,Year,Y,Certified
EZYV3929,Asia,Bachelor's,N,Y,1990,1884,West,52102.86,Year,Y,Denied
EZYV10452,Europe,Master's,N,N,18758,1956,South,26765.26,Year,Y,Certified
EZYV1303,Asia,Master's,N,Y,1953,1950,West,45176.53,Year,Y,Denied
EZYV5535,Asia,Bachelor's,Y,N,2428,2003,South,724.3166,Hour,Y,Denied
EZYV9231,Asia,Bachelor's,N,N,2106,1979,South,102520.85,Year,Y,Certified
EZYV20591,Africa,Master's,Y,N,4045,1991,West,46302.56,Year,Y,Certified
EZYV6868,Asia,Doctorate,Y,N,2085,1920,South,19100.89,Year,Y,Certified
EZYV18454,North America,High School,Y,N,1727,2004,Northeast,963.3547,Hour,Y,Denied
EZYV12673,Asia,Master's,Y,N,162245,1998,South,119712.19,Year,Y,Certified
EZYV11121,North America,Master's,N,N,2899,1978,West,42659.58,Year,N,Certified
EZYV22488,North America,Doctorate,Y,N,2468,1986,West,763.5457,Hour,Y,Denied
EZYV10832,Europe,Master's,Y,Y,2455,2006,West,111875.37,Year,Y,Certified
EZYV22158,Europe,Master's,N,Y,1855,1994,South,130070.64,Year,Y,Certified
EZYV12326,Asia,Bachelor's,N,N,3963,2006,Northeast,94584.84,Year,Y,Certified
EZYV7069,Asia,Bachelor's,N,Y,182,2000,West,101205.16,Year,Y,Denied
EZYV9033,Asia,High School,N,N,2210,1998,West,72391.22,Year,N,Denied
EZYV5821,Asia,High School,N,N,2501,1960,Midwest,108288.59,Year,Y,Denied
EZYV10466,Europe,Master's,N,N,3037,2001,Midwest,89506.69,Week,Y,Certified
EZYV19611,North America,Master's,Y,N,605,2007,South,71424.74,Year,Y,Certified
EZYV24148,Africa,Master's,Y,N,2561,1983,Northeast,158748.55,Year,Y,Certified
EZYV9164,Asia,Master's,Y,N,2792,1987,Midwest,122566.14,Year,Y,Certified
EZYV18977,Asia,Bachelor's,N,N,474,1970,South,94.6627,Hour,Y,Denied
EZYV10461,Africa,Master's,N,N,2008,2007,Northeast,46851.15,Year,Y,Denied
EZYV22729,North America,High School,N,N,2913,1987,Midwest,94109.94,Year,Y,Certified
EZYV9515,North America,Master's,Y,N,4816,1976,Northeast,109195.65,Year,N,Certified
EZYV22404,Europe,Doctorate,Y,N,3177,1903,West,112828.82,Year,Y,Certified
EZYV12836,Asia,Master's,Y,N,6234,2005,Midwest,109917.48,Year,N,Certified
EZYV10407,Asia,Bachelor's,Y,N,1619,1986,West,101305.77,Year,N,Certified
EZYV20148,Asia,High School,N,N,2075,2013,Midwest,65516.46,Year,Y,Certified
EZYV12125,Asia,Master's,N,N,2812,1985,Northeast,105336.39,Year,N,Certified
EZYV18745,Asia,Bachelor's,N,N,2525,2001,West,505.6632,Hour,Y,Certified
EZYV13936,Asia,High School,N,N,1164,1994,Midwest,36949.8,Year,Y,Denied
EZYV570,Asia,Master's,Y,N,4185,1993,Midwest,109604.4,Year,Y,Certified
EZYV16710,North America,Bachelor's,N,Y,1485,2014,South,59976.48,Year,Y,Certified
EZYV7414,Asia,Master's,Y,N,2565,1982,South,71363.03,Year,Y,Certified
EZYV20682,North America,Bachelor's,N,N,2334,1969,Island,114424.98,Year,N,Denied
EZYV23948,Asia,Bachelor's,Y,N,623,2002,West,26239.52,Year,Y,Denied
EZYV20279,Europe,Bachelor's,Y,N,1079,1973,South,2315.78,Year,Y,Certified
EZYV10067,Europe,Bachelor's,Y,N,1333,2000,South,117503.91,Year,Y,Certified
EZYV24473,Asia,Master's,N,N,2556,2005,Midwest,150781.04,Year,Y,Certified
EZYV17557,Asia,Bachelor's,Y,N,1559,2013,Midwest,74605.65,Year,Y,Denied
EZYV12946,Asia,Doctorate,Y,Y,2231,2004,Midwest,49671.02,Year,Y,Certified
EZYV17474,Asia,Bachelor's,Y,N,2453,1885,West,101203.03,Year,Y,Certified
EZYV4410,Asia,High School,Y,N,4032,2007,South,115969.51,Year,Y,Denied
EZYV6643,Asia,Master's,N,N,3157,2008,West,18039.9,Year,Y,Certified
EZYV2549,Asia,Doctorate,Y,N,1822,2004,Northeast,2380.18,Year,Y,Certified
EZYV10524,Asia,Master's,N,N,2385,1902,Midwest,146.08,Hour,Y,Certified
EZYV25225,Asia,High School,Y,N,4591,1985,South,97257.74,Year,Y,Denied
EZYV12276,Asia,High School,N,N,3557,1994,South,38304.08,Year,Y,Denied
EZYV8551,Asia,Bachelor's,Y,N,4212,1968,Northeast,82750.16,Year,Y,Denied
EZYV19700,Asia,Bachelor's,N,N,441,1985,Midwest,88936.28,Year,Y,Certified
EZYV13416,Asia,Bachelor's,Y,N,3152,1994,West,11261.87,Year,Y,Denied
EZYV24346,North America,Bachelor's,N,N,1194,1916,West,52246.54,Year,Y,Denied
EZYV15890,Asia,Bachelor's,N,N,559,2000,South,59005.42,Year,Y,Certified
EZYV4948,North America,High School,Y,N,2796,2007,Northeast,64300.46,Year,Y,Certified
EZYV20404,Asia,Master's,N,N,4341,2006,South,56304.27,Year,Y,Certified
EZYV24007,North America,Master's,N,N,22446,2011,South,52021.14,Year,N,Certified
EZYV13290,North America,Bachelor's,Y,N,2419,1884,West,11764.68,Year,Y,Certified
EZYV6981,Asia,High School,Y,N,5450,2008,Northeast,19194.79,Year,Y,Denied
EZYV25168,Asia,Master's,N,N,4411,1997,Midwest,86670.84,Year,Y,Certified
EZYV15849,Asia,Bachelor's,Y,Y,863,1999,South,128950.94,Year,Y,Certified
EZYV3833,Asia,Master's,Y,N,1713,2007,Midwest,91088.38,Year,Y,Certified
EZYV3015,South America,High School,N,N,645,1971,South,753.3927,Hour,Y,Denied
EZYV11285,Asia,High School,Y,N,59391,1998,South,108447.77,Year,Y,Denied
EZYV14856,Europe,High School,N,Y,2150,1891,South,3729.75,Year,Y,Denied
EZYV17171,Europe,Bachelor's,Y,N,1899,2009,South,34523.47,Year,Y,Certified
EZYV3888,Asia,Master's,N,N,1597,1988,South,102003.6,Year,Y,Denied
EZYV23014,Asia,Master's,Y,N,36,2006,Northeast,56981.7,Year,Y,Denied
EZYV14528,Asia,Master's,N,N,1008,1958,South,141219.22,Year,N,Certified
EZYV9943,Asia,High School,Y,N,821,1922,South,152792.17,Year,Y,Denied
EZYV3482,Asia,Bachelor's,N,Y,2267,1996,West,84696.46,Year,Y,Denied
EZYV20969,Asia,Bachelor's,N,N,990,1984,Midwest,172343.56,Year,Y,Certified
EZYV22533,Asia,Master's,Y,N,6320,1938,Northeast,58677.39,Year,Y,Certified
EZYV72,Asia,High School,Y,N,1722,2007,South,61521.92,Year,Y,Certified
EZYV1093,Europe,Bachelor's,Y,N,3815,2014,West,74098.16,Year,Y,Certified
EZYV3542,Asia,Bachelor's,N,N,479,2010,West,455.2163,Hour,Y,Denied
EZYV20889,North America,Bachelor's,N,Y,1410,2008,Northeast,82332.58,Year,Y,Certified
EZYV4368,Asia,Master's,N,N,4750,2005,South,87122.42,Year,N,Denied
EZYV17463,Asia,Bachelor's,Y,N,1289,1988,Northeast,16145.79,Year,Y,Certified
EZYV23703,Asia,Bachelor's,Y,N,526,1996,South,70747.4,Year,Y,Certified
EZYV13895,Asia,Master's,N,N,169,2006,Northeast,50001.66,Year,Y,Denied
EZYV5464,Asia,Master's,N,N,2085,1984,Northeast,65855.58,Year,Y,Certified
EZYV2882,North America,Master's,Y,N,3399,2003,Midwest,130671.23,Year,N,Certified
EZYV605,Asia,Master's,Y,N,1989,1995,West,94398.97,Year,Y,Certified
EZYV9322,North America,Master's,Y,N,5876,1948,Northeast,89543.68,Year,Y,Certified
EZYV21057,Asia,Bachelor's,N,N,1605,2003,West,51780.14,Year,Y,Denied
EZYV23299,Europe,Bachelor's,N,N,44382,1950,Midwest,21838.7,Year,Y,Certified
EZYV23277,Europe,Bachelor's,Y,N,1301,2004,South,54928.49,Year,Y,Certified
EZYV21761,Asia,Bachelor's,Y,N,-25,2000,West,100463.58,Year,Y,Certified
EZYV14821,Asia,Master's,Y,N,1885,1982,South,100105.34,Year,Y,Certified
EZYV21562,Asia,Bachelor's,N,N,3337,1991,West,42560.79,Year,Y,Certified
EZYV18908,Asia,High School,N,N,49,2008,South,266821.59,Year,N,Certified
EZYV11998,Asia,Bachelor's,N,N,2850,1874,Midwest,80076.94,Year,Y,Denied
EZYV9195,Asia,Bachelor's,Y,Y,1688,1971,South,80772.41,Year,Y,Certified
EZYV8665,Asia,Bachelor's,N,N,198,1993,Northeast,136468.02,Year,Y,Denied
EZYV22058,Asia,Master's,Y,N,4586,2012,Northeast,134824.33,Year,Y,Certified
EZYV22119,Asia,Bachelor's,Y,Y,295,2015,West,88745.14,Year,Y,Certified
EZYV19821,Europe,Doctorate,Y,N,2778,2001,West,49655.79,Year,Y,Denied
EZYV2317,Europe,Bachelor's,Y,Y,3097,1876,Northeast,96237.93,Year,Y,Certified
EZYV24736,Asia,Bachelor's,N,N,2169,1963,West,329.0891,Hour,Y,Denied
EZYV25437,Asia,Bachelor's,N,N,1203,2009,South,208098.5,Year,Y,Certified
EZYV22664,Asia,Doctorate,Y,N,3104,1998,Midwest,57557.33,Year,Y,Certified
EZYV4315,North America,Master's,N,N,3351,1990,West,567.7643,Hour,Y,Denied
EZYV3533,South America,Doctorate,Y,N,106,2006,Northeast,13192.98,Year,Y,Certified
EZYV23239,Asia,Master's,Y,N,3027,2003,Northeast,86722.04,Year,Y,Denied
EZYV22628,Oceania,Master's,Y,N,3238,1932,West,104680.08,Year,Y,Certified
EZYV4582,Asia,Master's,Y,N,288,1999,South,40246.23,Year,Y,Certified
EZYV22553,North America,High School,Y,N,1867,1990,West,32868.85,Year,Y,Certified
EZYV19422,Asia,High School,Y,N,950,1998,Midwest,151521.77,Year,Y,Certified
EZYV23100,Asia,High School,Y,N,3471,1998,West,20374.97,Year,Y,Certified
EZYV22762,Africa,Master's,N,N,934,2014,West,150534.4,Year,Y,Certified
EZYV17355,Asia,Master's,N,N,155,2010,Midwest,127911.35,Year,Y,Certified
EZYV7466,Asia,Master's,N,N,266,1998,Northeast,64640.11,Year,Y,Certified
EZYV18707,Asia,Master's,N,Y,4024,1956,South,82777.44,Year,Y,Certified
EZYV5156,Oceania,Bachelor's,Y,N,284,2001,West,94679.66,Year,N,Certified
EZYV13896,Asia,Master's,Y,N,795,1999,Northeast,193753.32,Year,N,Denied
EZYV22683,Oceania,Master's,N,N,791,1969,Northeast,24593.35,Year,Y,Denied
EZYV13773,Asia,Bachelor's,Y,N,4478,1998,West,92266.26,Year,Y,Certified
EZYV23016,North America,Bachelor's,N,N,2204,1997,Midwest,1078.17,Year,Y,Certified
EZYV16228,Europe,High School,Y,N,41,1984,South,6723.92,Year,Y,Certified
EZYV12654,Asia,Bachelor's,N,N,1420,2010,Midwest,37063.59,Year,Y,Certified
EZYV16452,Asia,Bachelor's,N,N,2278,2005,Northeast,302.7049,Hour,Y,Denied
EZYV21400,North America,High School,Y,N,1242,2005,West,36306.87,Year,Y,Denied
EZYV9643,Asia,Bachelor's,Y,N,786,2001,Northeast,48843.4,Year,Y,Certified
EZYV17947,Asia,Bachelor's,Y,N,1753,1996,Northeast,344.9153,Hour,Y,Certified
EZYV11791,Asia,Bachelor's,N,N,2245,1992,South,353.2017,Hour,Y,Denied
EZYV16909,Asia,Doctorate,N,Y,1303,2012,West,393.58,Year,Y,Certified
EZYV19494,Asia,Master's,N,N,5736,2007,West,146759.8,Year,Y,Certified
EZYV23879,Europe,Doctorate,N,N,470,2004,South,29690.01,Year,Y,Certified
EZYV15498,Europe,Master's,N,Y,1019,2003,Northeast,39521.92,Year,Y,Certified
EZYV13868,Europe,High School,Y,N,2750,1948,South,62811.19,Year,Y,Denied
EZYV20564,North America,Bachelor's,Y,N,2433,2001,Northeast,15776.79,Year,Y,Certified
EZYV15269,Asia,Bachelor's,Y,Y,499720,1948,West,47992.0,Year,Y,Certified
EZYV14712,Asia,High School,Y,N,3980,1997,Midwest,42245.37,Year,Y,Denied
EZYV7376,North America,Master's,Y,N,4691,1939,Northeast,216445.82,Year,Y,Certified
EZYV18093,Europe,Master's,Y,N,3995,1994,West,4361.93,Year,Y,Certified
EZYV3821,Asia,Bachelor's,Y,N,764,2004,Northeast,99857.49,Year,Y,Certified
EZYV3801,North America,Bachelor's,N,Y,559,2006,West,58564.71,Year,Y,Denied
EZYV10634,Asia,High School,Y,N,1164,1968,West,219090.04,Year,N,Denied
EZYV10602,Europe,Bachelor's,Y,N,1982,1900,South,45943.95,Year,Y,Certified
EZYV22929,South America,Master's,Y,N,1014,1989,Midwest,31879.26,Year,Y,Certified
EZYV22637,Asia,Master's,Y,N,229,2001,Northeast,18914.29,Year,Y,Certified
EZYV18368,Asia,High School,N,N,18940,1997,West,59736.2,Year,Y,Denied
EZYV20256,North America,Master's,N,N,3250,2006,West,78724.09,Year,N,Certified
EZYV15145,Asia,Master's,Y,N,3734,2009,South,64232.12,Year,Y,Certified
EZYV8538,Asia,Master's,Y,N,205,1966,Northeast,118.43,Hour,Y,Certified
EZYV5654,Asia,Bachelor's,N,N,728,2003,Northeast,564.3397,Hour,Y,Denied
EZYV15891,South America,High School,Y,N,3489,1981,Northeast,18569.93,Year,Y,Certified
EZYV5762,Asia,Bachelor's,N,N,1898,1957,West,24535.65,Year,Y,Denied
EZYV4162,Asia,Doctorate,N,N,1903,2011,South,67383.59,Year,Y,Denied
EZYV5784,Asia,Doctorate,Y,N,1612,1989,Northeast,68033.17,Year,Y,Certified
EZYV16168,North America,Master's,Y,N,3381,2007,West,102671.62,Year,N,Certified
EZYV16043,Asia,Bachelor's,N,N,33156,2007,Northeast,45907.91,Year,Y,Certified
EZYV7066,North America,Doctorate,N,N,2219,2000,Midwest,89517.71,Year,Y,Certified
EZYV7792,Asia,High School,Y,N,5018,2004,Midwest,99750.15,Year,Y,Denied
EZYV7309,Asia,Master's,N,N,260,1981,Midwest,123330.2,Year,Y,Certified
EZYV18749,Asia,Bachelor's,Y,N,1095,1908,South,41109.32,Year,Y,Certified
EZYV11811,Asia,Bachelor's,Y,N,1309,1965,Northeast,84527.31,Year,Y,Denied
EZYV21614,Europe,Master's,N,N,103331,1983,West,47522.25,Year,Y,Certified
EZYV16185,Asia,Master's,Y,N,4252,1953,West,146425.76,Year,N,Denied
EZYV21564,Asia,Bachelor's,N,N,1686,2011,Northeast,52615.07,Year,Y,Denied
EZYV414,North America,High School,N,Y,23483,2000,South,65681.0,Year,Y,Certified
EZYV4408,Asia,Bachelor's,N,N,1330,1994,West,88711.8,Year,Y,Denied
EZYV25178,Asia,Bachelor's,Y,Y,3816,2012,West,57352.19,Year,Y,Certified
EZYV772,North America,Bachelor's,Y,N,2098,2011,Midwest,62446.69,Year,Y,Certified
EZYV2706,Asia,Bachelor's,Y,N,6499,2000,West,152043.04,Year,Y,Certified
EZYV23439,Asia,Bachelor's,Y,N,2794,1942,Midwest,108037.03,Year,N,Certified
EZYV23780,Asia,High School,N,N,2063,1988,Midwest,65539.14,Year,Y,Certified
EZYV24213,Asia,Master's,N,N,441,1970,Northeast,55150.66,Year,Y,Certified
EZYV15043,Asia,Bachelor's,Y,N,3143,2000,Midwest,147481.01,Year,Y,Certified
EZYV20606,Asia,Bachelor's,Y,N,2422,1974,Midwest,98892.66,Year,Y,Certified
EZYV2536,Europe,Master's,N,N,4647,1899,Northeast,34639.65,Year,Y,Certified
EZYV11460,Europe,Master's,Y,N,4395,2005,Northeast,35424.19,Year,Y,Certified
EZYV14098,Asia,Master's,N,N,1981,1999,West,61865.65,Year,Y,Certified
EZYV10384,North America,Doctorate,Y,N,4894,1968,Northeast,60934.98,Year,Y,Certified
EZYV23191,Asia,Doctorate,N,N,3565,1977,West,20588.42,Year,Y,Denied
EZYV11104,Asia,Master's,N,N,3704,2001,Northeast,79715.64,Year,N,Certified
EZYV16124,Europe,Bachelor's,N,N,1003,2010,South,21160.66,Year,Y,Certified
EZYV17928,Asia,Bachelor's,N,N,2693,2010,Northeast,53587.65,Year,Y,Denied
EZYV17402,North America,Bachelor's,N,N,3840,2010,South,126265.26,Year,N,Certified
EZYV19845,Europe,Bachelor's,Y,N,2732,1983,South,15123.82,Year,Y,Certified
EZYV25391,Asia,Bachelor's,Y,N,1203,1873,Midwest,143.4372,Hour,Y,Denied
EZYV7276,Europe,Doctorate,Y,N,108183,1953,South,16387.59,Year,Y,Certified
EZYV18644,Asia,High School,Y,N,692,2002,Midwest,99569.89,Year,Y,Certified
EZYV17611,Asia,Master's,N,N,3150,1948,Midwest,62714.24,Year,Y,Certified
EZYV12738,North America,Master's,Y,N,2118,2001,Midwest,58669.3,Year,N,Certified
EZYV945,Asia,Master's,Y,N,18664,2007,Island,158144.16,Year,Y,Certified
EZYV11181,Asia,Master's,Y,N,3674,1998,Midwest,42740.12,Year,Y,Certified
EZYV8575,Asia,Bachelor's,N,N,563,2011,South,766.8536,Hour,Y,Denied
EZYV20735,Asia,Master's,N,N,1678,2001,West,4080.92,Year,Y,Certified
EZYV6288,North America,Master's,Y,N,16378,1954,West,80471.0,Year,Y,Certified
EZYV4070,Asia,Master's,Y,N,2257,2008,Midwest,147490.19,Year,Y,Certified
EZYV18493,North America,Master's,N,N,12263,1986,Northeast,220.9902,Hour,Y,Denied
EZYV19781,Asia,Master's,Y,N,6630,1993,West,89959.56,Year,N,Certified
EZYV25137,Asia,Master's,N,N,4600,1981,West,153.11,Year,Y,Denied
EZYV20678,Asia,Bachelor's,Y,N,4496,1885,West,21547.89,Year,Y,Certified
EZYV9799,Asia,Master's,Y,N,4025,2012,West,40925.49,Year,Y,Certified
EZYV24349,Asia,Master's,Y,N,2909,1998,Midwest,120206.65,Year,Y,Certified
EZYV21285,North America,Master's,N,N,1801,1998,Midwest,70217.31,Year,Y,Denied
EZYV13953,Asia,Bachelor's,Y,N,1476,1863,West,22110.87,Year,Y,Denied
EZYV21823,North America,Doctorate,Y,Y,3860,2003,South,98472.25,Year,Y,Certified
EZYV21861,South America,High School,N,Y,230,1922,South,24519.98,Year,Y,Certified
EZYV10629,Asia,Bachelor's,Y,N,837,2001,South,143108.79,Year,Y,Certified
EZYV7932,Asia,Master's,N,N,1905,1985,South,73815.05,Year,Y,Certified
EZYV628,Asia,Master's,Y,N,1888,2003,Midwest,147054.85,Year,Y,Certified
EZYV12890,Asia,High School,N,N,3525,1984,Midwest,158164.1,Year,Y,Denied
EZYV2188,Asia,Bachelor's,Y,N,3920,1866,Northeast,109419.5,Year,Y,Certified
EZYV25478,Asia,Master's,Y,N,1121,1910,South,146298.85,Year,N,Certified
EZYV5025,Asia,Bachelor's,Y,N,1348,1971,West,47894.41,Year,Y,Denied
EZYV22299,Africa,Master's,Y,N,1942,2007,West,162285.42,Year,Y,Certified
EZYV22985,Asia,Bachelor's,Y,N,345,1991,West,154662.97,Year,Y,Certified
EZYV20516,Asia,Bachelor's,N,N,361,2009,Midwest,114938.68,Year,Y,Certified
EZYV8122,Asia,Doctorate,N,N,597,1997,Midwest,84233.28,Year,N,Certified
EZYV15063,Asia,Bachelor's,Y,N,3334,1993,South,26560.26,Month,Y,Certified
EZYV498,North America,Bachelor's,Y,N,3514,2010,Midwest,24197.92,Year,Y,Certified
EZYV19542,Asia,Bachelor's,N,N,1012,1994,South,384.91,Year,Y,Denied
EZYV19379,Asia,Bachelor's,Y,N,2073,1870,Northeast,102094.48,Year,Y,Certified
EZYV12426,Europe,Doctorate,Y,N,225,1908,South,55057.9,Year,Y,Certified
EZYV25340,Asia,Bachelor's,Y,N,1073,2002,West,100824.65,Year,Y,Denied
EZYV22798,Asia,Master's,N,N,2926,1994,Northeast,101.26,Hour,Y,Certified
EZYV22903,Europe,Doctorate,Y,N,4562,1997,West,33551.46,Year,Y,Certified
EZYV20572,Asia,Bachelor's,N,N,1571,1902,West,62255.81,Year,Y,Certified
EZYV8112,Asia,Master's,N,Y,86138,2010,Northeast,148413.54,Year,Y,Certified
EZYV20321,Asia,High School,Y,Y,1137,1979,South,27476.68,Year,Y,Certified
EZYV355,Asia,Bachelor's,Y,N,2269,1997,Northeast,196668.77,Year,N,Certified
EZYV8139,Asia,Bachelor's,N,N,823,1982,South,1369.14,Year,Y,Denied
EZYV1677,North America,Bachelor's,N,N,1452,2003,Northeast,510.5607,Hour,Y,Denied
EZYV5811,Asia,Bachelor's,N,N,5956,1984,South,93950.39,Year,Y,Denied
EZYV14057,North America,Master's,N,N,3757,1908,Midwest,278554.98,Year,N,Certified
EZYV20123,Asia,Master's,N,Y,1438,1989,Northeast,69302.68,Year,Y,Certified
EZYV3203,Asia,Bachelor's,Y,N,3360,1999,West,16257.89,Year,Y,Certified
EZYV15679,Asia,Bachelor's,Y,N,3256,2006,Northeast,30186.89,Year,Y,Certified
EZYV1439,South America,Master's,Y,N,254,1981,Island,83202.72,Year,Y,Certified
EZYV10329,Asia,Master's,N,N,2716,1982,Midwest,116904.79,Year,Y,Certified
EZYV12496,Europe,Master's,N,Y,2482,2008,South,72134.31,Year,Y,Certified
EZYV810,Europe,Doctorate,Y,N,3477,2008,Northeast,71113.2,Year,Y,Certified
EZYV13258,Asia,Bachelor's,Y,N,2944,1958,West,31681.96,Year,Y,Certified
EZYV7317,Asia,Doctorate,N,N,115,1977,South,96289.72,Year,Y,Certified
EZYV6204,Asia,Master's,Y,N,772,1874,West,16479.71,Year,Y,Certified
EZYV6475,Asia,Bachelor's,N,N,4251,2011,Northeast,29716.12,Year,Y,Certified
EZYV1942,Asia,Doctorate,Y,Y,2915,1997,West,23331.87,Year,Y,Certified
EZYV3650,Asia,Bachelor's,Y,N,5388,2011,South,61535.48,Year,Y,Certified
EZYV13923,Asia,Doctorate,Y,N,1136,2009,West,80780.28,Year,Y,Certified
EZYV25161,Asia,Bachelor's,Y,N,2879,2002,Northeast,78964.09,Year,Y,Certified
EZYV8183,Asia,Master's,Y,N,30172,2000,West,142272.08,Year,Y,Certified
EZYV4923,Asia,Master's,Y,N,1903,1981,South,92440.74,Year,Y,Certified
EZYV3020,Asia,Master's,N,N,638,1994,South,76818.46,Year,Y,Denied
EZYV12486,Asia,Master's,Y,N,1658,2012,South,62758.74,Year,Y,Certified
EZYV2456,Asia,Bachelor's,Y,N,4135,2001,Northeast,42400.51,Year,N,Certified
EZYV20099,North America,Master's,Y,N,4051,1868,South,113923.86,Year,N,Certified
EZYV32,Asia,Doctorate,Y,N,995,1880,South,135866.13,Year,N,Certified
EZYV16098,Asia,Bachelor's,Y,N,3541,1994,Island,169221.65,Year,Y,Certified
EZYV9830,Asia,Bachelor's,Y,N,1989,1991,Northeast,113057.88,Year,Y,Certified
EZYV23647,Europe,Bachelor's,N,N,3100,2010,West,150920.96,Year,Y,Certified
EZYV9397,South America,High School,Y,N,3044,1945,South,45731.69,Year,Y,Denied
EZYV13620,Asia,Bachelor's,Y,N,317,1993,South,99342.3,Year,Y,Certified
EZYV11784,Europe,Master's,Y,N,5039,2013,West,95950.15,Year,Y,Certified
EZYV15276,North America,Master's,Y,N,2426,1970,Northeast,2128.47,Year,N,Certified
EZYV17980,Asia,Master's,N,N,3202,1986,Northeast,131406.31,Year,Y,Denied
EZYV1937,Europe,High School,N,N,2455,1838,West,64849.17,Year,Y,Denied
EZYV19207,Asia,Master's,Y,N,2442,1962,Northeast,142913.55,Year,Y,Certified
EZYV5320,North America,Master's,Y,N,78853,1838,West,102394.68,Year,N,Certified
EZYV5590,Asia,High School,Y,N,3115,2006,South,111500.07,Year,Y,Denied
EZYV2777,Asia,Master's,Y,N,230,1888,West,214629.56,Year,N,Certified
EZYV11953,North America,Master's,Y,N,3632,1951,Northeast,74097.17,Year,Y,Certified
EZYV7223,Asia,Bachelor's,N,N,820,1989,South,99942.79,Year,Y,Certified
EZYV20164,Asia,High School,N,N,1033,2001,Northeast,11721.67,Year,Y,Certified
EZYV8137,Asia,Master's,Y,N,1209,1983,Northeast,24701.96,Year,Y,Certified
EZYV7221,Asia,Master's,Y,N,1617,1994,Midwest,54033.4,Year,Y,Certified
EZYV16352,Europe,Bachelor's,Y,N,6453,1968,South,2511.32,Year,Y,Certified
EZYV1599,Europe,High School,N,N,4722,2007,Northeast,85488.02,Year,N,Denied
EZYV24049,Asia,Master's,Y,N,3675,2003,Midwest,108795.99,Year,Y,Certified
EZYV5816,Africa,Bachelor's,Y,N,1067,2013,West,32729.32,Year,N,Denied
EZYV8579,Asia,Bachelor's,Y,N,314,1994,South,73479.67,Year,Y,Certified
EZYV2060,Asia,Master's,N,N,5473,2001,Midwest,126533.17,Year,Y,Certified
EZYV23513,Asia,Master's,N,N,2157,1998,Midwest,73043.48,Year,N,Denied
EZYV4054,Asia,High School,Y,N,3108,1839,Midwest,160559.12,Year,Y,Denied
EZYV16496,Asia,Bachelor's,N,N,988,1996,Midwest,69906.56,Year,Y,Certified
EZYV17526,South America,Master's,Y,Y,985,2009,South,75048.11,Year,Y,Certified
EZYV20819,Oceania,Bachelor's,Y,N,3767,1969,South,126399.34,Year,Y,Certified
EZYV3767,North America,Master's,Y,N,1584,1977,Northeast,46927.41,Year,N,Certified
EZYV2353,Asia,Bachelor's,Y,N,1871,2009,Midwest,182394.83,Year,Y,Certified
EZYV17274,Asia,Master's,N,N,20926,1998,South,133571.69,Year,N,Denied
EZYV6325,North America,Master's,Y,N,15190,1940,South,67120.04,Year,Y,Certified
EZYV14988,Asia,High School,N,N,616,2005,South,595.9285,Hour,Y,Denied
EZYV21866,Asia,Master's,Y,N,2255,1994,Midwest,86457.28,Year,Y,Certified
EZYV20213,Asia,Master's,N,N,3220,1909,Midwest,675.1753,Hour,Y,Certified
EZYV14646,Asia,Bachelor's,N,N,293,1954,Northeast,41315.88,Year,Y,Certified
EZYV21784,Asia,High School,Y,N,704,1998,Midwest,135965.33,Year,Y,Denied
EZYV12466,Asia,Bachelor's,Y,Y,2131,1980,West,48418.01,Year,Y,Certified
EZYV10313,North America,Master's,Y,N,2897,2012,Northeast,73608.3,Year,Y,Certified
EZYV6583,Asia,High School,N,N,2501,2015,West,59601.0,Year,Y,Denied
EZYV9325,Asia,Master's,N,N,5536,1995,West,58938.75,Year,Y,Certified
EZYV11741,Europe,Master's,N,Y,4680,2010,West,9723.73,Year,Y,Certified
EZYV9855,Asia,High School,N,Y,3568,1948,South,63652.15,Year,Y,Denied
EZYV7308,Asia,Bachelor's,N,N,4155,1865,West,424.509,Hour,Y,Certified
EZYV19265,Asia,High School,N,N,1159,2006,South,53.0071,Hour,Y,Denied
EZYV13231,Europe,Master's,N,N,3709,1919,Northeast,535.9371,Hour,Y,Denied
EZYV17692,Asia,Bachelor's,Y,N,1828,1940,Northeast,806.5105,Hour,Y,Denied
EZYV1016,Asia,Doctorate,Y,Y,639,1868,South,45799.41,Year,Y,Certified
EZYV16388,Asia,Bachelor's,Y,N,2182,1988,Northeast,137274.58,Year,Y,Certified
EZYV16488,Asia,Master's,N,N,1758,1996,Midwest,67547.13,Year,Y,Certified
EZYV16381,Europe,Master's,N,N,772,2000,West,73560.4,Year,Y,Certified
EZYV8353,Asia,Master's,Y,N,796,1999,Midwest,96779.07,Year,Y,Certified
EZYV25208,North America,Master's,Y,N,3956,2005,Northeast,66442.94,Year,Y,Denied
EZYV4242,Asia,Bachelor's,N,N,1300,1987,Northeast,54216.9,Year,N,Denied
EZYV19028,Europe,Master's,Y,Y,3086,2004,West,68313.51,Year,Y,Certified
EZYV2322,Asia,Bachelor's,N,N,205,2007,West,75722.98,Year,Y,Denied
EZYV9363,Asia,Bachelor's,Y,N,1161,2014,South,109784.81,Year,Y,Denied
EZYV17382,Europe,Master's,Y,Y,1155,2005,West,152114.69,Year,Y,Certified
EZYV17962,North America,Master's,Y,N,2144,1991,Northeast,171973.75,Week,Y,Certified
EZYV23183,Europe,Bachelor's,N,N,3254,1998,South,129355.58,Year,Y,Denied
EZYV10348,North America,Master's,Y,N,464,1989,Northeast,75846.72,Year,Y,Certified
EZYV9667,Asia,Bachelor's,Y,N,2414,1996,Midwest,158508.24,Year,N,Denied
EZYV10653,Asia,Bachelor's,Y,N,2736,1996,Northeast,96361.16,Year,Y,Denied
EZYV12185,Asia,Bachelor's,Y,N,5246,1996,West,29052.61,Year,Y,Denied
EZYV24009,Asia,Bachelor's,Y,N,1927,2000,Northeast,123480.07,Year,Y,Denied
EZYV10671,Asia,Master's,N,N,2899,2007,South,140908.82,Year,N,Certified
EZYV7407,Asia,Doctorate,N,N,306,1991,Northeast,91225.19,Year,Y,Certified
EZYV19598,Asia,Bachelor's,N,N,761,1902,Northeast,25820.22,Year,Y,Certified
EZYV18882,Asia,Bachelor's,Y,N,3465,1987,West,61936.73,Year,Y,Denied
EZYV23739,Asia,High School,Y,N,2725,1992,Northeast,11.3078,Hour,Y,Denied
EZYV9628,Europe,Bachelor's,Y,N,2735,1952,West,56119.78,Year,Y,Denied
EZYV21684,North America,Bachelor's,Y,N,2010,2002,South,60764.21,Year,Y,Denied
EZYV2085,North America,Bachelor's,N,N,4044,1970,Northeast,66344.07,Year,Y,Denied
EZYV5418,Asia,Bachelor's,N,N,4256,2004,West,87176.58,Year,Y,Certified
EZYV17392,Asia,Master's,N,N,2542,2013,South,125127.24,Year,N,Certified
EZYV21280,Asia,Bachelor's,N,N,625,1978,West,51105.9,Year,Y,Denied
EZYV7724,Asia,Master's,Y,N,376,1999,Midwest,101492.78,Year,Y,Certified
EZYV2899,Asia,Bachelor's,Y,N,3806,2007,West,79310.87,Year,Y,Certified
EZYV14832,Asia,High School,Y,N,507,2004,Midwest,196347.33,Year,Y,Denied
EZYV21722,Asia,Master's,Y,N,4899,2000,West,62817.79,Year,Y,Certified
EZYV4461,Asia,Master's,N,N,1284,1974,Midwest,104040.79,Year,N,Denied
EZYV17224,Asia,Bachelor's,Y,N,1973,1992,West,78371.47,Year,Y,Denied
EZYV2982,Asia,Bachelor's,N,N,906,2004,Midwest,98038.6,Year,Y,Denied
EZYV1172,Asia,Bachelor's,N,Y,3013,2005,South,136743.29,Year,Y,Certified
EZYV17329,Asia,Bachelor's,N,N,2504,1964,West,230395.29,Year,Y,Certified
EZYV11216,Asia,Master's,Y,N,4152,1891,West,101.71,Hour,Y,Certified
EZYV24169,North America,High School,N,N,6102,2014,Northeast,487.6331,Hour,Y,Denied
EZYV8917,Asia,Bachelor's,Y,N,2784,2014,Midwest,169382.44,Year,Y,Certified
EZYV413,Asia,Bachelor's,Y,Y,2105,2000,West,26459.67,Year,Y,Certified
EZYV17244,Asia,Master's,Y,N,3773,2005,South,17816.16,Year,Y,Certified
EZYV24390,North America,Bachelor's,Y,N,2028,1947,Northeast,110155.41,Year,Y,Denied
EZYV13741,Asia,Bachelor's,Y,N,9342,2007,South,628.5421,Hour,Y,Certified
EZYV2755,North America,Bachelor's,N,N,4703,2011,West,155518.36,Year,Y,Denied
EZYV21071,South America,Doctorate,Y,Y,4242,1840,Northeast,76172.83,Year,Y,Certified
EZYV6200,Asia,Master's,N,N,1370,2001,South,89918.47,Week,Y,Certified
EZYV17293,Asia,Bachelor's,Y,N,3929,2009,West,110639.0,Year,Y,Certified
EZYV16974,South America,High School,Y,N,2375,1992,South,55113.38,Year,Y,Certified
EZYV21839,Africa,High School,Y,N,902,2005,Northeast,68955.42,Year,Y,Certified
EZYV22618,Europe,Bachelor's,N,N,4632,2013,West,107213.23,Year,Y,Certified
EZYV18611,Asia,Master's,N,N,3557,2005,South,150203.91,Year,Y,Denied
EZYV13487,Europe,Master's,N,N,81546,2010,West,64534.13,Year,Y,Certified
EZYV4394,Asia,Bachelor's,N,N,328,2007,South,26970.54,Year,Y,Denied
EZYV4785,Asia,Bachelor's,Y,N,533,2004,West,94809.38,Year,Y,Denied
EZYV7296,Asia,Bachelor's,Y,Y,1829,1962,South,153115.73,Year,Y,Certified
EZYV22275,Asia,High School,N,N,1484,2001,South,44738.52,Year,Y,Denied
EZYV23731,Asia,Bachelor's,N,N,422,1869,Island,130132.64,Year,Y,Denied
EZYV8731,Europe,High School,Y,N,4379,1987,South,136324.32,Year,Y,Denied
EZYV17732,Asia,Master's,N,Y,69,1998,West,133720.55,Year,Y,Certified
EZYV10716,Europe,Doctorate,N,N,1662,1998,West,92235.44,Year,Y,Certified
EZYV11987,Europe,Doctorate,N,N,5293,2008,Midwest,13752.44,Year,Y,Certified
EZYV9127,Asia,Master's,Y,N,720,1999,Midwest,137154.34,Year,Y,Certified
EZYV16565,Asia,High School,N,Y,2932,1998,South,63096.76,Year,Y,Certified
EZYV22222,South America,Master's,Y,N,276,1977,Northeast,50566.55,Year,Y,Certified
EZYV1568,Europe,High School,N,Y,5303,1991,Northeast,112087.97,Year,Y,Denied
EZYV19609,Asia,High School,Y,N,2160,2006,Northeast,15724.65,Year,Y,Certified
EZYV12981,Europe,Bachelor's,N,N,4177,2001,Northeast,84129.33,Year,Y,Certified
EZYV9261,Asia,Master's,Y,N,781,1944,South,124449.18,Year,Y,Certified
EZYV2683,Asia,Master's,Y,N,2466,2013,Midwest,56399.83,Year,Y,Certified
EZYV23234,South America,Bachelor's,N,Y,2780,1987,South,97480.21,Year,Y,Certified
EZYV16530,Asia,Bachelor's,Y,N,654,2000,West,87605.9,Year,Y,Certified
EZYV1085,Asia,Master's,Y,N,4087,2010,Midwest,176370.34,Year,Y,Certified
EZYV866,Asia,Bachelor's,Y,N,4729,1951,South,65759.78,Year,N,Certified
EZYV17946,Asia,Bachelor's,N,Y,807,2000,Northeast,78649.84,Year,Y,Certified
EZYV5153,Asia,High School,N,N,1034,2000,Northeast,433.2396,Hour,Y,Denied
EZYV958,Asia,Bachelor's,N,N,573,2009,South,62891.29,Year,Y,Certified
EZYV13316,Asia,Master's,N,N,4109,1887,Northeast,89326.79,Year,Y,Certified
EZYV20786,North America,High School,Y,N,5576,2007,Northeast,5811.29,Year,Y,Certified
EZYV24239,Asia,Master's,Y,N,502,1985,South,98252.04,Year,Y,Certified
EZYV8273,South America,Master's,Y,N,137,2012,West,33474.72,Year,Y,Denied
EZYV4931,North America,Master's,N,N,1409,2016,South,146921.84,Year,Y,Certified
EZYV3212,Asia,Master's,Y,N,1536,2009,Midwest,56493.1,Year,Y,Certified
EZYV2379,North America,Master's,Y,N,914,1858,South,60759.63,Year,Y,Certified
EZYV20940,North America,Bachelor's,N,N,3972,2007,West,63152.63,Year,Y,Denied
EZYV13979,Asia,Master's,Y,N,2420,2006,South,78152.64,Year,Y,Certified
EZYV1989,Asia,High School,N,N,3433,1981,South,38551.67,Year,Y,Certified
EZYV3354,Asia,Bachelor's,Y,N,2025,1980,South,68124.28,Year,Y,Certified
EZYV6327,Asia,Master's,Y,N,1429,1995,South,68106.14,Year,Y,Certified
EZYV20511,Asia,Bachelor's,Y,N,4540,1985,West,51269.58,Year,Y,Denied
EZYV21385,Asia,Bachelor's,Y,N,5136,1998,South,48695.57,Year,Y,Denied
EZYV10511,Asia,Bachelor's,Y,N,3739,2003,West,76493.21,Year,Y,Certified
EZYV11535,Asia,Master's,N,N,2558,1896,South,22093.61,Year,Y,Denied
EZYV18608,Asia,Master's,Y,N,2949,1985,Midwest,48810.59,Year,Y,Certified
EZYV4764,Asia,Master's,N,N,2732,2009,South,106394.65,Year,Y,Certified
EZYV20585,North America,Bachelor's,Y,N,4317,2010,Northeast,49559.33,Year,Y,Denied
EZYV379,Asia,Bachelor's,N,Y,-11,2011,Northeast,32506.14,Year,Y,Denied
EZYV13204,Asia,Master's,Y,N,1476,1928,West,135611.51,Year,Y,Certified
EZYV4057,Asia,Bachelor's,N,N,1444,1892,South,60933.62,Year,N,Denied
EZYV3765,Asia,Bachelor's,Y,N,644,2001,Midwest,108186.26,Year,Y,Certified
EZYV18481,Oceania,Doctorate,Y,N,3673,2008,West,130545.32,Year,N,Denied
EZYV11056,Oceania,High School,N,N,2644,2000,Northeast,15283.54,Year,Y,Denied
EZYV5933,Asia,Master's,N,N,3069,1988,Northeast,48622.88,Year,Y,Certified
EZYV4061,Asia,Bachelor's,Y,N,1856,2004,Northeast,63625.13,Year,Y,Denied
EZYV1181,Africa,Master's,Y,N,3771,2003,West,123870.96,Year,Y,Certified
EZYV6000,Asia,Master's,Y,N,1073,2007,Northeast,86487.83,Year,Y,Certified
EZYV25344,Asia,Master's,Y,N,53376,1875,South,58641.89,Year,Y,Certified
EZYV3126,Asia,Master's,N,N,2930,1959,Northeast,10664.9,Year,Y,Denied
EZYV7789,North America,Master's,N,N,1721,1962,Northeast,127.31,Hour,Y,Denied
EZYV11150,Asia,Bachelor's,Y,Y,149,2000,South,109057.27,Year,Y,Denied
EZYV17006,Asia,Bachelor's,Y,N,4590,1980,South,52615.93,Year,Y,Certified
EZYV24085,South America,Bachelor's,Y,N,29037,1950,South,130320.79,Year,Y,Certified
EZYV6757,Asia,Master's,N,N,32,2007,Midwest,106255.74,Year,Y,Certified
EZYV20818,Asia,Master's,N,Y,2156,1970,South,73269.74,Year,Y,Certified
EZYV2148,Asia,Master's,Y,N,5205,2001,West,4942.25,Year,Y,Certified
EZYV13601,Asia,Bachelor's,N,N,1934,1999,West,102.11,Hour,Y,Denied
EZYV19089,Asia,Master's,N,N,3410,1977,South,416.7472,Hour,Y,Denied
EZYV12302,Asia,Bachelor's,N,N,300,1980,Northeast,466.7417,Hour,Y,Certified
EZYV13750,Asia,High School,N,N,1787,2005,Northeast,44348.52,Year,Y,Denied
EZYV17002,Asia,Doctorate,Y,N,2787,2012,West,227562.89,Year,Y,Denied
EZYV8929,Asia,Master's,N,N,2726,1838,Northeast,8717.72,Year,Y,Certified
EZYV23154,Asia,Bachelor's,N,N,2137,1967,Northeast,66759.2,Year,Y,Certified
EZYV13250,Asia,Bachelor's,N,N,2123,1904,West,118.76,Hour,Y,Certified
EZYV11849,Asia,High School,Y,N,12333,1993,South,2646.67,Year,Y,Denied
EZYV18814,Asia,Doctorate,N,Y,5863,2005,South,69813.85,Year,Y,Certified
EZYV1278,Europe,Doctorate,N,N,3781,1886,West,4658.55,Year,Y,Certified
EZYV4340,Asia,Master's,Y,N,1976,1968,South,96508.0,Year,Y,Certified
EZYV2627,Asia,High School,N,N,2340,2006,Northeast,106818.89,Year,N,Denied
EZYV13848,North America,Master's,Y,N,1634,2013,South,923.4368,Hour,Y,Denied
EZYV18173,Europe,Doctorate,N,N,4582,2013,West,36754.71,Year,Y,Certified
EZYV4303,Europe,Master's,Y,N,36339,1997,Midwest,71246.41,Year,N,Denied
EZYV6679,South America,Bachelor's,Y,N,921,2003,Midwest,29133.31,Year,Y,Denied
EZYV11797,Asia,Bachelor's,Y,N,1057,1939,Northeast,146670.18,Year,Y,Certified
EZYV15987,Asia,High School,N,Y,1229,2011,South,143551.63,Year,Y,Certified
EZYV11993,Asia,Master's,Y,N,1299,2013,West,32213.12,Year,Y,Certified
EZYV17475,Asia,Bachelor's,Y,N,764,1908,Midwest,46064.58,Year,Y,Certified
EZYV20476,Asia,Master's,Y,N,3627,2010,Midwest,98641.63,Year,Y,Certified
EZYV14091,Asia,Master's,N,N,2731,2001,Midwest,89720.69,Year,N,Certified
EZYV23433,Asia,Bachelor's,Y,N,2194,2014,Northeast,145451.04,Year,Y,Certified
EZYV12897,Asia,Master's,Y,N,1418,1998,Midwest,54297.03,Year,Y,Certified
EZYV6173,North America,Doctorate,Y,N,1015,2006,South,90037.16,Year,Y,Certified
EZYV23088,Europe,High School,N,N,3699,1934,West,17994.96,Year,Y,Certified
EZYV11468,North America,Bachelor's,N,N,3308,1978,West,39473.02,Year,Y,Denied
EZYV6741,Asia,Bachelor's,Y,N,2341,2011,West,112536.25,Year,N,Certified
EZYV10983,North America,Bachelor's,Y,N,88326,2007,South,20954.21,Year,Y,Certified
EZYV2591,Asia,Master's,Y,N,898,1996,South,23324.64,Year,Y,Certified
EZYV6651,Asia,Bachelor's,Y,N,1307,2007,South,579.2598,Hour,Y,Denied
EZYV10345,Asia,Doctorate,Y,N,2648,2002,Island,134917.14,Year,Y,Certified
EZYV20848,South America,High School,Y,N,4675,1981,Midwest,55440.84,Year,Y,Certified
EZYV20855,North America,Bachelor's,Y,Y,696,2009,West,92776.49,Year,Y,Certified
EZYV8265,Asia,Master's,Y,N,588,2012,Island,115404.12,Year,Y,Certified
EZYV1991,Asia,Doctorate,Y,Y,290,2012,South,126548.59,Year,Y,Certified
EZYV15102,Europe,High School,N,Y,6148,1996,South,88596.58,Year,Y,Denied
EZYV7079,Asia,Bachelor's,Y,N,855,1934,South,177596.13,Year,N,Denied
EZYV15848,Europe,Bachelor's,Y,N,1504,2001,West,10357.93,Year,Y,Certified
EZYV18933,Europe,Bachelor's,Y,N,2188,2006,Midwest,9118.99,Year,Y,Certified
EZYV25358,Asia,Master's,Y,N,6691,2007,West,38097.67,Year,Y,Certified
EZYV23366,Asia,High School,Y,N,1484,1999,West,67875.23,Year,Y,Certified
EZYV12608,Asia,High School,Y,N,3406,1853,South,77444.46,Year,Y,Denied
EZYV25393,Europe,Doctorate,Y,Y,9489,1947,Island,13502.06,Year,Y,Certified
EZYV6292,Asia,Bachelor's,N,N,628,2004,Northeast,113465.31,Year,Y,Certified
EZYV7520,Asia,Bachelor's,Y,Y,1908,1960,South,71022.96,Year,Y,Certified
EZYV8806,Asia,Master's,Y,N,2199,2009,Northeast,4453.97,Year,Y,Certified
EZYV24417,North America,Master's,N,N,5125,1866,West,24444.65,Week,Y,Denied
EZYV17377,Asia,Bachelor's,N,N,3267,2001,South,117899.72,Year,N,Denied
EZYV25204,Asia,Master's,N,N,1711,2012,West,101901.33,Year,Y,Denied
EZYV22646,Asia,High School,Y,N,1768,2001,South,398.8298,Hour,Y,Denied
EZYV19505,Asia,Master's,N,N,277,2013,Midwest,52905.44,Year,Y,Certified
EZYV21363,Asia,Bachelor's,Y,N,674,1987,South,94358.01,Year,Y,Denied
EZYV18667,South America,Bachelor's,N,Y,114,2004,Northeast,92586.31,Year,Y,Denied
EZYV20053,Asia,Master's,N,N,2282,1985,Midwest,94794.98,Year,Y,Denied
EZYV5859,Asia,Bachelor's,N,N,1368,1988,West,130358.75,Year,Y,Certified
EZYV24147,Europe,High School,N,N,3077,1885,Northeast,1369.31,Year,Y,Certified
EZYV13155,Europe,Bachelor's,Y,N,4458,1977,West,29289.56,Year,Y,Certified
EZYV2177,North America,Bachelor's,N,N,2948,2004,Northeast,95089.48,Year,Y,Denied
EZYV7954,Asia,Bachelor's,N,N,5959,1988,West,109430.43,Year,Y,Certified
EZYV21777,Asia,Bachelor's,N,N,1375,2007,Northeast,57842.34,Year,Y,Denied
EZYV20248,Europe,Master's,Y,N,3100,1998,Northeast,127991.5,Week,Y,Certified
EZYV9297,Europe,Bachelor's,Y,N,3369,1971,South,386.2526,Hour,Y,Denied
EZYV18492,Asia,Bachelor's,N,N,378,1998,South,50474.58,Year,Y,Denied
EZYV7666,Asia,Bachelor's,N,N,1039,2004,West,125489.91,Year,Y,Denied
EZYV1687,Asia,Bachelor's,Y,N,3265,1972,Northeast,80032.34,Year,Y,Certified
EZYV17810,Asia,Bachelor's,N,N,1658,1999,South,693.8824,Hour,Y,Denied
EZYV18379,Oceania,High School,Y,Y,2367,1992,West,173089.25,Year,Y,Certified
EZYV8900,Asia,Bachelor's,N,N,1172,2013,Midwest,2190.85,Year,Y,Certified
EZYV16629,Asia,High School,Y,N,2208,2001,Northeast,60615.23,Year,Y,Denied
EZYV14627,Asia,Bachelor's,Y,N,3807,2011,South,127174.77,Year,Y,Certified
EZYV12472,Asia,Bachelor's,Y,N,505,2010,South,129521.85,Year,Y,Certified
EZYV15522,Europe,Master's,Y,N,4530,1998,South,18496.9,Year,Y,Certified
EZYV23017,Asia,Bachelor's,Y,N,256,2001,South,47078.91,Year,Y,Denied
EZYV4103,Africa,Bachelor's,N,N,1801,1994,Northeast,3287.8,Year,Y,Denied
EZYV230,Asia,Master's,N,N,2770,1997,South,112028.45,Year,N,Certified
EZYV7400,Asia,Bachelor's,N,N,23824,1800,Northeast,79657.86,Year,Y,Denied
EZYV19761,Europe,Bachelor's,Y,N,1702,1981,Midwest,109633.64,Year,Y,Denied
EZYV23536,Asia,Bachelor's,Y,N,3098,1989,South,866.454,Hour,Y,Denied
EZYV19787,Asia,Bachelor's,Y,N,3229,1998,South,68647.07,Year,Y,Denied
EZYV11986,Europe,Bachelor's,N,N,686,2005,South,70039.61,Year,Y,Certified
EZYV25474,Asia,Bachelor's,Y,N,2421,2007,Northeast,22845.56,Year,Y,Certified
EZYV2436,Asia,High School,N,N,4597,1939,Midwest,70053.67,Year,Y,Certified
EZYV7140,North America,Master's,N,N,299,2015,West,118999.78,Year,Y,Denied
EZYV6614,Asia,Bachelor's,Y,N,1731,2014,Northeast,66130.57,Year,N,Certified
EZYV2771,Europe,Bachelor's,N,N,4798,1998,South,39063.66,Year,Y,Certified
EZYV20859,Europe,High School,Y,N,19552,1991,South,24374.76,Year,Y,Certified
EZYV6805,Asia,Master's,Y,N,4629,1934,South,14748.09,Year,Y,Certified
EZYV1026,Europe,Bachelor's,N,Y,176,1943,South,5401.14,Year,Y,Certified
EZYV21690,Asia,Doctorate,Y,N,2027,1984,West,216307.74,Year,Y,Denied
EZYV24500,Europe,Bachelor's,Y,N,394,1995,West,56232.81,Year,Y,Certified
EZYV9235,Europe,Bachelor's,Y,N,488,1977,West,8045.98,Year,Y,Certified
EZYV22667,Asia,Bachelor's,Y,N,748,2005,South,30891.03,Year,Y,Certified
EZYV7590,North America,Master's,Y,N,1777,2012,Northeast,78216.9,Year,N,Denied
EZYV16123,North America,Master's,N,N,1465,1987,Northeast,80723.95,Year,N,Certified
EZYV11363,Europe,Master's,Y,N,2083,2005,Midwest,97825.11,Year,Y,Certified
EZYV9083,Asia,Bachelor's,Y,N,1192,1999,South,75887.83,Year,Y,Denied
EZYV19334,Asia,Bachelor's,Y,N,3644,2007,South,23288.49,Year,Y,Certified
EZYV6635,Asia,Bachelor's,Y,N,-26,1923,West,5247.32,Year,Y,Denied
EZYV13569,Europe,High School,Y,N,543,2001,South,28108.94,Year,Y,Denied
EZYV19568,Asia,Master's,Y,N,2732,1952,Midwest,29126.28,Year,Y,Certified
EZYV7896,Asia,Master's,N,N,1921,1996,West,193514.82,Year,N,Certified
EZYV15037,North America,Master's,Y,N,1913,2005,Northeast,72818.51,Year,N,Certified
EZYV16763,Asia,Master's,Y,N,4127,1957,Midwest,79693.79,Year,Y,Certified
EZYV5961,Asia,Bachelor's,N,Y,3164,2004,West,181.3927,Hour,Y,Denied
EZYV22225,Asia,Bachelor's,Y,N,48,2007,Northeast,526.5279,Hour,Y,Denied
EZYV23406,Asia,Bachelor's,Y,N,2791,1967,West,129627.45,Year,Y,Denied
EZYV1939,South America,Bachelor's,Y,N,18093,1995,South,29690.11,Year,Y,Certified
EZYV1074,North America,Doctorate,Y,N,1807,1928,West,39599.34,Year,Y,Certified
EZYV22480,Europe,Bachelor's,N,N,2384,2000,South,109.34,Hour,Y,Denied
EZYV644,Asia,Bachelor's,N,N,3189,1838,West,165723.2,Year,Y,Denied
EZYV16245,Europe,Doctorate,Y,N,2053,1994,South,14905.39,Year,Y,Certified
EZYV20955,Europe,Master's,N,N,5197,1981,Northeast,43845.17,Year,Y,Denied
EZYV12682,Asia,Master's,Y,N,416,2000,Midwest,192130.8,Year,Y,Certified
EZYV24396,Asia,Bachelor's,Y,N,11099,1981,Island,188295.32,Year,Y,Denied
EZYV8024,Asia,Bachelor's,N,N,1784,1997,South,117706.38,Year,Y,Denied
EZYV7540,Europe,Bachelor's,N,N,4644,1961,Northeast,42727.59,Year,Y,Certified
EZYV1144,Africa,Bachelor's,N,N,85457,1997,South,174177.41,Year,Y,Certified
EZYV6913,Asia,Master's,Y,N,2250,1981,South,74890.81,Year,Y,Certified
EZYV19795,Asia,Bachelor's,Y,N,3100,1994,South,48983.85,Year,Y,Certified
EZYV14460,South America,Bachelor's,Y,Y,1709,1995,Northeast,137812.75,Year,Y,Certified
EZYV17428,South America,Master's,Y,Y,47616,2010,Northeast,82797.0,Year,Y,Certified
EZYV16353,Asia,Bachelor's,Y,N,1696,2005,South,46186.85,Year,Y,Certified
EZYV16077,Europe,Bachelor's,Y,Y,3002,1838,South,1350.06,Year,Y,Certified
EZYV5928,Asia,Master's,Y,N,2199,2006,Northeast,79642.39,Year,Y,Certified
EZYV15128,Europe,High School,Y,N,2097,1983,Northeast,116878.7,Year,Y,Denied
EZYV19455,Europe,Master's,Y,N,1874,2002,West,61410.12,Year,Y,Certified
EZYV1634,Asia,Bachelor's,Y,N,5187,2003,West,96194.22,Year,Y,Certified
EZYV16818,Europe,Master's,Y,Y,31,1999,Northeast,55957.34,Year,Y,Certified
EZYV21427,Asia,Bachelor's,N,N,199,2000,Northeast,23230.59,Year,Y,Denied
EZYV22232,Europe,Bachelor's,Y,Y,1738,1971,West,47545.61,Year,Y,Denied
EZYV3884,Asia,High School,Y,N,3447,1995,Northeast,135.38,Hour,Y,Denied
EZYV3620,South America,Master's,Y,N,4692,2013,South,47905.3,Year,Y,Certified
EZYV18371,Europe,Master's,N,N,1843,1962,Northeast,114480.21,Year,Y,Certified
EZYV2407,Asia,Master's,Y,N,4912,1947,Midwest,170332.5,Year,Y,Certified
EZYV7754,Europe,Bachelor's,Y,N,1472,1995,West,68650.79,Year,Y,Certified
EZYV1329,North America,Bachelor's,Y,N,3314,1998,West,29201.79,Year,Y,Denied
EZYV6360,Asia,Master's,N,N,163,1998,West,70097.53,Year,Y,Certified
EZYV5546,Africa,Bachelor's,N,N,2512,1968,Midwest,52.8519,Hour,Y,Denied
EZYV3576,North America,High School,Y,N,24,2007,Northeast,58767.2,Year,N,Certified
EZYV12078,Asia,Master's,N,N,33626,1986,West,130.18,Hour,Y,Denied
EZYV16491,Asia,Bachelor's,N,N,2506,2005,Midwest,63910.55,Year,Y,Certified
EZYV24693,Asia,Bachelor's,N,N,2245,1998,Midwest,145088.3,Year,Y,Certified
EZYV24369,Asia,Master's,Y,N,4361,1956,South,53656.66,Year,Y,Certified
EZYV746,Asia,Master's,Y,N,620,1998,West,43425.93,Year,Y,Certified
EZYV23292,North America,Master's,N,Y,2088,1878,Midwest,91382.73,Year,Y,Certified
EZYV1198,Asia,Bachelor's,Y,N,633,1980,South,81047.49,Year,Y,Certified
EZYV14343,Asia,Bachelor's,Y,N,1475,1999,South,77724.07,Year,Y,Certified
EZYV17651,Asia,Master's,N,N,606,2009,West,86507.85,Year,Y,Certified
EZYV16846,Asia,Master's,Y,N,34312,1987,Northeast,120738.15,Year,Y,Denied
EZYV24750,Europe,Doctorate,N,N,3163,1852,West,54945.2,Year,Y,Certified
EZYV1080,Europe,Doctorate,Y,N,3466,1998,South,76039.44,Year,Y,Certified
EZYV21007,Asia,Bachelor's,Y,N,3821,2003,Northeast,720.4899,Hour,Y,Denied
EZYV19120,South America,Doctorate,Y,Y,1129,1922,Northeast,102553.11,Year,Y,Certified
EZYV15723,Asia,Bachelor's,N,N,2337,2002,Island,116595.74,Year,Y,Denied
EZYV16254,Europe,Bachelor's,Y,N,1822,1990,Northeast,63614.32,Year,Y,Certified
EZYV635,Asia,Master's,N,N,834,1977,Northeast,3.3188,Hour,Y,Denied
EZYV11374,Asia,Master's,N,N,585,1986,Midwest,156304.54,Year,Y,Certified
EZYV16412,Asia,Bachelor's,Y,N,603,2006,West,40573.13,Year,Y,Certified
EZYV785,Africa,Master's,Y,N,1145,1999,Midwest,13324.91,Year,N,Certified
EZYV14600,Asia,Bachelor's,Y,N,3144,2005,South,110414.44,Year,N,Certified
EZYV18520,Asia,Master's,N,N,987,2008,South,973.8405,Hour,Y,Certified
EZYV24276,Africa,Master's,Y,N,2990,1896,Northeast,53773.62,Year,Y,Denied
EZYV17866,Africa,Bachelor's,Y,N,110,1982,Midwest,24749.28,Year,Y,Denied
EZYV21070,Asia,Bachelor's,N,N,5043,2009,Northeast,97476.21,Year,Y,Certified
EZYV18365,Asia,Bachelor's,N,N,4156,1988,Northeast,48673.1,Year,Y,Certified
EZYV20409,Europe,Bachelor's,N,N,1248,1990,South,58105.44,Year,Y,Certified
EZYV19337,Asia,High School,Y,N,3216,1911,South,459.6725,Hour,Y,Denied
EZYV8374,North America,Bachelor's,Y,N,986,1928,West,95478.53,Week,Y,Denied
EZYV14328,Asia,Bachelor's,N,N,2710,2008,Island,96317.45,Year,Y,Certified
EZYV14129,North America,High School,Y,N,4698,2003,South,28839.19,Year,Y,Denied
EZYV2103,North America,Master's,N,N,3472,1980,Northeast,61757.88,Year,Y,Denied
EZYV21683,North America,High School,Y,N,3186,1991,West,55123.02,Year,Y,Certified
EZYV18297,North America,Master's,Y,N,5787,1985,West,25060.68,Year,Y,Certified
EZYV5412,North America,Doctorate,Y,N,129601,1960,Midwest,9350.23,Year,Y,Certified
EZYV17182,Asia,Bachelor's,Y,N,363,2009,Midwest,1552.9,Year,Y,Certified
EZYV23062,North America,High School,N,N,4116,1888,West,39823.54,Year,Y,Certified
EZYV2969,North America,Master's,Y,N,1998,1990,South,81156.73,Year,N,Certified
EZYV18629,Asia,Bachelor's,N,N,1599,1966,West,86534.1,Year,Y,Denied
EZYV7935,Asia,Bachelor's,N,Y,4788,1935,West,62210.58,Year,Y,Denied
EZYV1799,Asia,Master's,Y,N,199,2013,South,152899.23,Year,N,Certified
EZYV20987,Europe,High School,Y,N,627,1998,South,118509.0,Year,Y,Certified
EZYV22462,North America,Doctorate,N,N,701,2009,Northeast,6250.78,Year,Y,Certified
EZYV4617,Asia,Master's,N,N,1876,2005,West,4628.57,Year,Y,Denied
EZYV19563,North America,Bachelor's,N,N,318,1995,Northeast,6628.46,Year,Y,Certified
EZYV23643,Asia,Bachelor's,Y,N,4023,1958,West,10383.56,Year,Y,Certified
EZYV9281,Asia,Bachelor's,N,N,1878,1936,West,99664.89,Year,Y,Denied
EZYV22369,Europe,Master's,Y,N,483,1999,Northeast,93562.61,Year,Y,Certified
EZYV8645,Asia,High School,N,N,47,1979,Midwest,139401.21,Year,N,Denied
EZYV5233,South America,Bachelor's,Y,N,4899,2013,South,15815.33,Year,Y,Denied
EZYV20835,Asia,High School,N,Y,272,1989,West,67872.2,Year,Y,Certified
EZYV22050,North America,Doctorate,N,Y,786,1899,Northeast,79914.33,Year,Y,Certified
EZYV7772,North America,Master's,Y,N,6034,2010,Northeast,41765.02,Year,Y,Certified
EZYV20544,Asia,High School,Y,N,2987,2003,Midwest,109697.39,Year,Y,Denied
EZYV18176,Asia,High School,Y,N,2609,1912,Midwest,177047.66,Year,Y,Certified
EZYV17176,Asia,Master's,Y,N,4020,1977,Northeast,37568.72,Year,Y,Certified
EZYV23228,Asia,Master's,Y,N,3772,1965,Northeast,76636.62,Year,Y,Certified
EZYV15381,North America,Bachelor's,Y,N,71,2000,West,80630.3,Year,Y,Denied
EZYV15003,Africa,Bachelor's,Y,N,172,2012,South,27282.01,Week,Y,Certified
EZYV18019,Asia,High School,N,N,2931,1993,South,122388.47,Year,Y,Certified
EZYV17830,Asia,Bachelor's,Y,N,3597,1972,West,79043.28,Week,Y,Certified
EZYV21790,Europe,Master's,Y,N,4655,1934,West,107125.17,Year,Y,Denied
EZYV1720,Asia,High School,Y,Y,3422,2010,Midwest,24076.35,Year,Y,Certified
EZYV5349,Europe,Bachelor's,N,Y,3351,1997,South,129184.97,Year,Y,Certified
EZYV127,Asia,High School,Y,N,2753,2010,Northeast,133052.84,Year,Y,Denied
EZYV16595,Asia,Bachelor's,Y,N,3334,1954,South,57844.18,Year,Y,Certified
EZYV23558,Asia,Bachelor's,Y,N,11254,1946,West,123259.44,Year,Y,Denied
EZYV18009,Asia,Master's,Y,N,723,2009,South,94141.29,Year,Y,Certified
EZYV7209,North America,Bachelor's,N,N,4120,1991,Northeast,196282.02,Year,Y,Certified
EZYV21101,Europe,Doctorate,N,N,3752,2013,West,104.17,Year,Y,Certified
EZYV2072,Asia,Master's,Y,N,4327,1996,Midwest,104564.25,Year,N,Certified
EZYV15537,Europe,Master's,Y,N,434,1966,South,41679.63,Year,Y,Certified
EZYV19666,North America,Bachelor's,N,N,1992,1885,South,174281.36,Year,Y,Denied
EZYV15414,South America,Bachelor's,Y,N,850,2015,Northeast,545.592,Hour,Y,Denied
EZYV542,Africa,Bachelor's,N,N,2437,2007,South,130636.68,Year,Y,Certified
EZYV17969,Asia,Master's,N,N,3764,2008,Midwest,102877.5,Year,Y,Certified
EZYV23876,North America,Master's,N,N,3106,1999,Northeast,18176.31,Year,Y,Denied
EZYV20565,Asia,Master's,N,N,2477,2007,Midwest,105892.04,Year,Y,Certified
EZYV692,Asia,Master's,Y,N,1736,2010,West,113043.16,Year,Y,Certified
EZYV4973,North America,High School,Y,N,1736,1857,West,71666.5,Year,N,Certified
EZYV24806,Europe,High School,N,N,622,1989,Midwest,37.1854,Hour,Y,Certified
EZYV17640,Asia,Bachelor's,Y,N,567,1992,Midwest,26842.91,Year,Y,Certified
EZYV17159,Asia,Master's,N,Y,3106,1851,West,62206.21,Year,Y,Certified
EZYV13024,North America,Master's,Y,N,111502,2013,South,120899.75,Year,N,Certified
EZYV23312,Asia,Master's,N,N,3934,1998,South,90316.65,Year,Y,Denied
EZYV20933,Asia,Bachelor's,Y,Y,3348,2007,Midwest,123744.25,Year,N,Certified
EZYV21406,Asia,Master's,Y,N,4542,1986,Midwest,55369.38,Year,Y,Certified
EZYV19102,Asia,Master's,Y,N,3639,1876,West,88672.05,Year,N,Certified
EZYV10219,Asia,Doctorate,Y,N,47,1988,West,110792.25,Year,Y,Certified
EZYV22165,Europe,Master's,Y,N,1726,1998,Northeast,81480.19,Year,Y,Denied
EZYV13760,Asia,Bachelor's,Y,N,3022,1961,Midwest,36588.11,Year,Y,Denied
EZYV15069,North America,Bachelor's,Y,N,264952,2003,Northeast,88841.12,Year,Y,Certified
EZYV9961,Europe,Bachelor's,N,N,954,1973,Northeast,82186.65,Year,N,Denied
EZYV14645,North America,Master's,Y,N,5336,1997,West,92655.39,Year,Y,Certified
EZYV22339,Asia,Bachelor's,Y,N,2414,1973,Northeast,103320.8,Year,N,Denied
EZYV5072,Asia,Bachelor's,Y,N,2931,1961,West,55951.55,Year,Y,Certified
EZYV7432,Asia,Bachelor's,Y,N,2431,1999,Northeast,78726.17,Year,Y,Certified
EZYV21021,Africa,Master's,N,N,3394,1980,Northeast,64548.22,Year,Y,Certified
EZYV1923,Europe,Master's,Y,N,2272,2004,West,74435.3,Year,Y,Certified
EZYV2721,Europe,Master's,N,Y,1367,1969,South,172744.86,Year,Y,Certified
EZYV21832,Europe,Bachelor's,Y,N,1644,2007,West,15766.71,Year,Y,Denied
EZYV12441,Asia,Master's,N,N,2562,1998,West,229565.95,Year,N,Certified
EZYV4071,Asia,Master's,Y,N,2408,2011,Northeast,142730.89,Year,N,Certified
EZYV12882,Asia,Bachelor's,Y,N,4112,1990,West,75155.13,Year,Y,Certified
EZYV13584,North America,Bachelor's,Y,N,3082,2005,South,41927.29,Year,Y,Denied
EZYV11479,Asia,Bachelor's,Y,N,5810,2003,Midwest,35439.69,Year,Y,Denied
EZYV8775,North America,Master's,Y,N,386,1951,West,24647.02,Year,Y,Certified
EZYV8709,Asia,Doctorate,Y,N,787,2005,West,4240.15,Year,Y,Certified
EZYV2887,Asia,Bachelor's,N,N,378,2005,West,147570.72,Year,N,Denied
EZYV6330,Asia,Master's,Y,N,3933,2001,Northeast,81617.57,Week,Y,Certified
EZYV9358,Europe,Master's,N,N,791,1939,Northeast,55908.44,Year,Y,Certified
EZYV2170,North America,Bachelor's,Y,N,2566,1838,West,138688.06,Year,Y,Denied
EZYV14952,Asia,Doctorate,Y,N,1633,1996,Midwest,136430.17,Year,Y,Certified
EZYV12335,North America,Master's,N,N,6476,2014,South,93088.17,Year,Y,Denied
EZYV16118,North America,Bachelor's,Y,N,2698,2000,Northeast,275.7187,Hour,Y,Certified
EZYV24101,Africa,High School,Y,N,1275,2011,Northeast,111757.58,Year,Y,Certified
EZYV10125,North America,Master's,Y,N,1437,2004,South,82151.7,Year,Y,Certified
EZYV17758,Asia,Bachelor's,N,Y,2601,1999,South,117828.92,Year,Y,Certified
EZYV14325,Asia,Bachelor's,N,N,1986,2001,Northeast,121512.06,Year,Y,Certified
EZYV20548,Asia,High School,N,N,152,1916,Northeast,79396.67,Year,N,Denied
EZYV17636,Europe,Master's,Y,Y,2020,2005,West,7573.41,Year,Y,Certified
EZYV4153,Europe,Bachelor's,Y,Y,990,1996,Northeast,110740.32,Year,Y,Certified
EZYV1710,Asia,Bachelor's,Y,N,2481,1987,West,215516.04,Year,Y,Certified
EZYV1387,Asia,Bachelor's,N,N,3805,1985,West,2586.05,Year,N,Denied
EZYV25059,Asia,Bachelor's,N,N,93,1996,South,84941.83,Year,Y,Denied
EZYV23609,Asia,Bachelor's,N,N,610,2003,Northeast,590.5765,Hour,Y,Denied
EZYV22761,Asia,Master's,N,N,30392,1850,Northeast,86144.55,Year,Y,Denied
EZYV10359,Europe,High School,Y,N,486,1888,Northeast,54260.22,Year,Y,Denied
EZYV8685,Asia,Master's,Y,N,1568,2007,South,13268.93,Year,Y,Certified
EZYV23039,Asia,Bachelor's,N,Y,93,2007,Midwest,142932.16,Year,Y,Denied
EZYV15910,North America,Master's,N,Y,4451,2009,West,58847.12,Year,Y,Certified
EZYV20153,North America,Bachelor's,N,Y,5718,2003,South,103387.55,Year,Y,Certified
EZYV22213,Asia,High School,Y,N,2365,2001,Northeast,16343.91,Year,Y,Denied
EZYV18389,Asia,Master's,Y,N,3537,1998,West,36123.48,Year,Y,Certified
EZYV7512,Asia,Bachelor's,Y,N,437,1998,West,73964.53,Year,Y,Certified
EZYV748,Europe,Doctorate,Y,Y,1827,1973,West,21765.1,Year,Y,Certified
EZYV12639,Asia,High School,Y,N,1890,1998,West,91748.62,Year,Y,Denied
EZYV25097,Asia,High School,Y,N,1317,1994,South,42994.82,Year,Y,Certified
EZYV8412,Asia,Bachelor's,Y,N,2410,2008,South,50509.2,Year,Y,Denied
EZYV14056,Europe,Master's,N,N,1666,1991,West,582.45,Year,Y,Certified
EZYV1393,Asia,High School,N,N,491,1861,Northeast,156458.9,Year,Y,Denied
EZYV6920,North America,Doctorate,N,N,2138,2004,West,96142.66,Year,Y,Certified
EZYV17253,Asia,Master's,Y,N,5019,1994,South,131588.11,Year,Y,Certified
EZYV21737,Asia,Doctorate,Y,Y,3208,1997,South,141405.7,Year,Y,Denied
EZYV12021,Asia,Bachelor's,Y,N,3455,1954,West,86492.72,Year,Y,Certified
EZYV10415,Asia,Bachelor's,Y,N,3586,2006,South,61067.34,Year,Y,Certified
EZYV15445,Asia,High School,Y,N,61,2007,Northeast,205.4479,Hour,Y,Denied
EZYV4894,Asia,High School,N,Y,4118,2006,West,58092.26,Year,Y,Denied
EZYV1286,Asia,Master's,N,N,2017,1996,South,92497.06,Year,Y,Certified
EZYV15273,Asia,High School,Y,N,553,1997,Northeast,549.5585,Hour,Y,Denied
EZYV6164,Europe,High School,N,Y,2458,1997,Northeast,63507.73,Year,Y,Denied
EZYV3180,North America,Doctorate,Y,N,1779,2012,Northeast,40177.92,Year,Y,Certified
EZYV13242,Europe,Bachelor's,Y,N,7118,2007,South,19181.32,Year,Y,Certified
EZYV10349,North America,Bachelor's,Y,N,1423,1996,South,62512.68,Year,Y,Certified
EZYV15971,Asia,Bachelor's,Y,N,1897,1954,South,103624.96,Year,N,Denied
EZYV25392,North America,Master's,Y,N,1847,2001,Northeast,72845.66,Year,Y,Certified
EZYV22497,North America,Bachelor's,Y,N,997,1920,West,231.7069,Hour,Y,Denied
EZYV13369,North America,Master's,Y,N,5016,1999,South,15491.66,Year,Y,Certified
EZYV15251,Asia,Master's,Y,N,146393,1804,South,63131.99,Year,N,Certified
EZYV11544,Asia,Master's,N,N,921,2002,Midwest,71738.38,Year,Y,Certified
EZYV3475,Asia,High School,Y,N,697,1997,Island,114518.73,Year,Y,Denied
EZYV3414,Asia,Bachelor's,N,N,2643,2001,South,101.8983,Hour,Y,Denied
EZYV11845,North America,Bachelor's,Y,N,2016,1992,South,105.3209,Hour,Y,Certified
EZYV9441,Asia,Bachelor's,Y,N,1458,1939,South,111014.78,Year,Y,Certified
EZYV16756,Asia,Bachelor's,N,N,2545,1928,Northeast,141597.87,Year,Y,Denied
EZYV12247,North America,Bachelor's,N,Y,350,1855,West,59019.73,Year,Y,Denied
EZYV13924,Asia,Master's,Y,N,919,2003,South,144998.26,Year,Y,Certified
EZYV19090,Europe,High School,N,Y,5547,2000,Northeast,115858.64,Year,Y,Certified
EZYV4253,Africa,Bachelor's,Y,N,3244,2004,West,51589.45,Year,Y,Certified
EZYV1725,Asia,Bachelor's,N,Y,2536,1994,Northeast,32662.95,Year,Y,Denied
EZYV17181,Asia,Bachelor's,Y,N,1083,2007,South,204910.46,Year,Y,Certified
EZYV1083,Asia,Doctorate,Y,N,6024,1989,Northeast,274019.43,Year,Y,Certified
EZYV21673,North America,High School,Y,N,4364,2007,Northeast,6038.58,Year,Y,Certified
EZYV22197,Asia,Bachelor's,N,N,1290,1984,South,85276.59,Year,Y,Certified
EZYV13195,Asia,High School,N,Y,1311,1999,Northeast,130008.73,Year,Y,Denied
EZYV17247,Europe,Master's,N,Y,2631,1982,South,182499.34,Year,Y,Denied
EZYV7782,Asia,Master's,N,N,1531,2005,Northeast,81897.53,Year,N,Certified
EZYV6144,North America,Bachelor's,Y,N,654,1947,Midwest,25696.84,Year,Y,Certified
EZYV9532,Asia,Master's,N,N,646,2012,Midwest,145248.41,Year,Y,Certified
EZYV22992,Europe,Doctorate,Y,N,1260,1963,Northeast,8982.32,Year,Y,Certified
EZYV21008,Europe,Bachelor's,Y,N,193,1991,Northeast,100988.61,Year,Y,Certified
EZYV14869,Asia,Bachelor's,N,N,2591,1986,Midwest,100761.17,Year,Y,Certified
EZYV22976,Europe,Doctorate,N,N,1018,1954,South,488.58,Year,Y,Certified
EZYV24184,North America,Master's,Y,N,2568,1992,Midwest,114998.84,Year,Y,Certified
EZYV19182,North America,Master's,Y,N,3676,1994,Northeast,118616.0,Year,Y,Certified
EZYV7894,Asia,Bachelor's,N,N,2944,1985,Northeast,61852.78,Year,N,Denied
EZYV7585,Asia,Master's,N,N,1639,1850,Northeast,71919.1,Year,N,Certified
EZYV22443,Asia,Master's,Y,N,514,1990,Midwest,845.1618,Hour,Y,Denied
EZYV10972,Asia,Doctorate,N,Y,163,1999,West,59976.26,Year,Y,Certified
EZYV19315,Asia,Bachelor's,Y,N,964,1859,South,638.39,Year,Y,Certified
EZYV1197,Asia,Bachelor's,Y,N,1684,1912,Northeast,40743.49,Year,N,Certified
EZYV7048,Africa,Master's,N,N,3446,1999,Northeast,81614.25,Year,Y,Certified
EZYV19406,Asia,Bachelor's,Y,N,1961,2005,West,176726.33,Year,Y,Certified
EZYV10905,Asia,High School,Y,N,1152,1993,Northeast,984.9462,Hour,Y,Denied
EZYV19012,North America,Bachelor's,N,N,4100,2009,Island,81287.65,Year,Y,Certified
EZYV14268,Asia,Master's,Y,N,16096,1962,West,118400.71,Year,Y,Certified
EZYV7463,North America,Bachelor's,N,N,993,2003,Northeast,61562.85,Year,Y,Denied
EZYV306,North America,Master's,Y,N,48369,2007,West,53304.04,Year,Y,Certified
EZYV14891,South America,Doctorate,N,Y,3248,1998,Northeast,27711.0,Year,Y,Certified
EZYV6666,Asia,High School,N,N,107,1994,Midwest,111268.51,Year,Y,Denied
EZYV12278,Asia,Bachelor's,Y,N,1564,1996,West,121670.77,Year,Y,Certified
EZYV18622,North America,Master's,Y,N,2206,2011,Northeast,64686.17,Year,Y,Certified
EZYV2656,South America,Bachelor's,N,N,25430,2006,South,29910.4,Year,Y,Denied
EZYV20894,North America,Master's,Y,N,930,2004,South,51796.63,Year,Y,Certified
EZYV14453,Asia,High School,Y,N,2153,1988,South,40482.41,Year,Y,Denied
EZYV12345,North America,Bachelor's,Y,N,445,2004,Northeast,132761.07,Year,Y,Denied
EZYV12973,Asia,Bachelor's,Y,Y,1021,1967,West,45112.14,Year,Y,Certified
EZYV12442,Europe,Doctorate,N,N,394,2009,West,40959.5,Year,Y,Certified
EZYV8825,Asia,Bachelor's,Y,N,5228,1992,West,131316.01,Year,Y,Certified
EZYV6938,Asia,Master's,N,N,2106,2004,Midwest,59128.28,Year,Y,Certified
EZYV25131,Asia,Master's,N,N,3711,2010,Northeast,72925.13,Year,Y,Denied
EZYV20931,Asia,Master's,N,N,2373,1992,Midwest,32197.86,Year,Y,Certified
EZYV9109,South America,Master's,Y,N,2353,1838,Northeast,41294.04,Year,Y,Denied
EZYV22402,Asia,High School,Y,N,104,1943,Midwest,149781.03,Year,N,Certified
EZYV5135,North America,High School,Y,N,5715,1872,Northeast,47932.38,Year,Y,Certified
EZYV15543,Asia,Doctorate,Y,N,1008,1994,Midwest,136333.01,Year,Y,Certified
EZYV17318,Asia,High School,Y,N,2651,2003,West,159861.85,Year,Y,Certified
EZYV12013,Asia,Doctorate,N,N,303,1999,Northeast,857.9262,Hour,Y,Certified
EZYV18822,Asia,Master's,N,N,438,2009,West,63144.75,Year,Y,Certified
EZYV99,Asia,High School,N,N,1847,1977,Northeast,395.995,Hour,Y,Denied
EZYV14074,Asia,Bachelor's,Y,N,101444,2009,West,47501.0,Year,Y,Certified
EZYV119,Asia,Bachelor's,Y,N,1641,1984,Midwest,32161.6,Year,Y,Certified
EZYV6083,Asia,Master's,N,N,34,1991,West,491.9008,Hour,Y,Certified
EZYV17865,Asia,Master's,N,N,3871,2010,South,111735.2,Year,N,Certified
EZYV905,Asia,Bachelor's,Y,N,947,1994,Midwest,116577.94,Year,Y,Certified
EZYV3900,Asia,Bachelor's,Y,N,1755,1879,West,11430.98,Year,Y,Certified
EZYV7608,North America,Master's,N,Y,4151,1989,West,40453.06,Year,Y,Denied
EZYV6352,South America,Doctorate,Y,Y,2407,2005,South,45798.75,Year,Y,Certified
EZYV15599,Asia,Doctorate,Y,N,1160,2006,West,121600.87,Year,Y,Certified
EZYV14632,Asia,Master's,Y,N,789,2012,Northeast,37197.27,Year,Y,Certified
EZYV12316,Asia,Bachelor's,Y,N,3381,2004,South,128927.12,Year,Y,Certified
EZYV23627,Asia,Bachelor's,N,N,110,1997,Midwest,6981.27,Year,Y,Certified
EZYV3562,Asia,Master's,N,N,2502,1944,Midwest,175175.06,Year,Y,Denied
EZYV228,Asia,High School,Y,N,503,1998,Midwest,118458.61,Year,Y,Certified
EZYV10119,Asia,Master's,N,N,691,1977,South,41709.89,Week,Y,Certified
EZYV2513,Asia,High School,N,N,3764,1975,West,212937.72,Year,Y,Denied
EZYV3797,Africa,Bachelor's,Y,N,3969,1938,South,947.9375,Hour,Y,Denied
EZYV6499,Asia,Master's,N,Y,910,2002,West,14055.15,Year,Y,Certified
EZYV6753,Europe,Doctorate,N,N,1552,1998,West,133746.96,Year,Y,Certified
EZYV3568,Europe,High School,Y,N,834,1995,West,23324.54,Year,Y,Denied
EZYV5577,Asia,Master's,Y,N,114,1998,South,152880.13,Year,Y,Certified
EZYV13019,Asia,Bachelor's,N,N,1457,2000,South,72648.51,Year,Y,Denied
EZYV18841,Asia,High School,N,N,95,1966,Midwest,592.3658,Hour,Y,Certified
EZYV5934,Asia,Bachelor's,Y,N,3488,1994,West,47080.83,Year,Y,Certified
EZYV22070,Asia,Bachelor's,N,N,46,1841,Northeast,233585.11,Month,Y,Certified
EZYV12053,Asia,Bachelor's,Y,Y,1887,1900,South,54681.79,Year,Y,Certified
EZYV2958,South America,Master's,Y,N,1149,1867,South,82516.16,Year,Y,Certified
EZYV784,Asia,Master's,Y,N,2367,1978,Midwest,72479.76,Year,N,Certified
EZYV6804,Asia,Bachelor's,N,N,3030,1972,Northeast,67202.95,Year,Y,Certified
EZYV19332,Asia,Bachelor's,Y,N,40,1972,West,137540.16,Year,Y,Certified
EZYV16848,Asia,High School,N,N,121,1999,Midwest,106921.18,Year,Y,Certified
EZYV22476,Asia,Bachelor's,N,N,987,1999,South,45928.2,Year,Y,Denied
EZYV18665,Asia,Master's,Y,N,1658,1985,Northeast,127085.06,Year,Y,Certified
EZYV14841,Europe,Master's,N,N,684,1949,Northeast,78456.54,Year,Y,Denied
EZYV19944,Asia,Master's,Y,N,1708,2002,Midwest,83661.71,Year,Y,Certified
EZYV601,Asia,Bachelor's,Y,N,3712,2011,Midwest,35194.51,Year,Y,Certified
EZYV9391,Asia,Master's,Y,N,814,1884,Midwest,45809.34,Year,Y,Certified
EZYV4379,Europe,High School,N,N,165,1993,South,95315.93,Year,Y,Denied
EZYV2590,Asia,High School,N,Y,3806,1998,Midwest,74494.92,Year,Y,Certified
EZYV16133,Europe,Doctorate,N,N,2351,2012,West,41500.95,Year,Y,Certified
EZYV8715,Asia,Bachelor's,Y,N,2414,1993,South,85594.85,Year,Y,Certified
EZYV18599,Asia,Master's,Y,N,1718,1854,South,108838.06,Year,Y,Certified
EZYV23845,Oceania,Bachelor's,Y,N,1985,1968,Midwest,74959.05,Year,Y,Certified
EZYV18565,Europe,Doctorate,N,N,2237,2004,West,23533.38,Year,Y,Certified
EZYV18016,Asia,Master's,N,Y,308,1986,West,103913.4,Year,Y,Certified
EZYV12391,Asia,Master's,Y,N,94,2000,Northeast,238065.59,Year,Y,Certified
EZYV15906,Asia,Doctorate,N,N,1577,2001,South,31587.74,Year,Y,Certified
EZYV23664,Asia,Bachelor's,Y,N,679,2005,Midwest,145207.22,Year,Y,Certified
EZYV5328,Asia,Master's,N,N,202,2004,Northeast,210374.15,Year,N,Certified
EZYV10310,South America,Bachelor's,Y,Y,2172,2011,West,123565.74,Year,Y,Certified
EZYV7134,Europe,Bachelor's,Y,N,65207,2000,South,6589.72,Year,N,Certified
EZYV3205,Asia,Master's,N,N,1717,1969,South,109.06,Hour,Y,Denied
EZYV12124,Asia,Bachelor's,Y,N,3285,1998,South,31448.82,Year,Y,Denied
EZYV6383,Asia,Bachelor's,Y,N,2717,1998,West,338.5595,Hour,Y,Denied
EZYV7945,Asia,Doctorate,Y,N,1393,1996,South,147889.23,Year,Y,Certified
EZYV22890,Asia,Bachelor's,Y,N,397,1995,West,196623.46,Year,Y,Certified
EZYV23415,Asia,Bachelor's,N,N,1730,2005,Northeast,63980.19,Year,Y,Certified
EZYV20599,North America,Bachelor's,Y,N,1172,2011,Northeast,163204.24,Year,Y,Certified
EZYV19591,North America,Master's,Y,N,986,2006,South,97769.9,Year,N,Certified
EZYV23306,Asia,Master's,Y,N,511,1989,West,81569.11,Year,N,Certified
EZYV4268,Europe,Bachelor's,Y,N,5078,1873,South,126123.21,Year,Y,Certified
EZYV14623,North America,Bachelor's,Y,N,416,2010,South,8861.58,Year,Y,Denied
EZYV5422,Asia,Bachelor's,Y,N,4269,1910,Northeast,78620.2,Year,Y,Certified
EZYV18433,Asia,Bachelor's,Y,N,1249,1997,Northeast,689.8128,Hour,Y,Certified
EZYV2701,North America,Bachelor's,N,N,1756,1841,West,47.2736,Hour,Y,Denied
EZYV2056,Asia,Bachelor's,N,N,3448,2007,Northeast,142144.11,Year,Y,Denied
EZYV16789,Europe,Master's,Y,N,682,2007,Northeast,30263.56,Year,Y,Denied
EZYV24324,Asia,High School,N,N,3214,1984,West,61799.7,Year,Y,Certified
EZYV550,Asia,Bachelor's,N,Y,1235,2000,Northeast,43231.47,Year,Y,Denied
EZYV23021,South America,Bachelor's,N,N,2425,2005,West,109.24,Hour,Y,Denied
EZYV8426,Asia,Master's,Y,Y,765,1855,West,18195.91,Year,Y,Certified
EZYV10180,Asia,Bachelor's,N,N,2231,1996,Midwest,55681.06,Year,Y,Certified
EZYV14740,Europe,Bachelor's,N,N,2504,1998,South,127260.07,Year,Y,Denied
EZYV10301,Asia,Master's,Y,N,987,1997,West,46369.39,Year,Y,Certified
EZYV8921,North America,Bachelor's,Y,N,2281,1994,West,44563.92,Year,Y,Certified
EZYV11841,Asia,Master's,Y,N,2595,2009,South,92845.65,Year,Y,Certified
EZYV3555,Asia,Bachelor's,N,N,2545,1981,Northeast,73305.93,Year,Y,Denied
EZYV15142,Asia,Doctorate,Y,N,2441,1873,West,131858.18,Year,Y,Certified
EZYV25077,Asia,High School,Y,N,395,2006,South,69175.06,Year,Y,Denied
EZYV24718,Asia,Master's,Y,N,602,2012,South,30191.04,Year,Y,Certified
EZYV2576,Africa,Master's,Y,N,1011,2013,Northeast,50418.09,Year,Y,Certified
EZYV10784,North America,Bachelor's,Y,N,2404,2007,Island,108299.04,Year,Y,Certified
EZYV23476,Asia,High School,Y,Y,1502,1960,West,144170.59,Year,Y,Denied
EZYV8460,Asia,Master's,Y,N,5960,1984,West,58308.39,Year,Y,Certified
EZYV10842,Asia,Bachelor's,N,Y,2485,2012,South,129987.35,Year,Y,Certified
EZYV14963,Asia,Bachelor's,N,N,29396,1928,South,64053.68,Year,N,Denied
EZYV19574,Asia,Master's,N,N,3660,1949,Northeast,106423.02,Year,N,Certified
EZYV18137,Asia,Doctorate,N,N,1267,2004,Midwest,50147.21,Year,Y,Denied
EZYV17156,Asia,Bachelor's,Y,N,695,2005,West,46897.55,Year,Y,Certified
EZYV2538,Asia,Master's,N,N,1316,2001,South,163789.93,Year,N,Certified
EZYV3741,Asia,Master's,Y,N,4668,2001,West,84889.85,Year,Y,Certified
EZYV12563,Asia,Master's,N,N,354,1855,Midwest,170696.25,Year,Y,Certified
EZYV9016,Asia,Doctorate,N,Y,12248,1992,South,49425.56,Year,Y,Certified
EZYV7745,Asia,Master's,Y,N,4961,2000,South,58597.26,Year,Y,Certified
EZYV13917,Europe,High School,Y,N,2211,2009,Northeast,20641.61,Year,Y,Denied
EZYV6113,Europe,Bachelor's,Y,N,8646,1985,South,110606.88,Year,Y,Certified
EZYV23216,North America,Bachelor's,N,N,3751,1947,Northeast,536.2963,Hour,Y,Denied
EZYV19518,Asia,Bachelor's,N,N,1217,1998,Northeast,147741.44,Year,Y,Denied
EZYV8140,Asia,Bachelor's,Y,N,1414,2011,Northeast,47246.9,Year,Y,Certified
EZYV13585,Asia,Bachelor's,N,N,923,2006,Midwest,46818.17,Year,Y,Certified
EZYV9015,Asia,Bachelor's,N,N,1403,1868,Midwest,31337.34,Year,N,Certified
EZYV20109,Asia,Bachelor's,Y,Y,49693,2006,South,100687.29,Year,Y,Certified
EZYV24702,Asia,High School,Y,N,4033,2008,West,105252.55,Year,Y,Certified
EZYV5655,Asia,Bachelor's,N,Y,1356,2005,South,92262.18,Year,Y,Denied
EZYV13643,Asia,Doctorate,Y,N,2587,1999,West,67296.45,Year,Y,Certified
EZYV20738,Asia,Bachelor's,Y,N,3416,1969,Northeast,235.4483,Hour,Y,Denied
EZYV8147,North America,Master's,N,Y,44,1975,South,80955.8,Year,Y,Certified
EZYV9366,Asia,Bachelor's,Y,N,1484,2001,West,92505.05,Year,Y,Certified
EZYV15950,North America,High School,Y,N,3634,1980,West,15207.7,Year,Y,Certified
EZYV18560,Asia,Bachelor's,Y,N,140,1984,West,92405.39,Year,Y,Certified
EZYV18757,North America,Master's,Y,N,1217,2011,South,149023.72,Year,N,Denied
EZYV3608,Asia,High School,N,N,454,1998,South,44170.89,Week,Y,Denied
EZYV4154,Asia,Master's,N,N,1126,1981,West,79633.63,Year,Y,Denied
EZYV20763,Asia,Master's,N,N,2651,1973,South,47784.26,Year,N,Denied
EZYV4484,Asia,Master's,N,N,62229,1997,Midwest,147625.12,Year,N,Denied
EZYV15019,Asia,Master's,Y,N,1839,2004,Northeast,3110.69,Year,Y,Certified
EZYV16369,Asia,Master's,N,N,2070,1985,South,101.72,Hour,Y,Denied
EZYV18250,Asia,Bachelor's,N,N,33,1995,West,140586.52,Year,Y,Certified
EZYV595,Asia,Master's,N,N,1110,2010,Island,81285.88,Year,Y,Denied
EZYV25290,Europe,Bachelor's,N,N,2691,1974,Midwest,127396.37,Year,Y,Denied
EZYV5130,Asia,Bachelor's,N,N,2499,2008,Midwest,968.2426,Hour,Y,Denied
EZYV6618,Asia,Bachelor's,Y,N,4686,1946,South,66975.89,Year,N,Certified
EZYV16958,Asia,Bachelor's,N,N,287,2013,Midwest,94453.9,Year,Y,Certified
EZYV12940,Asia,Master's,N,N,124465,1993,South,698.7048,Hour,Y,Denied
EZYV401,Europe,Bachelor's,Y,N,714,1873,West,113927.99,Week,Y,Certified
EZYV8250,Asia,Master's,Y,N,264,1996,Northeast,69875.05,Year,Y,Certified
EZYV14030,North America,Master's,Y,N,4157,1853,Northeast,6851.38,Year,Y,Certified
EZYV11589,Europe,Bachelor's,N,N,5422,2012,South,88949.09,Year,Y,Denied
EZYV19975,Asia,Bachelor's,Y,Y,1608,1998,Midwest,46811.15,Year,Y,Certified
EZYV488,Asia,Bachelor's,N,N,519,1998,Island,78673.0,Year,Y,Denied
EZYV24090,Asia,Bachelor's,N,N,1459,2001,South,87316.01,Year,N,Certified
EZYV21801,Asia,Master's,Y,N,1173,2001,South,53169.89,Year,Y,Certified
EZYV19922,Asia,Master's,N,N,2828,1847,Northeast,111183.39,Year,Y,Certified
EZYV21098,Asia,Master's,N,N,1485,2001,South,118885.06,Year,Y,Denied
EZYV21373,Europe,Bachelor's,N,N,1041,1930,Northeast,50960.5,Year,Y,Certified
EZYV7510,Asia,Master's,Y,N,5656,1981,South,112156.34,Year,Y,Certified
EZYV15001,North America,Master's,Y,N,1335,1898,Midwest,70897.05,Year,Y,Certified
EZYV13252,Asia,Bachelor's,N,N,1623,1989,Northeast,100138.37,Year,Y,Certified
EZYV1421,North America,Master's,N,N,3640,1989,West,137362.77,Year,Y,Denied
EZYV17731,Asia,High School,N,N,1770,1869,Northeast,87168.26,Year,Y,Certified
EZYV4418,Asia,Bachelor's,Y,N,1536,2004,Northeast,35335.48,Year,Y,Certified
EZYV10711,Asia,Bachelor's,Y,N,1246,1984,West,140840.21,Year,N,Certified
EZYV1121,Asia,Bachelor's,N,N,235,1998,Northeast,18277.87,Year,Y,Denied
EZYV2790,Europe,Bachelor's,Y,Y,63,1848,South,50144.11,Year,Y,Certified
EZYV2878,Asia,Bachelor's,Y,N,93,1978,Northeast,49825.29,Week,Y,Certified
EZYV7529,Europe,Bachelor's,N,N,2278,1995,Northeast,22472.07,Year,Y,Certified
EZYV1061,North America,High School,Y,N,1903,2015,West,91390.84,Year,Y,Certified
EZYV24386,Europe,Master's,Y,Y,162,1983,Northeast,5747.66,Year,Y,Certified
EZYV21639,Africa,Bachelor's,N,N,4209,1998,Midwest,65991.56,Year,Y,Denied
EZYV11979,Asia,Bachelor's,N,N,655,2001,Northeast,63276.51,Year,Y,Certified
EZYV25357,Asia,Bachelor's,N,N,2181,2004,South,63406.78,Year,Y,Certified
EZYV5213,Europe,High School,Y,N,2808,1858,South,111.5107,Hour,Y,Denied
EZYV15099,Asia,Master's,N,N,4735,2004,Northeast,105092.66,Year,N,Denied
EZYV10533,Europe,Doctorate,Y,N,28027,1998,South,44248.08,Year,Y,Certified
EZYV11831,Europe,Master's,Y,N,2570,1863,West,77530.85,Year,Y,Certified
EZYV24149,Asia,Master's,Y,N,1816,2013,Midwest,12737.26,Year,Y,Certified
EZYV25470,North America,Master's,Y,N,2261,1997,Northeast,273772.47,Year,N,Certified
EZYV7980,Asia,Bachelor's,Y,N,828,1999,South,141582.87,Year,N,Certified
EZYV12603,Asia,Bachelor's,N,N,969,1994,Northeast,256618.11,Year,Y,Denied
EZYV11902,Asia,Master's,N,N,574,1998,West,48479.6,Year,Y,Denied
EZYV11243,Asia,Bachelor's,Y,N,236,1998,Northeast,43351.06,Year,Y,Denied
EZYV6880,Asia,Master's,Y,N,3291,2001,South,47955.63,Year,Y,Certified
EZYV7129,Asia,Bachelor's,N,N,625,1949,South,143793.99,Year,Y,Certified
EZYV23784,Asia,Bachelor's,N,Y,652,2000,South,93006.58,Year,Y,Denied
EZYV7368,Asia,High School,N,N,28979,2005,Midwest,100154.35,Year,Y,Denied
EZYV899,Africa,Master's,Y,N,2616,1969,Midwest,95415.3,Year,Y,Certified
EZYV6520,Asia,Bachelor's,Y,N,4314,2011,Northeast,134045.03,Year,N,Certified
EZYV21925,Asia,Master's,Y,N,1917,1873,Northeast,16742.32,Year,Y,Certified
EZYV15123,North America,Master's,Y,N,6894,1987,Midwest,34120.23,Year,Y,Certified
EZYV7249,Asia,Doctorate,N,N,4851,1980,South,986.5337,Hour,Y,Certified
EZYV3410,Europe,Bachelor's,Y,N,1660,1978,South,74312.28,Year,Y,Certified
EZYV20305,Europe,Bachelor's,Y,N,20261,2014,Northeast,73937.78,Year,Y,Certified
EZYV16424,South America,Bachelor's,Y,N,16864,2002,West,73666.77,Year,Y,Denied
EZYV12226,Europe,Bachelor's,Y,N,1185,1994,West,75160.84,Year,Y,Certified
EZYV12730,North America,Master's,N,N,3461,2004,Northeast,124220.84,Year,Y,Certified
EZYV8517,Asia,Master's,Y,N,1013,1968,South,110337.58,Year,Y,Certified
EZYV12989,Asia,Bachelor's,N,N,1184,2013,West,43843.61,Year,Y,Certified
EZYV14668,Europe,Master's,N,Y,3286,2003,West,19115.29,Year,Y,Certified
EZYV13041,Asia,Bachelor's,Y,Y,1802,1928,South,98646.48,Year,Y,Denied
EZYV17174,Asia,Master's,N,N,1819,1907,West,515.3336,Hour,Y,Certified
EZYV5237,Asia,Master's,Y,N,1457,1969,West,116055.35,Year,Y,Certified
EZYV10322,Asia,Bachelor's,N,N,245,1977,West,20901.58,Year,Y,Denied
EZYV11640,Asia,Bachelor's,N,N,892,2009,Northeast,962.4853,Hour,Y,Denied
EZYV4163,Asia,Bachelor's,N,Y,4874,2003,Northeast,5736.51,Year,Y,Denied
EZYV5763,Asia,Bachelor's,Y,N,3814,1916,Northeast,140493.16,Year,Y,Certified
EZYV4777,Asia,Master's,Y,N,105,1988,West,45678.47,Year,Y,Certified
EZYV22768,Asia,High School,Y,N,3869,1994,Northeast,46763.11,Year,Y,Denied
EZYV11663,Asia,Doctorate,N,N,301,1977,Midwest,118724.38,Month,Y,Certified
EZYV19976,North America,Master's,Y,N,4221,2007,West,154465.04,Year,N,Certified
EZYV16857,Asia,Bachelor's,Y,N,4616,1993,South,31225.02,Year,Y,Denied
EZYV4825,Asia,Bachelor's,Y,N,961,1988,Midwest,270799.93,Year,Y,Certified
EZYV5891,Asia,Bachelor's,N,N,1718,1990,South,140701.86,Year,N,Denied
EZYV12062,Asia,Bachelor's,N,N,2996,2010,Midwest,26790.47,Year,Y,Certified
EZYV6911,South America,Bachelor's,N,N,3000,1989,West,30220.23,Year,Y,Denied
EZYV8553,Asia,Bachelor's,Y,N,265,1972,South,80550.88,Year,Y,Certified
EZYV12266,Asia,Master's,N,N,1952,1987,West,132550.69,Year,Y,Certified
EZYV25080,Europe,High School,Y,N,3683,1983,West,87573.18,Year,Y,Certified
EZYV23567,Asia,Bachelor's,N,N,2054,1982,South,122691.02,Year,Y,Denied
EZYV18991,North America,Bachelor's,N,N,4806,1999,West,101083.73,Year,N,Denied
EZYV23539,Asia,Master's,Y,N,128884,2004,South,2495.45,Year,Y,Certified
EZYV12889,Asia,Bachelor's,Y,N,3202,2006,Northeast,37950.83,Year,Y,Certified
EZYV22199,Asia,Bachelor's,Y,N,53176,2009,Northeast,120657.75,Year,Y,Certified
EZYV944,Europe,Doctorate,Y,N,1074,1970,West,19383.25,Year,Y,Certified
EZYV23283,South America,Master's,N,N,1188,1979,South,76416.01,Year,Y,Denied
EZYV23748,Asia,Doctorate,Y,N,2150,2011,South,51392.91,Year,Y,Certified
EZYV8706,Asia,Master's,Y,N,2440,2006,Midwest,78564.67,Year,Y,Certified
EZYV17173,North America,Bachelor's,N,Y,141,1884,Northeast,830.2282,Hour,Y,Certified
EZYV15794,Asia,Bachelor's,N,Y,3250,1999,West,122195.12,Year,Y,Certified
EZYV16399,Asia,High School,N,Y,362,2001,South,25800.84,Year,Y,Denied
EZYV21852,North America,Bachelor's,Y,N,2953,2006,West,22810.37,Year,Y,Denied
EZYV9812,Asia,High School,Y,N,5614,2012,Northeast,325.1749,Hour,Y,Denied
EZYV6968,Asia,High School,Y,N,5605,1998,Northeast,81573.36,Year,Y,Denied
EZYV19270,Europe,High School,Y,N,147088,1981,Northeast,76827.94,Year,Y,Certified
EZYV14435,Asia,Doctorate,Y,N,2375,2003,West,68838.39,Year,Y,Certified
EZYV2134,Asia,Master's,Y,N,1621,1996,South,122056.64,Year,Y,Certified
EZYV15850,Europe,Doctorate,N,Y,1977,2007,Midwest,147892.16,Year,Y,Certified
EZYV14251,Asia,Master's,N,N,3387,2007,West,101613.45,Year,N,Certified
EZYV14416,Asia,Master's,Y,N,63,2013,South,117981.3,Year,N,Denied
EZYV7313,Asia,Doctorate,Y,N,432,1913,West,90318.46,Year,Y,Certified
EZYV22380,South America,Master's,Y,N,3460,1935,Northeast,69823.99,Year,Y,Denied
EZYV18477,North America,Master's,Y,N,1668,1989,West,54014.19,Year,Y,Denied
EZYV12327,Asia,Master's,Y,N,3171,1938,West,37064.04,Year,Y,Certified
EZYV19178,Asia,Master's,Y,N,33101,2010,Northeast,96900.56,Year,Y,Certified
EZYV5393,Europe,High School,Y,N,5114,2000,West,59706.32,Year,Y,Denied
EZYV5777,Asia,Master's,Y,N,4768,2006,Northeast,70883.92,Year,Y,Certified
EZYV1771,North America,Bachelor's,Y,N,128,1833,Midwest,81898.43,Month,Y,Certified
EZYV10961,Europe,High School,N,N,1247,1899,West,91248.15,Year,Y,Denied
EZYV2657,Asia,Master's,Y,N,1248,1958,Midwest,37478.1,Year,Y,Certified
EZYV3051,North America,Master's,Y,N,361,2005,Midwest,68353.9,Year,Y,Certified
EZYV20519,Asia,Master's,N,N,1970,1974,South,193832.19,Year,Y,Certified
EZYV4751,Asia,Master's,Y,N,1072,1974,South,47109.74,Year,Y,Certified
EZYV5712,Asia,High School,N,N,504,1908,South,28028.72,Year,Y,Denied
EZYV19327,Asia,Master's,N,N,89435,1987,Northeast,86996.51,Year,Y,Certified
EZYV24880,Asia,Master's,N,N,2766,2004,Northeast,164035.34,Year,Y,Certified
EZYV19163,South America,Master's,Y,N,2377,1823,Midwest,25656.16,Year,Y,Certified
EZYV19047,Asia,Bachelor's,N,N,1773,1873,Northeast,39470.83,Year,Y,Certified
EZYV3711,Asia,Bachelor's,Y,N,2533,1936,Midwest,78349.59,Year,Y,Certified
EZYV16793,Asia,High School,N,N,1415,1999,Midwest,79284.98,Year,Y,Certified
EZYV23929,Asia,Master's,Y,N,639,2000,Midwest,127254.87,Year,Y,Certified
EZYV12595,Europe,High School,Y,N,3609,2001,West,46279.73,Year,Y,Denied
EZYV9701,Asia,Master's,Y,N,2319,2004,West,118331.05,Year,Y,Certified
EZYV3743,Asia,Master's,Y,N,4457,2007,West,33662.01,Year,N,Certified
EZYV24043,Europe,Bachelor's,N,N,147,1838,West,22857.28,Year,Y,Certified
EZYV1180,North America,Bachelor's,Y,N,177,1992,South,45295.57,Year,Y,Certified
EZYV7037,North America,Master's,Y,N,2807,1985,West,80035.69,Year,Y,Certified
EZYV13933,Asia,Master's,N,N,55,2005,Midwest,186442.71,Year,Y,Certified
EZYV23684,North America,Master's,N,N,2337,1999,Midwest,96611.15,Year,N,Certified
EZYV22514,Asia,High School,Y,N,24299,2007,West,118592.88,Year,Y,Denied
EZYV11652,North America,Master's,Y,N,2527,2002,South,99330.82,Year,N,Denied
EZYV3997,Asia,Bachelor's,Y,N,1477,1911,West,72890.47,Year,Y,Certified
EZYV9294,Europe,Bachelor's,Y,N,2330,2013,West,8760.99,Year,Y,Certified
EZYV18321,Asia,Master's,Y,N,1023,1995,Northeast,84343.65,Year,Y,Certified
EZYV1453,South America,Bachelor's,N,N,619,1980,Midwest,47472.43,Year,Y,Certified
EZYV5291,Africa,Bachelor's,Y,N,1540,1914,Midwest,66941.49,Year,Y,Certified
EZYV20743,Asia,Bachelor's,N,N,265,1979,South,576.5398,Hour,Y,Denied
EZYV15682,Asia,High School,Y,N,669,2009,South,94384.2,Year,Y,Denied
EZYV23576,North America,Bachelor's,Y,N,2699,2009,West,147.07,Hour,Y,Certified
EZYV10536,Asia,Master's,Y,N,1755,2013,South,76905.9,Year,Y,Certified
EZYV16264,South America,Bachelor's,N,Y,1110,1981,Northeast,67912.46,Year,Y,Certified
EZYV10409,Asia,High School,N,N,5908,2002,Northeast,58998.56,Year,N,Denied
EZYV16032,South America,Bachelor's,N,N,631,1999,South,547.0719,Hour,Y,Denied
EZYV24524,Europe,Master's,N,Y,606,2006,West,77925.25,Year,Y,Certified
EZYV12797,Asia,Bachelor's,N,N,3350,2007,South,23384.46,Year,Y,Denied
EZYV8007,Europe,Bachelor's,N,N,105016,1921,Northeast,31970.53,Year,Y,Certified
EZYV4397,Asia,Master's,N,N,484,2005,South,97934.85,Year,Y,Denied
EZYV23134,Asia,Master's,Y,N,1882,1985,Midwest,49110.34,Year,Y,Certified
EZYV16190,North America,Master's,N,N,2333,2006,Northeast,126593.79,Year,Y,Denied
EZYV9506,Asia,Doctorate,N,N,1950,2003,Northeast,86349.09,Year,Y,Certified
EZYV22889,Asia,High School,N,N,2437,1988,South,135.3652,Hour,Y,Certified
EZYV11806,Asia,Bachelor's,Y,N,1719,1982,Northeast,542.6125,Hour,Y,Denied
EZYV20858,Asia,Bachelor's,N,N,2275,1851,South,202217.92,Year,Y,Certified
EZYV8131,North America,Master's,N,N,3702,1996,West,13960.16,Year,Y,Certified
EZYV8409,Asia,Master's,Y,N,2691,1864,Midwest,55012.36,Year,Y,Certified
EZYV14050,North America,Bachelor's,Y,N,4778,2000,Northeast,60745.56,Year,Y,Certified
EZYV12445,Asia,Master's,Y,N,5328,2006,Midwest,55597.72,Year,N,Certified
EZYV278,Asia,High School,N,N,769,1951,South,57370.96,Year,Y,Certified
EZYV15692,North America,Master's,Y,N,1826,1939,South,75377.8,Year,N,Certified
EZYV22616,Asia,Master's,Y,Y,268,1989,Northeast,908.937,Hour,Y,Denied
EZYV11790,Europe,Doctorate,Y,N,3400,2007,West,74198.24,Year,Y,Certified
EZYV20129,North America,Bachelor's,N,N,990,2000,South,386.0293,Hour,Y,Denied
EZYV19192,Asia,Bachelor's,Y,N,2852,1981,South,99565.67,Year,Y,Certified
EZYV9408,Asia,Master's,Y,N,1724,1945,Midwest,160822.5,Year,Y,Certified
EZYV7912,North America,Master's,N,N,177,2008,Northeast,143243.25,Year,N,Certified
EZYV13806,North America,Bachelor's,N,N,1900,2009,West,110.5,Hour,Y,Certified
EZYV387,Asia,Doctorate,Y,N,3962,2011,Northeast,73225.28,Year,Y,Certified
EZYV21234,Europe,Bachelor's,N,Y,746,2011,South,25237.95,Year,Y,Certified
EZYV776,Asia,Bachelor's,Y,N,2614,1959,South,77487.08,Year,Y,Certified
EZYV12635,Asia,Bachelor's,Y,N,2045,1994,West,29511.45,Year,Y,Certified
EZYV19017,Asia,Master's,N,N,2268,1979,South,99556.23,Year,Y,Denied
EZYV11277,North America,Bachelor's,N,N,2979,1998,Northeast,86665.46,Year,N,Denied
EZYV1359,Europe,Doctorate,Y,N,73,1999,South,110169.61,Year,Y,Certified
EZYV9341,Asia,Bachelor's,Y,N,3244,2005,South,74880.88,Year,Y,Certified
EZYV2448,Asia,High School,Y,N,1164,1968,Northeast,189518.32,Year,Y,Denied
EZYV13445,North America,Master's,N,N,141,1982,South,55100.68,Year,N,Certified
EZYV20092,Oceania,High School,N,N,1002,2001,Northeast,42383.44,Year,Y,Denied
EZYV24576,Asia,High School,Y,N,5041,1925,South,101944.37,Year,Y,Denied
EZYV690,Asia,Master's,Y,N,107,2005,Northeast,92835.68,Year,Y,Certified
EZYV9797,Europe,Master's,N,N,1539,1994,Midwest,97914.14,Year,Y,Denied
EZYV1317,Asia,Master's,N,N,2617,1999,Midwest,80567.16,Year,Y,Certified
EZYV22823,Asia,Master's,Y,N,2696,1990,South,86209.65,Year,N,Certified
EZYV16867,Asia,Master's,Y,N,2707,2002,Midwest,71707.94,Year,Y,Certified
EZYV264,Asia,Master's,N,N,2374,2006,Midwest,35760.36,Year,Y,Certified
EZYV2792,Asia,Doctorate,Y,N,71,1993,Northeast,66674.88,Year,Y,Certified
EZYV22068,Asia,Master's,Y,N,4567,1988,Northeast,28621.48,Year,Y,Certified
EZYV1820,Europe,Bachelor's,N,N,1600,1966,West,6436.42,Year,Y,Certified
EZYV8435,Europe,Bachelor's,N,N,4626,1990,Northeast,21966.08,Year,Y,Certified
EZYV16239,Asia,Master's,Y,N,2296,1998,West,70370.46,Year,Y,Certified
EZYV18716,Asia,Master's,N,N,1164,1972,South,233990.98,Year,N,Denied
EZYV6329,Asia,Bachelor's,Y,N,1794,1913,West,111430.22,Year,N,Denied
EZYV10573,Asia,Bachelor's,N,N,1032,1867,Northeast,75025.22,Year,Y,Denied
EZYV14102,North America,Master's,Y,Y,1904,1999,Northeast,14682.67,Year,Y,Certified
EZYV10608,Asia,Bachelor's,N,N,2767,1993,South,645.8773,Hour,Y,Denied
EZYV9103,Asia,Master's,N,N,3012,2009,Midwest,148495.91,Year,N,Certified
EZYV15467,Asia,Master's,Y,N,942,1985,Midwest,114500.27,Year,N,Certified
EZYV3704,Europe,High School,N,Y,1963,1999,West,62006.13,Year,Y,Denied
EZYV9952,Asia,High School,Y,Y,2797,1923,Northeast,87740.6,Year,Y,Denied
EZYV9177,Asia,High School,Y,Y,20526,1997,West,73303.09,Year,Y,Denied
EZYV6713,Asia,Master's,Y,N,24139,2008,Midwest,110652.72,Year,Y,Certified
EZYV22791,Europe,High School,N,N,4027,1994,Northeast,47975.93,Year,Y,Certified
EZYV20820,Asia,Bachelor's,Y,Y,4224,1994,Northeast,219968.65,Year,Y,Certified
EZYV2280,Asia,High School,Y,N,1801,1975,South,99780.47,Year,Y,Certified
EZYV16925,Europe,Bachelor's,N,N,110149,1995,West,97822.82,Year,Y,Certified
EZYV6653,Asia,Master's,Y,N,2624,2013,Northeast,43628.17,Year,Y,Certified
EZYV15377,Asia,Master's,N,N,1215,1999,South,125076.08,Year,N,Certified
EZYV19788,Asia,Master's,Y,N,482,1968,Northeast,803.7694,Hour,Y,Denied
EZYV22469,Asia,High School,N,N,2428,2003,South,22836.49,Year,Y,Denied
EZYV19770,Asia,Master's,Y,N,3897,2009,West,42364.01,Year,Y,Certified
EZYV15516,Africa,Master's,N,N,327,1998,West,93069.7,Year,Y,Certified
EZYV11028,Europe,Master's,N,N,3443,1985,West,540.2809,Hour,Y,Denied
EZYV13094,North America,Bachelor's,N,N,3233,2009,West,59.0859,Hour,Y,Certified
EZYV21849,Asia,Bachelor's,Y,N,633,2012,South,510.5605,Hour,Y,Certified
EZYV4009,Asia,High School,Y,N,1756,2008,Northeast,61640.87,Year,Y,Denied
EZYV7773,North America,Bachelor's,Y,N,1978,2009,South,94069.28,Year,Y,Denied
EZYV6969,Asia,Master's,Y,N,3841,1823,West,32576.47,Year,N,Certified
EZYV10220,Asia,High School,N,N,1321,1985,South,89510.17,Year,Y,Denied
EZYV14622,Asia,Bachelor's,Y,N,45,1974,Northeast,91329.26,Year,N,Certified
EZYV18773,Europe,Bachelor's,Y,N,3872,1847,South,31565.76,Year,Y,Certified
EZYV20981,Europe,High School,N,N,152,1997,Northeast,48545.5,Year,Y,Certified
EZYV10112,Asia,Master's,N,N,2280,1977,West,16.0596,Hour,Y,Certified
EZYV2315,Asia,Bachelor's,Y,N,2866,2008,Midwest,83375.17,Year,Y,Certified
EZYV2783,North America,Bachelor's,Y,N,4065,2001,Midwest,23712.22,Year,Y,Certified
EZYV4120,Asia,Master's,Y,N,2614,1982,Midwest,92438.27,Year,Y,Certified
EZYV22327,Asia,High School,N,N,434,1998,Midwest,58341.54,Year,Y,Certified
EZYV20666,Asia,Master's,N,N,1635,2001,West,83227.36,Year,Y,Denied
EZYV23579,Asia,Master's,Y,N,3677,1985,South,137367.95,Year,Y,Certified
EZYV6223,Asia,High School,N,N,488,1999,Midwest,95060.42,Year,Y,Denied
EZYV16884,North America,Bachelor's,Y,N,-26,1968,Northeast,168.1558,Hour,Y,Denied
EZYV8130,Asia,Bachelor's,Y,N,526,2010,Northeast,59401.18,Year,Y,Denied
EZYV18347,North America,Master's,N,N,333,1909,Midwest,60810.7,Year,Y,Certified
EZYV14701,Asia,High School,Y,N,466,1998,Northeast,91464.52,Year,Y,Denied
EZYV789,Asia,Bachelor's,N,Y,21915,2012,South,47773.5,Year,Y,Certified
EZYV4663,Asia,Master's,N,N,2857,1946,Northeast,225268.13,Year,N,Denied
EZYV8395,Asia,Master's,Y,N,557,2003,Northeast,15650.94,Year,Y,Certified
EZYV3788,Europe,Bachelor's,Y,N,2117,1998,South,58670.99,Year,Y,Certified
EZYV19223,South America,Bachelor's,N,N,2631,2004,Midwest,158704.82,Year,Y,Denied
EZYV1410,Europe,Bachelor's,N,N,288512,2005,South,21.1327,Hour,Y,Certified
EZYV6629,Asia,Master's,Y,N,2514,1979,Northeast,91644.5,Year,Y,Certified
EZYV17228,South America,Master's,Y,N,1837,1989,Midwest,41472.69,Year,Y,Certified
EZYV6214,Asia,Doctorate,N,N,2079,1969,Midwest,83097.42,Year,Y,Certified
EZYV1412,Asia,Master's,Y,N,2374,2008,Northeast,41225.41,Year,Y,Certified
EZYV17581,Asia,Bachelor's,N,N,4498,1977,South,781.1354,Hour,Y,Denied
EZYV453,Asia,Master's,Y,N,4670,2003,West,62656.12,Year,Y,Certified
EZYV5728,Asia,Master's,Y,N,5624,1996,Northeast,73889.0,Year,Y,Certified
EZYV848,North America,Master's,N,N,1063,2012,South,122.55,Hour,Y,Certified
EZYV5967,Europe,Bachelor's,N,N,64186,1981,West,70133.51,Year,Y,Certified
EZYV2742,Asia,Master's,Y,N,163,1855,Midwest,67552.19,Year,N,Certified
EZYV5958,Asia,Master's,Y,N,2107,1924,Northeast,203350.19,Year,N,Certified
EZYV11607,Asia,Bachelor's,Y,N,426,1992,West,200232.3,Year,Y,Denied
EZYV22743,Europe,High School,N,N,50607,2013,West,41091.84,Year,Y,Certified
EZYV9140,Europe,Bachelor's,Y,Y,3429,2009,Northeast,121550.99,Year,Y,Certified
EZYV18537,Asia,Master's,Y,N,3560,2007,Northeast,56163.5,Year,Y,Certified
EZYV6272,Europe,Bachelor's,Y,Y,1281,2010,Northeast,82294.13,Year,Y,Certified
EZYV20273,Asia,Bachelor's,N,N,1851,1994,South,144666.13,Year,Y,Certified
EZYV3375,Europe,Bachelor's,Y,N,1813,2000,South,103180.38,Year,Y,Denied
EZYV3736,Asia,Bachelor's,N,N,1923,2005,Northeast,42621.43,Year,Y,Denied
EZYV20090,Europe,Doctorate,Y,N,1706,2003,South,81767.06,Year,Y,Certified
EZYV13422,Asia,Master's,N,N,2711,2003,West,86707.2,Year,Y,Denied
EZYV7749,Asia,High School,Y,N,1140,1996,Midwest,49900.2,Year,Y,Denied
EZYV8527,Asia,Bachelor's,N,Y,2279,1902,West,85028.32,Year,Y,Certified
EZYV6912,Asia,Bachelor's,Y,N,2617,1984,Northeast,39445.95,Year,Y,Certified
EZYV5346,Europe,High School,N,Y,136,1951,Northeast,114876.29,Year,Y,Denied
EZYV23633,Europe,Bachelor's,N,N,418,2001,West,19975.04,Year,Y,Certified
EZYV7554,Asia,Master's,Y,N,59255,2004,West,137988.04,Year,Y,Certified
EZYV5999,North America,Bachelor's,Y,N,2927,2008,Midwest,133899.9,Year,N,Certified
EZYV18988,Asia,Doctorate,N,Y,1192,1985,Northeast,44947.68,Year,Y,Certified
EZYV20871,Europe,Doctorate,N,N,1785,2000,Northeast,65475.15,Year,Y,Certified
EZYV14208,Europe,Doctorate,Y,Y,3303,1988,West,31582.0,Year,Y,Certified
EZYV15152,South America,Master's,Y,N,1430,1847,Northeast,80035.75,Year,Y,Denied
EZYV22951,Asia,High School,N,Y,3083,1986,Northeast,78618.72,Year,Y,Certified
EZYV1848,Asia,Master's,N,N,4612,2000,Midwest,247545.23,Year,Y,Certified
EZYV24015,Asia,Bachelor's,N,N,1352,1995,Northeast,54408.26,Year,Y,Certified
EZYV18936,Asia,Bachelor's,N,N,3825,1999,West,109462.57,Year,Y,Certified
EZYV19571,Asia,Master's,Y,N,3514,1977,South,85297.78,Week,Y,Certified
EZYV11192,Asia,Master's,Y,N,3840,2007,South,98275.01,Year,N,Certified
EZYV15350,Asia,Master's,Y,N,2042,1965,South,81832.29,Week,N,Certified
EZYV22307,North America,Master's,N,N,455,1997,West,38799.54,Year,Y,Denied
EZYV24010,Asia,Master's,Y,Y,1174,2004,West,138187.45,Year,Y,Certified
EZYV18719,North America,Master's,Y,N,3182,2012,West,141608.28,Year,Y,Certified
EZYV22267,Asia,Bachelor's,Y,N,273,2002,West,61660.07,Year,Y,Certified
EZYV18595,Asia,Master's,Y,N,2094,2008,Midwest,12296.58,Year,Y,Certified
EZYV9426,Asia,Master's,N,N,2809,2004,Northeast,98462.89,Year,Y,Certified
EZYV3666,Asia,High School,Y,Y,1276,1831,South,62.9598,Hour,Y,Denied
EZYV4002,Asia,High School,Y,N,3043,2001,Northeast,371.8531,Hour,Y,Denied
EZYV10550,Asia,High School,Y,N,17952,1818,Northeast,99985.23,Year,Y,Denied
EZYV22981,Asia,Bachelor's,N,N,386,2001,South,130763.98,Year,Y,Certified
EZYV10022,Asia,High School,N,N,4817,2000,Midwest,52477.74,Year,N,Denied
EZYV234,Asia,Bachelor's,Y,N,3223,1997,South,7113.47,Year,Y,Certified
EZYV17578,North America,Bachelor's,Y,N,81392,2010,South,86051.49,Year,Y,Certified
EZYV20500,Asia,High School,N,N,2985,2005,West,105602.88,Year,N,Denied
EZYV17831,Asia,Master's,N,N,422,2010,West,172309.71,Year,Y,Certified
EZYV2165,Asia,Master's,Y,N,649,2001,South,103107.69,Year,Y,Certified
EZYV25427,Europe,Doctorate,N,N,171,1977,South,7058.51,Year,Y,Certified
EZYV10156,Asia,Doctorate,Y,N,1424,1999,Northeast,26425.61,Year,Y,Certified
EZYV23856,Asia,Bachelor's,Y,N,1223,1957,West,131329.49,Year,Y,Denied
EZYV4046,Asia,Master's,Y,N,1192,2010,South,75267.4,Year,Y,Certified
EZYV7367,Asia,Bachelor's,Y,N,1556,1998,Northeast,110364.0,Year,Y,Certified
EZYV812,Asia,Master's,Y,N,2569,2008,Midwest,298.8956,Hour,Y,Certified
EZYV2332,North America,Master's,Y,N,7999,1996,Northeast,100078.42,Year,N,Certified
EZYV15021,Asia,Master's,N,Y,23653,2008,Northeast,155498.58,Year,Y,Certified
EZYV291,Asia,Master's,N,N,875,1983,Midwest,98119.94,Year,Y,Certified
EZYV14910,Asia,Master's,N,Y,62,1969,South,98803.58,Year,Y,Certified
EZYV2957,Europe,Master's,N,Y,5664,1831,Northeast,31917.82,Year,Y,Certified
EZYV4963,Europe,Bachelor's,N,Y,1928,1986,South,18429.0,Year,Y,Certified
EZYV21993,South America,Master's,Y,N,1096,1999,West,27657.93,Year,Y,Denied
EZYV12661,North America,High School,Y,N,5165,2015,South,109966.19,Year,Y,Denied
EZYV23898,Asia,Bachelor's,N,N,498,2004,South,43241.55,Year,Y,Denied
EZYV6023,Asia,Master's,N,N,5482,2002,Northeast,46228.4,Year,N,Certified
EZYV698,Africa,Master's,Y,N,2043,1961,West,53557.18,Year,Y,Certified
EZYV632,Asia,Doctorate,N,N,88484,2001,South,53999.52,Year,Y,Certified
EZYV24341,Asia,Master's,N,N,1452,2005,South,138171.53,Year,N,Certified
EZYV3190,Asia,Master's,Y,N,2490,1970,West,276894.08,Year,N,Certified
EZYV15869,Asia,Master's,N,N,2210,2005,Midwest,77219.49,Year,Y,Certified
EZYV3271,Asia,Master's,Y,N,2039,2004,South,23778.25,Year,Y,Certified
EZYV24986,Europe,Bachelor's,Y,N,3160,1999,West,41206.97,Year,Y,Certified
EZYV18678,Asia,Bachelor's,N,N,398,1998,South,87555.69,Year,Y,Denied
EZYV8792,Asia,Master's,N,Y,3438,2001,Midwest,106779.93,Year,Y,Certified
EZYV18223,Asia,Master's,Y,N,496,1998,Northeast,111491.39,Year,Y,Certified
EZYV13207,Asia,Bachelor's,Y,N,3638,2005,Northeast,56467.56,Year,Y,Certified
EZYV23506,Asia,Master's,Y,N,11658,2007,South,127260.47,Year,Y,Certified
EZYV6438,Asia,Master's,N,Y,5082,1977,South,127271.51,Year,Y,Certified
EZYV1257,Europe,Bachelor's,N,N,1535,1947,South,92395.39,Year,Y,Certified
EZYV8039,Oceania,High School,Y,N,1039,2004,West,53717.74,Year,N,Certified
EZYV13687,Asia,High School,N,N,3395,1974,Northeast,346.5963,Hour,Y,Denied
EZYV11557,Europe,Bachelor's,Y,N,2134,2012,South,20422.41,Year,Y,Certified
EZYV909,Africa,Master's,N,N,5878,1868,West,72752.64,Year,Y,Denied
EZYV14598,Europe,Doctorate,N,N,5092,2010,West,18855.72,Year,Y,Certified
EZYV1542,Asia,Master's,Y,N,466,1993,Northeast,74215.55,Year,Y,Certified
EZYV25074,Asia,Master's,Y,N,26906,2004,West,212882.1,Year,N,Certified
EZYV20553,Asia,Master's,Y,N,222,1931,Northeast,103056.25,Year,Y,Certified
EZYV21528,Asia,Bachelor's,Y,Y,2877,1969,South,72125.02,Year,Y,Denied
EZYV16478,Europe,Doctorate,N,N,3113,1968,Midwest,66112.12,Year,Y,Certified
EZYV5931,Asia,Master's,N,N,797,1905,Midwest,20432.18,Year,Y,Certified
EZYV9845,Asia,Bachelor's,Y,N,845,1978,West,45673.77,Year,Y,Certified
EZYV17779,Asia,High School,Y,N,2155,1968,Northeast,7489.24,Year,Y,Certified
EZYV6412,Asia,Doctorate,Y,N,4872,1989,West,121812.24,Year,N,Certified
EZYV7539,Asia,Master's,N,N,1225,1998,Northeast,113.23,Hour,Y,Certified
EZYV5775,Asia,Bachelor's,Y,N,459,1926,South,12275.86,Year,Y,Certified
EZYV20791,Europe,Doctorate,Y,N,3110,1820,West,82089.0,Year,Y,Certified
EZYV22310,Asia,Master's,Y,N,2368,1993,Midwest,135896.83,Year,Y,Certified
EZYV20144,Asia,Bachelor's,Y,N,205,2000,Midwest,98848.46,Year,Y,Certified
EZYV15127,Asia,Master's,Y,N,3227,2005,Northeast,98910.4,Year,N,Certified
EZYV22656,Asia,Bachelor's,N,N,1975,1992,Midwest,132115.38,Year,Y,Denied
EZYV710,Europe,Doctorate,N,N,298041,1963,South,37488.06,Year,Y,Certified
EZYV19317,Europe,Master's,Y,N,4454,1998,West,102657.47,Year,Y,Certified
EZYV8495,Asia,Master's,Y,N,26494,2007,Northeast,91601.3,Year,Y,Certified
EZYV7952,Asia,Bachelor's,Y,N,3515,2005,West,135734.65,Year,Y,Certified
EZYV23983,Europe,Master's,N,N,290,1998,South,76433.65,Year,Y,Certified
EZYV1276,Asia,Master's,N,N,92,2005,Midwest,166677.8,Year,Y,Certified
EZYV11302,Africa,Master's,N,N,2570,1973,South,133552.89,Year,Y,Certified
EZYV15695,Asia,Bachelor's,Y,N,25111,1955,Northeast,117646.0,Year,Y,Certified
EZYV4589,Asia,Bachelor's,Y,N,585,2003,West,91915.96,Year,Y,Certified
EZYV13770,South America,Bachelor's,Y,N,3517,1997,West,43486.29,Year,Y,Certified
EZYV11689,Asia,Bachelor's,N,N,788,2007,West,489.9182,Hour,Y,Denied
EZYV189,South America,Master's,Y,N,1551,1989,West,630.66,Year,Y,Certified
EZYV15402,Asia,Master's,Y,N,1271,1962,Northeast,132533.24,Year,Y,Certified
EZYV10560,Europe,Bachelor's,N,N,871,2007,Northeast,23726.1,Year,Y,Certified
EZYV3293,North America,Bachelor's,Y,N,1600,1817,Northeast,66644.55,Year,Y,Certified
EZYV9193,Asia,High School,Y,N,3273,1892,West,34431.42,Year,Y,Denied
EZYV24573,Asia,Bachelor's,Y,N,3674,1968,South,33097.49,Year,Y,Certified
EZYV14395,Asia,Bachelor's,Y,N,3456,2005,Northeast,59999.96,Year,Y,Certified
EZYV10625,Asia,Master's,N,N,4240,2009,West,62973.56,Year,Y,Denied
EZYV5218,Asia,Bachelor's,Y,N,1443,1991,Northeast,81066.91,Year,Y,Certified
EZYV20830,Europe,High School,Y,N,2044,1988,West,65602.2,Year,Y,Certified
EZYV13985,Asia,Bachelor's,Y,N,2631,2013,South,94564.03,Year,Y,Certified
EZYV17226,Europe,Master's,Y,N,188,2010,West,9753.21,Year,Y,Denied
EZYV24463,Asia,Master's,N,N,880,1983,Northeast,86411.75,Year,N,Certified
EZYV841,Asia,Master's,Y,N,2364,1998,Midwest,87397.19,Year,Y,Certified
EZYV18201,Asia,High School,N,N,2697,1977,Northeast,730.6864,Hour,Y,Certified
EZYV21028,Asia,Bachelor's,N,N,2871,2005,South,198982.95,Year,Y,Denied
EZYV3238,Europe,Doctorate,N,Y,141,1991,West,59156.3,Year,Y,Certified
EZYV13889,Europe,Master's,N,N,631,2011,South,78161.7,Year,N,Certified
EZYV10238,Europe,Master's,N,N,2291,1923,Northeast,153517.19,Year,Y,Certified
EZYV13383,Asia,Master's,Y,N,2633,1998,Northeast,18359.9,Year,Y,Certified
EZYV2593,Asia,High School,Y,N,969,1855,West,738.1177,Hour,Y,Denied
EZYV6171,Europe,Bachelor's,Y,N,3475,1981,Northeast,9203.43,Year,Y,Certified
EZYV21700,Asia,Bachelor's,Y,N,556,2000,South,89755.04,Year,Y,Certified
EZYV2109,Asia,Bachelor's,Y,N,680,1995,Northeast,47381.0,Year,Y,Certified
EZYV8935,North America,Bachelor's,Y,Y,84235,1994,West,76853.5,Year,Y,Certified
EZYV2678,Asia,Bachelor's,Y,N,916,2009,Midwest,139824.33,Year,Y,Certified
EZYV19674,Asia,Master's,N,N,2817,1996,Northeast,6398.03,Year,Y,Denied
EZYV12823,Asia,Master's,Y,N,1207,1855,Midwest,95287.74,Year,Y,Certified
EZYV11724,Asia,Doctorate,N,N,1744,1894,South,759.4199,Hour,Y,Certified
EZYV9286,Asia,Master's,Y,N,1437,1984,Midwest,30807.61,Year,Y,Certified
EZYV6873,Asia,Bachelor's,N,Y,1258,1909,South,34928.61,Year,Y,Certified
EZYV15861,Asia,High School,Y,N,862,1851,South,19606.84,Year,Y,Denied
EZYV14387,Asia,Bachelor's,N,N,4242,1847,South,40641.25,Year,Y,Denied
EZYV864,Asia,Master's,Y,N,1817,2010,Midwest,58434.15,Year,N,Certified
EZYV20391,Asia,Master's,Y,N,2980,1973,Northeast,147111.47,Year,Y,Certified
EZYV12680,Asia,Bachelor's,Y,N,4698,1985,South,71967.86,Year,Y,Certified
EZYV21543,North America,Master's,Y,N,550,2000,Northeast,126783.22,Year,N,Certified
EZYV21733,Asia,Bachelor's,Y,N,1503,1865,West,112828.07,Year,Y,Denied
EZYV25023,Asia,Bachelor's,Y,N,1708,1986,Midwest,110888.1,Year,Y,Certified
EZYV4756,Asia,Bachelor's,Y,N,899,1954,South,106865.63,Year,Y,Denied
EZYV6989,Asia,Master's,N,N,42168,1994,Midwest,80150.78,Year,Y,Certified
EZYV14904,Europe,Bachelor's,N,Y,847,1999,West,7959.97,Year,Y,Certified
EZYV18905,North America,Master's,N,N,2188,2005,South,32709.0,Year,N,Denied
EZYV9172,Asia,Master's,Y,N,929,2009,West,120381.76,Year,Y,Certified
EZYV2371,Asia,High School,Y,N,1051,1880,West,117921.54,Year,N,Denied
EZYV5675,Asia,Master's,Y,N,1885,2005,West,39476.35,Year,Y,Certified
EZYV3947,Asia,High School,Y,N,3571,1875,South,28080.89,Year,Y,Denied
EZYV2941,Asia,High School,N,Y,2616,1986,South,145447.47,Year,Y,Denied
EZYV9602,Asia,Bachelor's,Y,Y,1518,2001,Northeast,75669.52,Year,Y,Denied
EZYV24689,Europe,Master's,Y,N,3166,1969,Northeast,208875.57,Year,Y,Denied
EZYV22843,Europe,Bachelor's,N,N,2545,2009,West,74429.34,Year,Y,Denied
EZYV22074,Asia,Master's,Y,N,330,2008,Midwest,14172.73,Year,Y,Certified
EZYV17875,Asia,Master's,N,N,99027,1979,Northeast,116336.39,Year,Y,Certified
EZYV24,North America,High School,N,N,1517,1884,Midwest,90108.38,Year,N,Certified
EZYV18160,Asia,Bachelor's,Y,N,1020,1999,West,92377.97,Year,Y,Denied
EZYV791,Asia,Bachelor's,N,N,974,1846,South,14125.36,Year,Y,Certified
EZYV19386,North America,Bachelor's,N,N,2453,1980,Midwest,21682.44,Year,Y,Certified
EZYV12004,Europe,Bachelor's,Y,N,5264,1971,Northeast,144054.21,Year,N,Certified
EZYV10025,Asia,Master's,Y,N,1837,2008,South,93791.01,Week,Y,Certified
EZYV24195,Asia,Master's,Y,N,4261,2000,Northeast,119696.76,Week,Y,Denied
EZYV1149,Asia,Doctorate,N,N,2380,2006,Midwest,143988.01,Year,Y,Certified
EZYV9921,Asia,High School,Y,N,2845,2009,West,424.08,Year,Y,Denied
EZYV1707,Asia,Master's,Y,N,83371,2011,West,125796.26,Year,N,Certified
EZYV13474,Asia,Master's,Y,N,5490,2013,Northeast,36549.98,Year,Y,Certified
EZYV17468,Asia,Bachelor's,N,N,4767,1930,West,95292.12,Year,Y,Certified
EZYV14635,Asia,High School,N,N,870,1838,West,120380.18,Year,N,Denied
EZYV10447,North America,Master's,Y,N,621,2007,Northeast,123684.49,Year,N,Certified
EZYV18681,Asia,Master's,Y,Y,225,1970,West,129227.39,Year,Y,Denied
EZYV1419,South America,Bachelor's,Y,N,2431,1876,South,18876.35,Year,Y,Certified
EZYV1403,Asia,Master's,Y,N,1419,1984,Northeast,46333.51,Year,Y,Certified
EZYV8292,Asia,Master's,N,N,593,1983,Northeast,101002.46,Year,N,Certified
EZYV5280,Asia,Master's,N,N,3100,2009,Northeast,118559.46,Year,N,Certified
EZYV4585,Asia,Bachelor's,N,N,380,1997,South,611.2748,Hour,Y,Denied
EZYV2041,Asia,Master's,Y,N,481,1996,South,99258.17,Year,N,Certified
EZYV22782,Asia,Master's,N,N,4222,2009,Northeast,128158.37,Year,Y,Denied
EZYV10769,Europe,Bachelor's,Y,N,1045,1994,West,64319.18,Year,Y,Certified
EZYV8177,Asia,Bachelor's,N,N,1810,2008,Northeast,32627.49,Year,Y,Certified
EZYV11901,Asia,Master's,N,Y,1850,1985,West,99241.62,Year,Y,Denied
EZYV23528,South America,Bachelor's,Y,N,2332,2001,South,19053.12,Year,Y,Certified
EZYV17042,North America,Master's,Y,N,2589,1993,South,487.1616,Hour,Y,Certified
EZYV18697,Asia,Master's,Y,N,1247,1984,Midwest,94498.32,Year,Y,Certified
EZYV2880,Asia,Bachelor's,Y,N,1124,1999,Northeast,66234.27,Year,Y,Certified
EZYV342,Asia,Master's,Y,N,822,1838,Northeast,66711.21,Year,N,Certified
EZYV18980,Europe,Master's,Y,N,6573,2001,Northeast,379.87,Year,N,Certified
EZYV20723,Europe,High School,N,N,3340,1986,Midwest,80503.57,Year,Y,Certified
EZYV13658,Europe,High School,Y,N,4089,1978,West,46415.35,Year,Y,Denied
EZYV11701,North America,Master's,Y,N,3371,1980,Midwest,27092.11,Year,Y,Certified
EZYV5863,Asia,Master's,Y,N,5186,1985,Midwest,24695.44,Year,N,Certified
EZYV3391,Europe,High School,Y,N,103,1981,South,589.4545,Hour,Y,Denied
EZYV20399,Europe,Bachelor's,Y,N,1235,1946,West,100443.19,Year,Y,Denied
EZYV21672,Europe,Bachelor's,N,Y,1010,2006,West,102524.37,Year,Y,Denied
EZYV11387,Asia,Master's,N,Y,2373,2006,West,3567.48,Year,Y,Certified
EZYV1499,North America,Doctorate,N,N,283,2005,West,41392.78,Year,Y,Denied
EZYV6005,Asia,Bachelor's,N,N,1563,1972,Northeast,95142.87,Year,Y,Certified
EZYV14537,Asia,Doctorate,Y,Y,16365,2007,South,96742.48,Year,Y,Denied
EZYV16506,North America,Bachelor's,N,N,2709,2003,South,100280.48,Week,Y,Certified
EZYV25230,North America,Bachelor's,N,N,974,1956,Northeast,173854.46,Year,N,Denied
EZYV23273,North America,High School,Y,N,1504,2003,West,112713.78,Year,Y,Certified
EZYV3587,Asia,High School,Y,N,3419,2005,Midwest,155913.89,Year,Y,Denied
EZYV11828,Asia,High School,Y,N,3502,1931,South,66600.44,Year,Y,Denied
EZYV149,Asia,Bachelor's,Y,N,4273,1884,Midwest,149023.92,Year,Y,Certified
EZYV12799,Europe,Bachelor's,N,N,1359,1998,Midwest,64088.7,Year,Y,Certified
EZYV18516,Asia,Bachelor's,N,N,1673,2007,Northeast,134015.26,Year,Y,Certified
EZYV16474,Asia,Master's,N,N,3847,2008,Northeast,36592.51,Year,Y,Certified
EZYV590,North America,Master's,N,N,1372,2011,Midwest,748.0707,Hour,Y,Certified
EZYV16071,Asia,Bachelor's,Y,N,3957,1949,Northeast,138155.24,Year,Y,Certified
EZYV17868,Europe,High School,N,N,650,1992,Northeast,101742.71,Year,Y,Certified
EZYV22445,Asia,Master's,N,N,4415,1981,Midwest,146355.67,Year,Y,Certified
EZYV2042,Asia,High School,N,N,1701,2001,Northeast,55394.17,Year,Y,Denied
EZYV954,Europe,Master's,Y,N,2100,1979,South,71761.36,Year,N,Certified
EZYV13720,North America,Bachelor's,Y,N,1500,1999,South,55709.57,Year,Y,Certified
EZYV22104,Asia,Doctorate,N,N,276,2005,South,35062.94,Year,Y,Certified
EZYV13000,Asia,Bachelor's,Y,N,1567,2009,Northeast,927.6348,Hour,Y,Denied
EZYV20347,North America,High School,Y,N,2292,1996,South,105688.95,Year,Y,Denied
EZYV2446,Asia,High School,N,Y,4241,1988,Northeast,85601.64,Year,Y,Denied
EZYV18949,Asia,Bachelor's,Y,N,3029,1994,Midwest,69410.37,Year,Y,Certified
EZYV12624,Europe,High School,N,N,2766,1977,South,145769.27,Year,Y,Denied
EZYV8434,Asia,Doctorate,Y,N,2960,2007,South,81898.54,Year,Y,Certified
EZYV25241,Europe,Bachelor's,N,Y,72173,1919,South,85135.27,Year,Y,Certified
EZYV24843,Asia,Master's,N,N,822,2004,West,36323.32,Year,Y,Certified
EZYV16761,Asia,Doctorate,N,N,1399,2005,Midwest,179859.81,Year,Y,Certified
EZYV15729,Africa,Bachelor's,Y,N,3147,1872,Northeast,54614.96,Year,Y,Denied
EZYV9035,Asia,Master's,N,N,3550,1847,Midwest,113577.84,Year,Y,Certified
EZYV22495,Asia,Master's,Y,N,668,2000,West,216909.49,Year,Y,Denied
EZYV15268,Asia,High School,Y,N,1534,1945,West,18516.78,Year,Y,Denied
EZYV22336,North America,High School,Y,N,2134,2011,South,18893.21,Year,Y,Certified
EZYV16767,Asia,Master's,Y,N,1112,1993,Northeast,158377.02,Year,N,Certified
EZYV16188,Europe,Master's,N,N,2186,1925,West,137713.41,Year,Y,Certified
EZYV13522,Asia,Master's,Y,N,2221,2006,Northeast,152965.03,Year,Y,Certified
EZYV3348,North America,Doctorate,N,N,3856,2004,Northeast,48015.67,Year,N,Denied
EZYV8067,Asia,Bachelor's,Y,N,3758,2010,Northeast,13686.44,Year,Y,Certified
EZYV14734,Asia,Bachelor's,N,N,892,1989,South,784.0817,Hour,Y,Denied
EZYV13705,Asia,Master's,Y,N,3260,1978,South,97836.17,Year,Y,Certified
EZYV12443,Asia,Bachelor's,Y,N,2430,2000,South,82772.57,Year,Y,Denied
EZYV21771,Asia,High School,Y,N,58630,1804,West,10581.31,Year,Y,Denied
EZYV16630,Asia,Bachelor's,Y,N,1272,1907,West,251654.81,Year,Y,Certified
EZYV22503,Asia,Master's,N,N,3174,1984,South,159391.26,Year,N,Denied
EZYV20992,Europe,Master's,Y,Y,4082,2008,West,64905.4,Year,Y,Certified
EZYV4551,Europe,Bachelor's,N,N,24092,1972,West,103942.73,Year,Y,Certified
EZYV10649,Asia,Master's,N,N,3592,2003,Northeast,216.4821,Hour,Y,Denied
EZYV23769,Europe,Doctorate,Y,N,3177,1994,South,45789.0,Year,Y,Certified
EZYV20433,Asia,Master's,N,N,1909,1991,Midwest,84253.29,Year,Y,Certified
EZYV13922,North America,Bachelor's,Y,Y,797,1902,West,122615.23,Year,Y,Certified
EZYV17850,North America,Master's,Y,Y,1745,1999,South,50507.05,Year,Y,Certified
EZYV23338,Asia,Master's,Y,N,3230,1942,Midwest,83278.28,Week,Y,Certified
EZYV19954,Oceania,Bachelor's,Y,N,1135,1947,Island,61.409,Hour,Y,Denied
EZYV4970,Europe,Doctorate,N,N,1512,2011,West,33064.61,Year,Y,Certified
EZYV9791,Asia,High School,N,N,3931,1985,Midwest,148135.11,Year,Y,Denied
EZYV3265,Oceania,Master's,Y,N,264,1983,South,203769.29,Year,Y,Certified
EZYV12314,Asia,Bachelor's,N,N,2660,2000,South,264.5998,Hour,Y,Certified
EZYV18408,Asia,Master's,N,N,2104,1996,Northeast,6128.06,Year,N,Certified
EZYV18985,Asia,Master's,Y,N,1997,1993,Midwest,172510.9,Year,Y,Certified
EZYV19040,Europe,Doctorate,Y,N,987,2003,South,41977.95,Year,Y,Certified
EZYV16128,North America,High School,Y,N,5874,1997,South,86703.43,Year,Y,Denied
EZYV15673,Europe,Master's,Y,Y,92770,2009,South,38035.1,Year,Y,Certified
EZYV5360,North America,Master's,Y,N,567,2001,South,43688.68,Year,Y,Certified
EZYV4308,Asia,Bachelor's,Y,N,508,1923,South,102219.15,Year,Y,Certified
EZYV19737,Europe,Bachelor's,Y,N,4443,2000,West,101269.03,Year,Y,Certified
EZYV5243,Asia,Master's,Y,Y,7359,2010,South,79762.37,Year,Y,Certified
EZYV17832,Europe,Bachelor's,N,N,29765,2005,Northeast,18685.73,Year,Y,Certified
EZYV9907,North America,Bachelor's,Y,N,1747,2000,Northeast,84091.79,Year,Y,Certified
EZYV2219,Europe,High School,N,N,791,1978,Northeast,130.69,Hour,Y,Denied
EZYV12912,Asia,Master's,Y,N,3426,1847,South,70683.05,Year,Y,Certified
EZYV20590,Europe,Bachelor's,Y,Y,1820,1993,Northeast,18046.16,Year,Y,Certified
EZYV1864,Asia,Bachelor's,Y,N,4325,1965,South,144922.16,Year,N,Certified
EZYV15030,Asia,High School,N,N,1481,2004,Midwest,47625.06,Year,Y,Denied
EZYV2765,Asia,Master's,Y,N,16006,1984,Northeast,12661.71,Week,Y,Certified
EZYV1034,Asia,Master's,Y,N,2340,1981,Northeast,63278.75,Year,Y,Certified
EZYV2850,Asia,Bachelor's,Y,N,8699,1997,South,118313.22,Year,Y,Certified
EZYV12323,Asia,High School,N,N,4658,2003,Northeast,246.3592,Hour,Y,Denied
EZYV17107,Asia,Master's,Y,N,106917,1987,Island,61713.83,Year,Y,Certified
EZYV19008,Europe,Doctorate,Y,N,1666,2010,West,69337.42,Year,Y,Certified
EZYV21221,Europe,Master's,Y,N,1822,1999,South,8389.71,Year,Y,Certified
EZYV3649,Asia,Master's,Y,N,3828,1993,Midwest,62463.62,Year,Y,Certified
EZYV7701,Asia,Bachelor's,Y,N,1514,2007,West,110359.87,Year,Y,Denied
EZYV3935,Asia,Bachelor's,Y,N,707,2001,Midwest,81748.82,Year,N,Certified
EZYV9697,South America,High School,Y,N,2732,2005,South,48974.3,Year,Y,Denied
EZYV15554,Europe,Bachelor's,Y,N,1739,1855,Northeast,82980.03,Year,Y,Certified
EZYV1683,Asia,Master's,Y,N,1113,2011,West,30362.61,Year,Y,Certified
EZYV18803,Europe,Doctorate,N,N,1280,1885,South,59345.66,Year,Y,Denied
EZYV1738,Asia,Bachelor's,N,Y,3389,2012,West,53353.0,Year,Y,Denied
EZYV11628,Asia,Master's,Y,N,467,1953,Midwest,70772.67,Year,Y,Certified
EZYV12201,Asia,Bachelor's,Y,Y,2981,1974,Northeast,79091.78,Year,Y,Certified
EZYV2354,Asia,Bachelor's,N,Y,1367,2011,South,174552.27,Year,Y,Certified
EZYV6684,Asia,Bachelor's,Y,N,4334,1997,Northeast,156324.5,Year,Y,Certified
EZYV8800,Asia,Bachelor's,Y,N,1794,2003,South,148801.76,Year,Y,Certified
EZYV8386,Asia,High School,N,N,1632,1888,Northeast,1600.01,Year,Y,Denied
EZYV15996,Asia,High School,Y,N,3968,1900,South,139393.26,Year,N,Certified
EZYV11115,Asia,Master's,N,Y,2295,1997,South,109208.02,Year,Y,Certified
EZYV21842,Europe,High School,N,N,1934,2005,South,943.7374,Hour,Y,Certified
EZYV6057,Asia,Bachelor's,Y,N,1593,1893,Midwest,53436.85,Year,Y,Certified
EZYV3874,Asia,Doctorate,N,N,1369,2011,West,60801.21,Year,Y,Denied
EZYV12412,Asia,Bachelor's,N,N,599,1906,West,80261.08,Week,Y,Denied
EZYV24123,Asia,Bachelor's,Y,N,579,1980,South,73337.09,Year,Y,Certified
EZYV4870,Asia,High School,Y,N,61,1997,Midwest,34377.42,Year,Y,Denied
EZYV1141,Asia,Bachelor's,Y,N,4769,1975,Northeast,103400.4,Year,Y,Certified
EZYV19195,North America,Bachelor's,Y,N,2569,1992,South,110461.17,Year,Y,Denied
EZYV6137,Asia,Master's,Y,N,1978,2002,South,259739.35,Year,Y,Certified
EZYV3469,Asia,Bachelor's,Y,N,1562,1899,South,54112.42,Year,Y,Certified
EZYV22118,Europe,Master's,Y,N,1867,1993,Northeast,54070.79,Year,Y,Certified
EZYV14164,Asia,Master's,Y,Y,5567,1996,Northeast,64078.49,Year,Y,Certified
EZYV17039,Asia,High School,Y,N,4345,1998,Midwest,45355.54,Year,Y,Certified
EZYV21102,Asia,Master's,N,N,3070,1969,West,522.8648,Hour,Y,Denied
EZYV20118,Asia,Master's,Y,N,2988,2001,South,88375.8,Year,Y,Certified
EZYV12250,Europe,Bachelor's,Y,N,5006,1981,West,34506.28,Year,Y,Certified
EZYV3691,North America,High School,N,N,1419,2001,Northeast,125465.83,Year,Y,Denied
EZYV17190,Africa,Bachelor's,Y,N,2216,2005,Northeast,45673.69,Year,Y,Denied
EZYV978,Asia,High School,N,N,3716,1999,Midwest,311.1659,Hour,Y,Certified
EZYV15336,Asia,Bachelor's,N,N,2867,1975,Northeast,42958.3,Year,Y,Denied
EZYV8226,Asia,Bachelor's,Y,N,430,2003,Midwest,112715.62,Year,Y,Denied
EZYV6246,North America,Master's,Y,N,5505,1919,West,15615.87,Year,Y,Certified
EZYV4889,Asia,Bachelor's,Y,N,2305,2003,West,10799.71,Year,Y,Denied
EZYV3244,Europe,High School,N,N,80498,2009,South,59781.33,Year,Y,Denied
EZYV7973,Asia,Bachelor's,Y,N,1466,2005,South,61920.23,Year,Y,Denied
EZYV1530,Asia,Bachelor's,Y,N,5117,1992,West,80898.69,Year,Y,Certified
EZYV3236,Asia,Master's,N,N,106,2004,Northeast,133136.57,Year,N,Denied
EZYV14883,Europe,Doctorate,Y,N,5468,1997,South,4643.31,Year,Y,Certified
EZYV10793,Asia,Master's,Y,N,2210,2000,Midwest,201167.69,Year,Y,Certified
EZYV10277,North America,Bachelor's,Y,N,5470,2002,Northeast,91991.78,Year,Y,Denied
EZYV21038,Asia,Bachelor's,Y,N,550,1993,Northeast,53855.08,Year,Y,Certified
EZYV1921,Asia,Master's,Y,N,1685,2003,West,104577.45,Year,Y,Certified
EZYV1497,Europe,High School,N,Y,2099,1932,West,41051.21,Year,Y,Denied
EZYV6571,Asia,Master's,N,N,3642,2007,West,147235.76,Year,Y,Certified
EZYV21937,North America,Bachelor's,Y,N,1916,2012,West,37627.21,Year,Y,Certified
EZYV15721,Asia,High School,N,Y,2536,1998,South,102354.13,Year,Y,Denied
EZYV17234,North America,Bachelor's,N,N,2678,1981,Northeast,953.4778,Hour,N,Denied
EZYV3379,Oceania,Bachelor's,N,N,908,2005,Midwest,93818.59,Week,Y,Denied
EZYV8830,Asia,Master's,Y,N,2548,2013,Midwest,205023.34,Year,Y,Certified
EZYV11638,Asia,Master's,Y,N,1053,1967,South,105539.75,Year,Y,Certified
EZYV2534,Europe,Master's,Y,N,1101,1850,West,212371.59,Year,Y,Certified
EZYV9175,Europe,Master's,Y,N,444,1959,South,79023.41,Year,Y,Certified
EZYV5299,Asia,Bachelor's,N,N,3278,1997,West,64900.64,Year,Y,Certified
EZYV13148,Europe,Bachelor's,Y,N,5247,1871,West,24229.92,Year,Y,Certified
EZYV20640,Asia,High School,Y,N,602,1999,Northeast,147775.75,Year,Y,Denied
EZYV1652,North America,Bachelor's,Y,N,514,2008,Midwest,44342.02,Year,Y,Certified
EZYV12320,Asia,Master's,N,N,2263,1963,West,99136.44,Year,Y,Denied
EZYV6036,Europe,Bachelor's,Y,N,4406,1999,West,113.96,Year,Y,Certified
EZYV9992,Europe,Bachelor's,Y,N,2383,1978,Northeast,46061.49,Year,Y,Certified
EZYV1566,Asia,Master's,Y,N,2532,2009,South,25191.2,Year,Y,Certified
EZYV23127,Asia,Bachelor's,Y,N,18843,1978,West,99506.01,Year,Y,Certified
EZYV2780,Asia,Master's,N,N,1055,1860,West,167.9421,Hour,Y,Denied
EZYV12796,Asia,Master's,Y,N,3642,1960,West,37986.01,Year,Y,Certified
EZYV9945,Asia,Master's,N,N,1732,2005,Midwest,31968.81,Year,Y,Certified
EZYV8285,Europe,Doctorate,N,N,104,1872,Northeast,51214.55,Year,Y,Certified
EZYV5477,Asia,Bachelor's,Y,N,1987,2009,Northeast,69768.35,Year,Y,Certified
EZYV5608,Asia,Master's,Y,N,4296,2008,South,127922.38,Year,Y,Certified
EZYV15359,Europe,Doctorate,Y,N,335,2013,West,47039.25,Year,Y,Certified
EZYV13778,Asia,Master's,Y,N,503,1885,West,48199.56,Year,Y,Certified
EZYV14242,Asia,Bachelor's,N,N,42,2010,South,41278.55,Year,Y,Certified
EZYV1909,Asia,Doctorate,N,Y,2478,1909,Northeast,73335.61,Year,Y,Denied
EZYV8173,Asia,Bachelor's,N,N,125,2003,South,37418.83,Year,Y,Certified
EZYV10093,Europe,High School,N,Y,88939,1926,South,9727.51,Year,Y,Denied
EZYV13295,Europe,Doctorate,Y,N,708,1946,Midwest,64321.99,Year,Y,Certified
EZYV18937,North America,Master's,N,N,2974,1976,South,255.9271,Hour,Y,Denied
EZYV1247,Asia,Master's,N,N,3631,1995,Midwest,114876.07,Year,Y,Certified
EZYV89,Asia,Bachelor's,N,N,2543,1939,Northeast,78893.64,Year,Y,Denied
EZYV11967,Asia,Bachelor's,Y,N,21642,1987,Northeast,15952.76,Year,Y,Denied
EZYV20323,Asia,Bachelor's,N,N,2750,1995,Midwest,128748.38,Year,Y,Certified
EZYV2889,Asia,High School,N,Y,3427,1986,South,142609.9,Year,Y,Denied
EZYV16501,North America,Bachelor's,N,N,1346,1991,West,153319.76,Year,N,Denied
EZYV767,Asia,Doctorate,Y,N,1251,1999,Northeast,108235.72,Year,Y,Certified
EZYV9462,Asia,Bachelor's,N,Y,7453,2010,West,67132.3,Year,N,Denied
EZYV496,Asia,Master's,N,Y,46,1948,West,92218.76,Year,Y,Denied
EZYV14862,Asia,Master's,N,N,515,1969,Northeast,11431.48,Year,Y,Certified
EZYV22947,Europe,Master's,Y,N,651,2012,Northeast,82471.77,Year,Y,Certified
EZYV11504,Asia,Master's,Y,N,3840,1986,Midwest,44684.84,Year,N,Denied
EZYV16868,Asia,Master's,Y,N,150,1994,West,19189.98,Year,Y,Certified
EZYV1036,Europe,Bachelor's,Y,N,3164,1972,Northeast,64310.94,Year,Y,Certified
EZYV13099,Asia,Master's,N,N,260,1967,South,93418.08,Year,Y,Certified
EZYV10515,Asia,High School,N,N,3606,2009,Northeast,58690.92,Year,Y,Denied
EZYV18369,Europe,High School,Y,N,3296,1994,South,17075.36,Year,Y,Certified
EZYV9399,Asia,Master's,Y,N,3739,1987,South,221860.43,Year,N,Certified
EZYV16393,Europe,Bachelor's,Y,N,2375,2004,West,87871.33,Year,Y,Certified
EZYV2070,Europe,Bachelor's,Y,Y,2797,1898,South,26247.63,Year,Y,Certified
EZYV24538,Asia,Master's,N,N,463,1980,West,147487.82,Year,N,Denied
EZYV17399,Asia,Bachelor's,N,Y,3273,2007,West,54473.06,Year,Y,Certified
EZYV8631,North America,Bachelor's,N,Y,13139,2000,Northeast,67462.48,Year,Y,Certified
EZYV15455,Oceania,Master's,Y,N,1207,2008,Northeast,127765.36,Year,Y,Certified
EZYV17524,Asia,Bachelor's,N,N,5436,2006,South,97035.6,Year,Y,Certified
EZYV5193,Asia,Bachelor's,Y,N,1774,1976,Midwest,159577.43,Year,Y,Denied
EZYV5881,Asia,Master's,N,N,3432,1965,Northeast,75267.73,Year,Y,Certified
EZYV2284,Asia,High School,Y,N,273,1959,West,15922.57,Year,Y,Denied
EZYV7722,Asia,Bachelor's,N,N,1621,1944,Midwest,76898.79,Year,Y,Denied
EZYV17735,Asia,Master's,Y,N,548,1993,Northeast,71703.66,Year,Y,Certified
EZYV14491,Asia,High School,Y,Y,1510,2001,Midwest,158292.79,Year,Y,Denied
EZYV4868,Asia,Bachelor's,N,N,119,2007,South,150521.49,Year,N,Certified
EZYV24124,Asia,Master's,Y,N,2985,1993,West,56281.02,Year,Y,Denied
EZYV19707,Europe,Master's,N,N,2711,1991,Northeast,138339.03,Year,Y,Certified
EZYV24173,Asia,Master's,Y,N,1123,2005,Northeast,58062.28,Year,Y,Denied
EZYV12614,Asia,Bachelor's,N,N,1467,2011,Northeast,157990.27,Year,Y,Certified
EZYV532,Europe,Master's,N,N,30363,2006,West,26374.66,Year,Y,Certified
EZYV11083,Asia,Bachelor's,Y,N,1883,2006,Northeast,82683.14,Year,Y,Certified
EZYV6241,Europe,Bachelor's,Y,N,424,1996,South,32485.12,Year,Y,Certified
EZYV15281,Europe,Master's,Y,N,4848,1947,Midwest,70271.25,Year,Y,Certified
EZYV10667,Europe,Doctorate,Y,N,1048,1998,Northeast,70070.29,Year,Y,Certified
EZYV22857,Africa,Master's,N,N,922,1969,South,110254.58,Year,Y,Certified
EZYV7159,Asia,Bachelor's,Y,N,86312,2003,West,119987.28,Year,Y,Certified
EZYV6379,North America,Doctorate,Y,N,3469,1970,South,80093.71,Year,Y,Certified
EZYV23373,Asia,Master's,Y,Y,2002,1993,South,216352.63,Year,Y,Certified
EZYV17661,Asia,Master's,Y,N,3988,2001,Midwest,109738.49,Year,N,Denied
EZYV14331,Asia,Bachelor's,N,N,1925,2001,West,77495.23,Year,Y,Denied
EZYV9903,Asia,Doctorate,N,N,1834,2005,Northeast,674.0447,Hour,Y,Certified
EZYV1934,Asia,Master's,Y,N,11372,1965,Midwest,104657.68,Year,Y,Certified
EZYV13525,South America,Master's,N,N,481,2009,South,854.3808,Hour,Y,Denied
EZYV10227,North America,Master's,Y,N,1267,2006,Northeast,123640.01,Year,Y,Certified
EZYV10292,Asia,Bachelor's,N,Y,765,2000,West,39030.65,Year,Y,Certified
EZYV1513,Europe,Master's,Y,N,1768,2010,West,58729.53,Year,Y,Certified
EZYV12409,Asia,Master's,Y,N,20687,1944,Midwest,35988.02,Year,N,Certified
EZYV24434,Europe,High School,Y,Y,2533,1995,South,25340.48,Year,Y,Certified
EZYV5969,Europe,Master's,N,N,516,2006,Northeast,80985.43,Year,Y,Certified
EZYV2484,Asia,Bachelor's,Y,N,1481,2005,Midwest,178327.44,Year,Y,Certified
EZYV20845,Asia,Master's,N,N,1734,1990,Northeast,232462.72,Year,N,Certified
EZYV14413,Asia,Master's,Y,N,3513,2001,Northeast,53660.61,Year,Y,Certified
EZYV22146,Asia,Bachelor's,Y,N,460,2008,Midwest,147432.9,Year,Y,Denied
EZYV10877,North America,Doctorate,N,N,4979,2005,West,39449.22,Year,Y,Certified
EZYV120,Asia,Master's,N,N,1144,2001,Northeast,16421.37,Year,Y,Denied
EZYV22399,Asia,Bachelor's,Y,N,55274,1906,South,65298.93,Year,Y,Denied
EZYV2812,Europe,Master's,N,N,1721,1985,Northeast,82253.03,Year,Y,Certified
EZYV3808,Asia,Master's,Y,N,1956,2002,South,56966.9,Year,N,Certified
EZYV5419,North America,Bachelor's,Y,Y,2418,1818,Northeast,31299.89,Year,Y,Certified
EZYV19366,North America,Bachelor's,Y,N,1845,1954,South,101.99,Hour,Y,Denied
EZYV14612,Asia,Master's,Y,N,467,2013,West,555.5698,Hour,Y,Certified
EZYV13225,Asia,Bachelor's,Y,N,59,1997,Northeast,35918.04,Year,Y,Certified
EZYV9350,Europe,Bachelor's,Y,Y,2079,2001,Midwest,67993.87,Year,Y,Certified
EZYV16193,Asia,Master's,Y,N,856,2006,Northeast,111114.06,Week,Y,Certified
EZYV20884,Asia,Bachelor's,Y,N,878,1953,South,75948.03,Year,Y,Denied
EZYV24707,Africa,Master's,Y,N,2712,2005,South,142991.65,Year,Y,Certified
EZYV14020,Asia,Master's,Y,N,2786,2007,Midwest,122482.33,Year,Y,Certified
EZYV16343,Asia,Master's,N,N,352,1998,Midwest,135765.62,Year,Y,Certified
EZYV7816,Asia,High School,N,N,2953,1998,Northeast,253.7458,Hour,Y,Denied
EZYV25018,Asia,Bachelor's,Y,N,3206,1998,Midwest,95448.09,Year,Y,Certified
EZYV4405,Asia,Master's,N,N,4298,1993,Northeast,50834.53,Year,Y,Denied
EZYV7642,Asia,Bachelor's,Y,N,1480,2000,Northeast,238353.7,Year,Y,Certified
EZYV24153,Asia,Doctorate,Y,N,1637,1989,West,153710.79,Year,Y,Certified
EZYV22866,Asia,Master's,Y,N,1358,1971,Northeast,105111.57,Year,Y,Certified
EZYV23395,Asia,Master's,N,N,588,2014,West,13089.01,Year,Y,Denied
EZYV24631,Asia,High School,N,Y,755,2000,Northeast,112363.99,Year,Y,Denied
EZYV13025,Asia,Doctorate,N,N,2398,1987,South,86846.51,Year,Y,Certified
EZYV13709,Asia,Master's,Y,N,5235,2011,South,83072.69,Year,Y,Certified
EZYV25278,Asia,Bachelor's,Y,N,5069,1911,Northeast,91012.7,Year,N,Certified
EZYV20473,Asia,Doctorate,Y,N,4312,1917,Northeast,25101.43,Year,Y,Certified
EZYV16310,Asia,High School,N,N,1429,1956,West,19831.56,Year,Y,Denied
EZYV22799,Europe,Bachelor's,Y,Y,3083,2005,West,47468.14,Year,Y,Denied
EZYV4739,Asia,Master's,Y,Y,2288,1818,Midwest,86597.66,Year,Y,Certified
EZYV7737,Asia,Master's,N,N,2793,2009,Northeast,108.664,Hour,Y,Certified
EZYV15451,Europe,Doctorate,Y,N,156,1968,Northeast,4263.23,Year,Y,Certified
EZYV5054,Asia,Bachelor's,Y,N,1448,2014,South,32831.32,Year,Y,Certified
EZYV20698,Asia,Bachelor's,Y,N,3596,1998,South,8142.82,Year,Y,Certified
EZYV18284,Asia,Bachelor's,Y,N,1673,1984,South,104198.25,Year,N,Denied
EZYV19497,Asia,Master's,Y,N,3510,1972,South,33849.18,Year,Y,Certified
EZYV16920,Asia,Master's,N,N,2107,2006,Midwest,162812.31,Year,Y,Certified
EZYV19026,Asia,Bachelor's,N,N,105011,1980,Northeast,87249.57,Year,Y,Denied
EZYV11434,Asia,High School,Y,N,1616,1980,Midwest,45737.12,Year,Y,Denied
EZYV18052,Asia,Bachelor's,N,Y,2131,2011,Northeast,104833.47,Year,Y,Denied
EZYV12928,Asia,Bachelor's,N,N,5098,1962,West,41783.08,Year,Y,Certified
EZYV12483,Europe,Doctorate,Y,N,5038,2007,West,3055.1,Year,Y,Certified
EZYV23669,Africa,Doctorate,Y,N,3050,2005,South,86515.58,Year,Y,Certified
EZYV8283,Asia,Bachelor's,N,Y,304,1993,South,39091.7,Year,Y,Certified
EZYV2039,Oceania,High School,Y,Y,200,2010,Northeast,33438.6,Year,Y,Certified
EZYV1997,Asia,Bachelor's,N,N,1779,1989,Northeast,82498.26,Year,N,Denied
EZYV3125,North America,Bachelor's,N,Y,2739,2001,West,30068.71,Year,Y,Denied
EZYV4018,Asia,Master's,N,N,1801,1995,Island,98615.56,Year,Y,Denied
EZYV21050,Asia,Bachelor's,Y,N,3705,2000,Northeast,132074.35,Year,Y,Certified
EZYV11265,Europe,Master's,N,N,1260,1977,Northeast,125796.3,Year,N,Certified
EZYV23079,Asia,Master's,Y,N,3694,1981,West,42527.69,Year,Y,Certified
EZYV5270,Asia,Master's,N,N,688,1960,South,45927.71,Month,Y,Certified
EZYV24575,Europe,Doctorate,N,N,2938,1980,West,32029.68,Year,Y,Certified
EZYV11295,North America,Bachelor's,N,N,3048,2006,West,114991.22,Year,Y,Denied
EZYV18747,Asia,Bachelor's,Y,Y,925,1950,South,112835.92,Year,Y,Certified
EZYV20087,Asia,Master's,Y,N,3578,1914,Northeast,241811.15,Year,N,Certified
EZYV17292,Europe,Bachelor's,Y,Y,2973,2007,West,112886.75,Year,Y,Certified
EZYV20836,North America,Bachelor's,Y,Y,383,2004,South,48767.67,Year,Y,Certified
EZYV1670,North America,Bachelor's,N,N,1297,1956,South,41969.87,Year,Y,Certified
EZYV19091,Asia,Bachelor's,Y,N,149,1980,Northeast,112803.79,Year,Y,Certified
EZYV514,Asia,Bachelor's,Y,N,605,1994,South,66972.41,Year,Y,Certified
EZYV22330,Asia,Bachelor's,N,N,140,2005,South,326.3836,Hour,Y,Denied
EZYV18226,Asia,Master's,Y,N,2157,1998,South,85586.53,Year,Y,Certified
EZYV13221,Asia,High School,N,Y,1902,2003,Northeast,603.9859,Hour,Y,Denied
EZYV721,North America,Bachelor's,Y,N,1968,1988,Midwest,113603.07,Year,Y,Certified
EZYV16033,Asia,Bachelor's,Y,N,3608,1997,South,63805.43,Year,Y,Denied
EZYV21268,Asia,Bachelor's,N,N,2771,1989,Northeast,124745.51,Year,Y,Denied
EZYV21927,South America,Master's,Y,Y,1050,2008,South,32617.28,Year,Y,Certified
EZYV16634,Asia,High School,N,N,498,1993,West,644.1129,Hour,Y,Certified
EZYV24235,Africa,Master's,N,N,1104,1999,Northeast,55178.46,Year,Y,Certified
EZYV11139,Asia,High School,N,N,2141,2000,Island,115.91,Hour,Y,Denied
EZYV20277,Asia,Bachelor's,Y,N,3700,1855,Midwest,62766.94,Year,Y,Certified
EZYV20711,North America,Master's,Y,N,2525,1838,South,82275.49,Year,Y,Certified
EZYV23445,Asia,Bachelor's,N,N,3829,1998,West,30169.84,Year,Y,Denied
EZYV7796,Asia,Master's,Y,N,120925,1875,Northeast,59916.06,Year,Y,Certified
EZYV13261,Asia,Bachelor's,Y,N,2387,1999,Northeast,38528.63,Year,Y,Denied
EZYV12481,Europe,Doctorate,Y,N,4952,1840,Northeast,99064.05,Year,Y,Certified
EZYV23096,Asia,Bachelor's,N,N,4861,1987,Northeast,101.8,Hour,Y,Denied
EZYV23631,Asia,Bachelor's,N,N,1740,2001,Midwest,37791.19,Year,Y,Denied
EZYV15797,Asia,Bachelor's,Y,N,5215,1959,Northeast,224874.12,Year,Y,Certified
EZYV19758,Asia,Master's,Y,N,2778,1963,Northeast,87949.41,Year,Y,Certified
EZYV10921,Asia,Doctorate,N,N,1415,2008,Northeast,151152.74,Year,Y,Certified
EZYV3016,North America,Bachelor's,N,N,3461,2005,South,118245.77,Year,N,Denied
EZYV942,North America,Master's,N,N,2464,2012,Midwest,113052.48,Year,N,Certified
EZYV11110,Europe,High School,N,N,5284,1997,Northeast,47037.14,Year,Y,Denied
EZYV20120,Asia,Master's,N,N,2004,2007,South,130542.7,Year,N,Certified
EZYV23146,Asia,Master's,Y,N,1593,2008,South,8955.91,Year,Y,Certified
EZYV24972,South America,High School,N,N,5763,1981,Island,64720.97,Year,N,Denied
EZYV17550,Asia,Bachelor's,N,N,1169,1999,West,47323.8,Year,Y,Denied
EZYV12616,Asia,Master's,Y,Y,4919,1981,South,59396.0,Year,Y,Denied
EZYV24685,Asia,Master's,Y,N,109616,1926,Northeast,100210.7,Year,Y,Certified
EZYV981,Asia,Bachelor's,N,N,2444,2006,West,30497.97,Year,Y,Denied
EZYV24137,Europe,Master's,Y,N,353,2010,West,28586.75,Year,Y,Certified
EZYV12729,Asia,Master's,Y,N,1558,1979,Northeast,29884.02,Year,Y,Certified
EZYV2036,Asia,Master's,Y,N,5084,2005,South,50088.37,Year,N,Certified
EZYV21187,Asia,Master's,Y,N,3501,1974,South,51564.66,Year,N,Certified
EZYV19257,Asia,Master's,N,N,3527,2005,Midwest,247560.19,Year,Y,Certified
EZYV16964,Asia,Bachelor's,Y,N,892,1938,West,92935.65,Year,Y,Certified
EZYV10380,Asia,Bachelor's,Y,N,660,1991,Northeast,105188.66,Year,Y,Denied
EZYV17125,Asia,Bachelor's,Y,N,1211,1876,Northeast,122.65,Hour,Y,Denied
EZYV14975,Asia,Bachelor's,N,Y,3118,1998,South,53131.63,Year,Y,Certified
EZYV23905,Asia,Master's,Y,N,11340,2004,Midwest,129166.04,Year,Y,Certified
EZYV4622,Asia,Master's,N,Y,1714,1988,South,82622.73,Year,N,Denied
EZYV16151,North America,Doctorate,Y,N,4475,2004,Northeast,109641.18,Year,Y,Certified
EZYV6961,Asia,Master's,N,N,3224,1991,West,70223.36,Year,Y,Certified
EZYV10499,North America,Bachelor's,N,N,2385,2000,Northeast,31981.09,Year,Y,Denied
EZYV20165,Asia,Master's,Y,N,2001,1979,South,37002.66,Year,Y,Certified
EZYV18698,Asia,Master's,N,N,726,1941,Northeast,125691.0,Year,N,Certified
EZYV25031,Europe,Doctorate,N,N,62401,1896,Northeast,41758.94,Year,Y,Certified
EZYV23060,North America,High School,Y,N,2674,2000,West,48243.47,Year,Y,Certified
EZYV11896,Asia,Bachelor's,Y,N,3708,1868,Northeast,73373.37,Year,Y,Certified
EZYV11350,Asia,High School,N,N,3130,1999,West,43496.59,Year,Y,Denied
EZYV6839,Asia,Bachelor's,Y,N,3384,2001,South,113137.69,Year,Y,Certified
EZYV22173,Asia,Bachelor's,Y,N,3300,2013,Northeast,103203.51,Year,Y,Certified
EZYV2927,Asia,Master's,N,N,1110,1994,West,124873.74,Year,Y,Denied
EZYV7251,Asia,Master's,Y,N,2555,1999,Northeast,72873.89,Year,Y,Certified
EZYV17593,Asia,Master's,N,N,2334,2004,South,72708.19,Year,Y,Certified
EZYV14327,Asia,Master's,Y,N,4500,1993,West,44082.94,Year,Y,Certified
EZYV7906,Asia,Bachelor's,N,Y,963,1971,South,29872.7,Year,Y,Certified
EZYV1705,North America,Master's,N,N,1175,2001,West,69121.5,Year,Y,Denied
EZYV6490,Europe,Bachelor's,N,N,2725,2008,Northeast,130645.36,Year,Y,Certified
EZYV16753,Asia,High School,Y,N,5102,2010,South,104939.78,Year,Y,Certified
EZYV24698,Asia,Bachelor's,N,N,2874,2007,West,210511.86,Year,Y,Denied
EZYV16442,Asia,Bachelor's,N,N,2577,1970,South,88664.77,Year,Y,Certified
EZYV16708,Asia,Master's,Y,N,3127,2000,West,53144.75,Year,N,Certified
EZYV7288,Asia,Bachelor's,Y,N,348,2009,West,85015.65,Year,N,Certified
EZYV18080,Asia,Bachelor's,Y,N,2623,2008,Northeast,139028.36,Year,Y,Denied
EZYV16231,North America,Bachelor's,N,N,22,1890,Northeast,225.5339,Hour,Y,Certified
EZYV19573,Asia,Doctorate,N,N,4141,2010,West,266813.88,Year,Y,Denied
EZYV23434,Asia,Master's,N,N,2817,1968,West,21813.44,Year,Y,Denied
EZYV5325,Europe,Bachelor's,N,Y,715,2001,South,30155.88,Year,Y,Certified
EZYV22777,Asia,Master's,Y,N,103058,1965,West,105251.02,Year,N,Certified
EZYV10847,Asia,Master's,N,N,1768,1965,Northeast,49844.77,Year,Y,Certified
EZYV12284,Asia,Master's,Y,N,1741,1981,Midwest,117979.93,Year,N,Certified
EZYV3868,Asia,Master's,N,Y,4074,2012,Northeast,93176.56,Year,Y,Denied
EZYV15913,Asia,Master's,N,N,5182,1946,Northeast,13014.05,Year,Y,Certified
EZYV16192,Asia,Master's,N,N,2287,2003,Midwest,135191.7,Year,Y,Certified
EZYV14625,North America,Doctorate,Y,N,24084,1995,Northeast,58092.99,Year,Y,Certified
EZYV20132,Asia,Bachelor's,Y,N,3294,1985,South,59292.06,Year,Y,Denied
EZYV25220,North America,Master's,N,N,4844,2005,Northeast,13949.76,Year,Y,Certified
EZYV22932,Asia,Master's,N,N,2831,1945,Midwest,151394.28,Year,Y,Denied
EZYV91,Asia,High School,Y,Y,2324,2006,Northeast,111926.01,Year,Y,Denied
EZYV22886,Asia,High School,N,N,1964,1990,Midwest,173575.1,Year,Y,Certified
EZYV20581,Asia,Master's,Y,N,1439,1931,South,17032.74,Year,Y,Certified
EZYV14188,Asia,Bachelor's,Y,N,2974,1987,Midwest,39302.64,Year,Y,Certified
EZYV16263,Asia,Master's,Y,N,2445,2001,South,105411.81,Year,Y,Certified
EZYV11494,Asia,High School,Y,N,-14,1999,South,27599.35,Year,Y,Denied
EZYV8996,Asia,Bachelor's,N,N,3104,1996,South,132708.5,Year,Y,Certified
EZYV24672,Asia,Master's,Y,N,1035,1994,West,17125.77,Year,Y,Certified
EZYV24962,Europe,High School,Y,N,5615,1999,West,72847.64,Year,Y,Certified
EZYV17954,North America,Master's,Y,N,1288,2006,Midwest,46605.1,Year,Y,Certified
EZYV22975,Asia,Master's,Y,Y,414,2001,South,42598.25,Year,Y,Certified
EZYV10669,Asia,Bachelor's,Y,N,421,1994,Midwest,103854.19,Year,Y,Certified
EZYV22038,Asia,High School,Y,N,485,1998,South,126590.38,Year,Y,Certified
EZYV1364,Asia,Bachelor's,N,N,2138,1969,South,139057.45,Year,Y,Certified
EZYV15182,Asia,High School,Y,N,2214,1998,West,24330.86,Year,Y,Denied
EZYV6464,Asia,Doctorate,Y,N,2806,1975,Midwest,81684.69,Year,Y,Certified
EZYV21245,Asia,Master's,N,N,928,2001,South,58487.94,Year,Y,Denied
EZYV19655,Asia,Doctorate,Y,N,1197,1986,Northeast,94517.17,Year,Y,Denied
EZYV9485,Europe,Doctorate,Y,N,1063,2000,West,79442.32,Year,Y,Certified
EZYV15194,Asia,Doctorate,N,N,5404,1995,West,48737.46,Year,Y,Denied
EZYV25011,Asia,Bachelor's,N,N,3589,2001,Midwest,884.5625,Hour,Y,Denied
EZYV12747,Asia,Bachelor's,Y,Y,1366,2005,South,18559.07,Year,Y,Denied
EZYV11264,Asia,High School,Y,N,1717,1991,South,227.7353,Hour,Y,Denied
EZYV14390,Asia,Master's,N,N,346,1995,Northeast,57972.3,Year,Y,Certified
EZYV7033,Asia,Master's,Y,N,166,2007,Midwest,82929.56,Year,Y,Certified
EZYV13199,Asia,Master's,Y,N,1571,1997,Midwest,123961.78,Year,Y,Certified
EZYV17269,Asia,Bachelor's,Y,Y,3878,1911,West,100877.29,Year,Y,Certified
EZYV25056,Asia,Master's,N,Y,1990,1985,South,47508.19,Year,Y,Certified
EZYV8408,Asia,High School,N,N,2038,1985,Midwest,294258.8,Year,Y,Denied
EZYV3002,Europe,Doctorate,N,N,51569,1999,Northeast,8476.52,Year,Y,Certified
EZYV4281,Asia,Master's,N,Y,2423,1928,South,45565.67,Year,Y,Denied
EZYV5877,Asia,Master's,N,N,2983,2009,Midwest,186881.05,Year,Y,Certified
EZYV17032,Asia,Master's,N,N,42,1985,West,500.4,Hour,Y,Denied
EZYV4212,Asia,Bachelor's,Y,N,36018,1996,South,54869.41,Year,Y,Certified
EZYV16786,Asia,Bachelor's,Y,N,5170,1997,West,174044.62,Year,Y,Denied
EZYV6939,North America,Bachelor's,Y,N,4313,2004,West,113749.63,Week,Y,Certified
EZYV11723,North America,Master's,Y,N,18489,2003,Northeast,83878.52,Year,N,Certified
EZYV23053,Asia,Master's,Y,N,199,2000,South,51075.07,Year,Y,Certified
EZYV8971,North America,Master's,Y,N,3555,1997,West,14783.82,Year,Y,Certified
EZYV22704,Asia,Master's,Y,N,3013,1993,Midwest,47266.97,Year,N,Denied
EZYV22983,North America,Bachelor's,Y,N,1596,1924,Northeast,194188.64,Year,Y,Certified
EZYV19122,Europe,High School,Y,N,501,1995,Northeast,47159.89,Year,Y,Certified
EZYV13879,Asia,Bachelor's,Y,N,2802,1975,West,92578.66,Year,Y,Certified
EZYV18713,Asia,Master's,Y,N,2516,1997,Northeast,71782.14,Year,Y,Certified
EZYV1045,Asia,Bachelor's,N,N,1935,1987,Midwest,161041.97,Year,Y,Certified
EZYV10861,North America,Bachelor's,Y,N,2980,2012,Northeast,19170.63,Year,Y,Denied
EZYV1498,North America,Bachelor's,N,N,2869,1958,Northeast,123285.69,Year,N,Denied
EZYV3643,South America,Doctorate,Y,N,1021,1885,West,39778.13,Year,Y,Certified
EZYV6519,Asia,High School,Y,N,3145,1831,West,62740.98,Year,Y,Denied
EZYV23203,Asia,Doctorate,N,N,4706,2010,Midwest,101706.73,Year,Y,Certified
EZYV2571,Asia,Bachelor's,Y,N,2528,1885,South,53984.26,Year,Y,Certified
EZYV3717,Asia,Master's,N,N,6633,1973,South,448.9782,Hour,Y,Denied
EZYV21277,Asia,Bachelor's,Y,N,1786,1981,West,98742.02,Year,Y,Certified
EZYV23510,Asia,Bachelor's,Y,N,3144,1985,Midwest,110241.47,Year,Y,Certified
EZYV743,Europe,Doctorate,N,N,3393,2013,West,28534.67,Year,Y,Certified
EZYV7975,Asia,Bachelor's,Y,N,2504,2012,West,114194.88,Year,Y,Certified
EZYV16906,Asia,Master's,N,N,67,1994,South,431.5107,Hour,Y,Certified
EZYV18895,Europe,Bachelor's,Y,N,5071,1999,Northeast,12624.41,Year,Y,Certified
EZYV19701,Asia,Bachelor's,Y,N,1509,1989,South,94106.7,Year,Y,Certified
EZYV18143,Africa,Master's,N,N,3903,2003,Northeast,35751.52,Year,Y,Certified
EZYV10086,Asia,Master's,Y,N,24966,1987,South,86308.63,Year,Y,Certified
EZYV11682,North America,Master's,Y,N,2516,1987,South,179615.71,Year,N,Denied
EZYV20231,Asia,Bachelor's,N,N,613,1999,West,146.5569,Hour,Y,Denied
EZYV8681,Europe,Bachelor's,Y,Y,3362,1982,South,44005.06,Year,Y,Certified
EZYV16791,Asia,Bachelor's,Y,N,1481,1994,South,82142.49,Year,Y,Certified
EZYV11507,Asia,Master's,Y,Y,3148,1987,West,105742.39,Year,Y,Certified
EZYV4999,Asia,Bachelor's,Y,N,3674,2002,South,149020.25,Year,N,Certified
EZYV13341,Asia,Bachelor's,Y,N,2225,2011,South,48140.68,Year,Y,Certified
EZYV11561,Asia,Bachelor's,Y,N,3432,2007,Midwest,120549.45,Year,Y,Certified
EZYV275,Asia,Master's,N,N,4349,1998,West,154428.88,Year,N,Denied
EZYV12803,Asia,Master's,N,N,938,2001,South,98133.16,Year,Y,Certified
EZYV2158,Asia,High School,Y,N,224,1971,West,35486.07,Year,Y,Denied
EZYV4047,Asia,High School,Y,N,740,1948,West,17096.86,Year,Y,Denied
EZYV10708,North America,Master's,Y,N,2098,1997,West,69044.52,Year,Y,Denied
EZYV8664,North America,High School,Y,N,2342,1872,South,213646.91,Year,Y,Certified
EZYV24991,North America,High School,Y,N,2591,1939,South,485.811,Hour,Y,Denied
EZYV16404,Asia,Bachelor's,N,N,4226,1998,South,29039.66,Year,Y,Certified
EZYV15799,Asia,Bachelor's,Y,N,1448,1975,Northeast,22336.01,Year,Y,Denied
EZYV10134,Asia,Doctorate,Y,N,2505,1879,West,93576.62,Year,Y,Certified
EZYV13667,Asia,Bachelor's,N,N,538,1907,Midwest,51983.99,Year,Y,Certified
EZYV5484,Asia,Bachelor's,N,N,4556,2008,Northeast,95944.21,Year,Y,Certified
EZYV5840,Asia,Bachelor's,Y,N,162,1998,West,702.9446,Hour,Y,Denied
EZYV10072,Asia,Bachelor's,Y,N,3796,1991,Midwest,54608.13,Year,Y,Denied
EZYV22763,North America,High School,N,N,5629,1983,West,21622.07,Year,Y,Denied
EZYV17482,Asia,Bachelor's,Y,N,1204,1863,South,55394.4,Year,N,Certified
EZYV16662,Europe,Master's,Y,N,4107,1855,West,79549.2,Year,Y,Certified
EZYV11369,Asia,Bachelor's,N,N,3924,2004,West,52687.18,Year,Y,Denied
EZYV22582,South America,Doctorate,N,N,606,1801,South,68003.04,Year,Y,Certified
EZYV22175,Asia,Master's,Y,N,3701,2004,South,40333.16,Year,N,Certified
EZYV5557,Asia,Master's,N,N,2941,1918,South,651.2278,Hour,Y,Certified
EZYV11009,Asia,Master's,Y,N,4669,1998,Midwest,23099.83,Year,Y,Certified
EZYV22193,Asia,Master's,N,N,272,1999,Midwest,25892.63,Year,Y,Denied
EZYV23263,Asia,Bachelor's,Y,N,3206,1994,Northeast,56992.74,Year,Y,Denied
EZYV17352,Asia,Master's,N,N,3077,2000,South,49199.21,Year,Y,Denied
EZYV24877,Asia,Master's,Y,N,2450,2010,Northeast,73101.24,Year,Y,Certified
EZYV10312,Europe,Bachelor's,Y,N,371,1998,West,34170.85,Year,Y,Denied
EZYV18082,Asia,High School,Y,N,972,1911,West,66469.19,Year,Y,Certified
EZYV16697,North America,High School,Y,N,2830,1950,South,58930.37,Year,N,Certified
EZYV13366,North America,Master's,Y,N,5734,1979,West,77447.13,Year,N,Certified
EZYV3703,Asia,Bachelor's,N,N,345,1996,South,50896.02,Year,Y,Denied
EZYV13588,Asia,Bachelor's,Y,N,4479,1990,Island,61493.72,Year,N,Certified
EZYV21279,Europe,Bachelor's,Y,N,4748,2004,South,115890.81,Year,Y,Certified
EZYV22221,Europe,Master's,Y,N,626,1985,Midwest,18952.07,Year,Y,Certified
EZYV22919,Asia,Master's,N,N,1814,2007,Northeast,58782.43,Year,Y,Certified
EZYV3249,South America,Master's,N,N,4133,2009,South,481.5371,Hour,Y,Denied
EZYV5421,Europe,Bachelor's,Y,N,2096,1965,South,185.7184,Hour,Y,Certified
EZYV2097,Asia,Master's,N,N,962,1999,Midwest,237539.32,Year,N,Certified
EZYV21551,North America,Master's,Y,N,1719,1995,Northeast,35121.31,Year,Y,Certified
EZYV16173,Asia,Doctorate,N,N,532,1994,Northeast,105275.12,Year,Y,Certified
EZYV14860,Asia,Master's,N,N,4335,1999,Northeast,66529.99,Year,N,Certified
EZYV14220,Asia,Master's,N,N,419,2004,Midwest,71620.24,Year,N,Certified
EZYV5632,Europe,Master's,Y,N,5065,1876,West,20334.16,Year,Y,Certified
EZYV1340,Asia,Master's,Y,N,5553,1976,Northeast,144881.62,Year,Y,Certified
EZYV3287,Asia,Master's,Y,N,1318,2015,Northeast,570.926,Hour,Y,Certified
EZYV17835,Asia,Bachelor's,N,N,1900,1986,South,39247.41,Year,Y,Certified
EZYV7023,Asia,Bachelor's,N,N,2430,1997,West,13148.4,Year,Y,Denied
EZYV22425,Asia,Bachelor's,N,Y,22778,2007,Midwest,89155.79,Year,Y,Certified
EZYV16852,Asia,Bachelor's,Y,N,892,1997,South,30435.65,Year,Y,Denied
EZYV13867,Asia,Doctorate,Y,N,1797,1984,South,61390.61,Year,Y,Certified
EZYV9590,Asia,Bachelor's,N,N,989,1870,Midwest,99269.3,Year,Y,Certified
EZYV2881,North America,Bachelor's,Y,N,2525,2009,Northeast,69782.64,Year,Y,Denied
EZYV8539,North America,Master's,N,N,342,1998,Northeast,112491.36,Year,Y,Denied
EZYV46,Europe,Bachelor's,N,Y,2092,1998,South,22924.91,Year,Y,Certified
EZYV19070,Europe,High School,N,N,2900,1997,Midwest,137421.43,Year,Y,Denied
EZYV5954,Asia,Master's,N,N,654,2007,South,78133.62,Year,Y,Certified
EZYV21290,Asia,High School,N,N,4902,2010,Midwest,43553.11,Year,Y,Certified
EZYV5284,Europe,Bachelor's,Y,N,4161,2005,West,32160.62,Year,Y,Denied
EZYV15916,Asia,Master's,N,N,766,2003,Northeast,203.4146,Hour,Y,Denied
EZYV19947,Asia,Bachelor's,N,N,1757,1987,South,132749.77,Year,Y,Denied
EZYV5033,Asia,Bachelor's,Y,N,3469,1999,West,122774.89,Year,Y,Certified
EZYV16740,Asia,Master's,N,N,2344,1996,Midwest,112211.28,Year,N,Certified
EZYV20944,Asia,Master's,Y,N,780,1998,South,54233.53,Year,Y,Certified
EZYV25337,Asia,Bachelor's,Y,N,2043,1968,South,75086.2,Year,Y,Certified
EZYV17011,Asia,Master's,N,N,5376,1985,Northeast,109203.64,Year,Y,Denied
EZYV17918,Asia,Bachelor's,Y,N,4351,1998,Midwest,136069.56,Year,Y,Denied
EZYV4261,Asia,Bachelor's,Y,N,1559,1998,Midwest,74820.92,Year,Y,Denied
EZYV4510,South America,Bachelor's,N,N,3442,1976,South,117113.41,Year,Y,Denied
EZYV8607,Asia,High School,Y,N,178,2002,South,70705.67,Year,Y,Denied
EZYV20015,Asia,Bachelor's,N,N,2395,1969,Midwest,91813.1,Year,Y,Certified
EZYV22931,Asia,Master's,N,N,2337,1934,Midwest,86661.1,Year,Y,Certified
EZYV11148,Asia,Doctorate,N,N,3446,1902,Northeast,19796.55,Year,Y,Certified
EZYV13925,Asia,Master's,Y,N,1053,1988,West,70771.41,Year,Y,Certified
EZYV4311,Asia,High School,Y,N,3453,1993,Northeast,10804.93,Year,Y,Denied
EZYV9368,Asia,High School,N,N,368,2004,South,433.3591,Hour,Y,Denied
EZYV7490,Asia,Bachelor's,Y,N,2878,1848,West,47479.61,Year,Y,Certified
EZYV16609,Asia,Bachelor's,N,N,1953,2009,Northeast,136.56,Hour,Y,Denied
EZYV10058,Asia,Bachelor's,Y,N,3560,1981,West,81630.46,Year,Y,Certified
EZYV17418,Asia,Master's,Y,N,3886,2005,Midwest,28413.99,Year,Y,Certified
EZYV8282,Asia,Bachelor's,Y,N,491,1911,Northeast,83132.53,Year,Y,Certified
EZYV24875,Asia,Master's,N,N,1129,1999,South,4804.16,Year,Y,Denied
EZYV6846,Asia,Doctorate,Y,N,1983,1968,South,56825.46,Year,Y,Certified
EZYV10674,Asia,Master's,N,N,18801,2011,West,74133.15,Year,Y,Certified
EZYV1990,Europe,Master's,N,Y,342120,1997,South,76025.86,Year,Y,Certified
EZYV9614,Asia,High School,N,N,2072,1985,South,31311.97,Year,Y,Denied
EZYV18948,Asia,Master's,Y,N,786,2012,South,49160.78,Year,Y,Certified
EZYV7481,Europe,Master's,Y,Y,3657,1855,West,35641.8,Year,Y,Denied
EZYV12383,Asia,Master's,Y,N,1219,2005,West,72375.3,Year,Y,Certified
EZYV482,Africa,Master's,Y,N,81762,1990,West,24496.71,Year,Y,Certified
EZYV12671,Europe,Bachelor's,N,Y,4029,1997,Northeast,82547.84,Year,Y,Denied
EZYV4930,Asia,Master's,Y,N,2162,2007,Northeast,108178.81,Year,Y,Certified
EZYV20184,Asia,High School,Y,Y,228,1978,South,96606.12,Year,Y,Certified
EZYV22585,Asia,Master's,Y,N,3637,2009,Northeast,135841.43,Year,N,Certified
EZYV24211,Asia,High School,N,Y,1806,2001,South,82442.81,Year,Y,Certified
EZYV16148,Asia,Bachelor's,Y,N,267,2011,South,89254.29,Year,Y,Certified
EZYV21841,Asia,Master's,N,Y,1382,2010,South,18921.12,Year,Y,Certified
EZYV15440,Europe,Bachelor's,Y,N,5345,2006,West,43666.54,Year,Y,Certified
EZYV14099,Asia,Bachelor's,Y,Y,276,2007,South,126796.19,Year,Y,Certified
EZYV9873,Europe,Master's,Y,N,-26,1996,South,37397.05,Year,Y,Certified
EZYV20672,North America,Bachelor's,N,Y,29448,2011,Midwest,54284.44,Year,Y,Certified
EZYV2106,Europe,Bachelor's,Y,N,5582,1996,South,92444.69,Year,Y,Certified
EZYV12200,Asia,Master's,N,N,2862,2011,Northeast,117510.78,Year,N,Certified
EZYV12865,Asia,Master's,N,N,3056,2012,West,118919.47,Year,N,Certified
EZYV17102,North America,Bachelor's,Y,N,3112,2007,Northeast,154318.43,Year,Y,Certified
EZYV20022,Asia,Bachelor's,Y,N,1542,2007,Midwest,2842.39,Year,Y,Certified
EZYV16029,Asia,High School,N,N,45,2007,Northeast,146148.15,Year,Y,Certified
EZYV21973,Asia,Bachelor's,N,N,166,1994,Northeast,18354.69,Year,Y,Certified
EZYV5682,Asia,Bachelor's,Y,N,783,1996,Midwest,118549.8,Year,Y,Certified
EZYV2785,Asia,High School,N,N,2977,1993,South,136408.6,Year,Y,Denied
EZYV18277,Asia,High School,N,N,1403,2001,Midwest,302513.77,Year,N,Certified
EZYV3875,Europe,High School,N,N,507,2007,Northeast,141634.59,Year,Y,Denied
EZYV15356,Asia,Bachelor's,N,N,21626,1993,Northeast,22576.38,Year,Y,Certified
EZYV20600,Asia,Master's,Y,N,3956,1998,West,39184.72,Year,Y,Certified
EZYV23521,Asia,Master's,Y,N,5601,2005,South,98551.54,Year,N,Certified
EZYV19068,Asia,Doctorate,Y,N,4216,2004,Northeast,35628.54,Year,Y,Certified
EZYV6772,Asia,Bachelor's,N,N,557,1889,West,97563.84,Year,Y,Certified
EZYV6826,Asia,Master's,N,N,404,1985,Northeast,445.7888,Hour,Y,Certified
EZYV1975,Asia,Master's,N,N,2233,2005,South,87796.81,Year,N,Certified
EZYV8882,Asia,Bachelor's,N,N,1408,2000,South,45.9315,Hour,Y,Denied
EZYV10199,Asia,Bachelor's,N,N,1749,2004,West,57734.09,Year,Y,Denied
EZYV14333,Asia,Master's,Y,N,5264,2008,Midwest,26726.64,Year,Y,Certified
EZYV8978,Europe,Master's,N,N,3314,1999,Northeast,81229.73,Year,Y,Certified
EZYV16487,Asia,Master's,N,N,2641,2005,South,200.448,Hour,Y,Certified
EZYV24273,Asia,Bachelor's,N,N,3149,1998,Midwest,126569.38,Year,Y,Certified
EZYV9741,Africa,Master's,Y,N,3103,1998,Northeast,64336.97,Year,Y,Certified
EZYV3163,Europe,Master's,N,N,2353,1949,West,179791.79,Year,N,Certified
EZYV10481,Asia,Bachelor's,Y,N,1930,2002,Northeast,121702.54,Year,Y,Certified
EZYV4713,Asia,Master's,Y,N,3556,2001,South,106794.7,Year,N,Certified
EZYV9706,North America,High School,N,N,1148,1969,West,937.1977,Hour,Y,Denied
EZYV22367,Europe,Bachelor's,N,N,1622,2009,South,99373.06,Year,Y,Certified
EZYV21348,Asia,Master's,N,N,2695,2006,Midwest,72046.64,Year,N,Certified
EZYV5913,Asia,Master's,N,N,3903,1898,Midwest,71436.98,Year,Y,Certified
EZYV15881,Asia,Master's,N,N,1152,2004,Midwest,26656.89,Year,N,Certified
EZYV12938,Asia,Bachelor's,N,N,1890,1947,West,64324.48,Year,Y,Denied
EZYV24165,Asia,Master's,N,Y,1218,2010,Northeast,42967.15,Year,N,Denied
EZYV11704,Asia,Bachelor's,Y,N,1593,2000,West,62496.36,Year,Y,Certified
EZYV18855,North America,High School,Y,N,325,2009,Island,128384.95,Year,Y,Certified
EZYV22017,Asia,High School,Y,N,3110,1985,Midwest,54268.32,Year,Y,Certified
EZYV12683,Asia,Bachelor's,N,N,1923,1998,Midwest,58711.52,Year,Y,Denied
EZYV19540,Asia,High School,Y,N,4006,2003,South,27952.76,Year,Y,Denied
EZYV4641,Asia,Master's,Y,N,2390,1998,South,111312.4,Year,Y,Certified
EZYV12373,Europe,Master's,Y,Y,1572,2000,West,77311.4,Year,N,Certified
EZYV5751,Asia,High School,Y,N,3067,2002,South,61920.48,Year,Y,Denied
EZYV16120,Europe,Bachelor's,Y,N,18,1993,West,23609.84,Year,Y,Certified
EZYV21107,Asia,Master's,Y,N,2283,1853,Midwest,73979.78,Year,Y,Certified
EZYV9629,North America,Bachelor's,Y,N,410,1998,Northeast,113770.16,Year,Y,Denied
EZYV5097,Asia,Master's,Y,N,1785,1997,West,115862.08,Year,Y,Certified
EZYV15471,Asia,Bachelor's,N,N,1118,2005,Midwest,105971.72,Year,N,Certified
EZYV18154,Asia,Bachelor's,N,N,1659,1900,West,44633.37,Year,Y,Certified
EZYV14984,Europe,Doctorate,Y,Y,2624,2013,Northeast,47009.84,Year,Y,Certified
EZYV15141,Asia,Master's,N,Y,3214,2005,Northeast,80353.71,Year,Y,Certified
EZYV23432,Asia,Master's,N,N,1819,1995,South,48563.54,Year,Y,Certified
EZYV3977,Asia,High School,N,N,540,2001,Midwest,20267.75,Year,Y,Denied
EZYV11843,Europe,Bachelor's,Y,N,862,2005,West,86145.12,Year,Y,Denied
EZYV15585,Asia,Doctorate,N,Y,1932,1990,South,110348.46,Year,Y,Denied
EZYV6929,Europe,Master's,Y,N,1674,1998,West,517.271,Hour,Y,Certified
EZYV16211,Africa,High School,Y,N,4781,2008,West,545.11,Year,Y,Certified
EZYV24431,Asia,Doctorate,N,N,2601,2001,Midwest,146619.2,Year,Y,Certified
EZYV17516,Europe,Master's,N,N,57288,1981,West,33910.58,Year,Y,Certified
EZYV8860,Asia,Bachelor's,N,N,2658,1999,Northeast,69310.25,Year,Y,Certified
EZYV98,North America,Bachelor's,Y,N,3524,1982,Midwest,34494.86,Year,Y,Certified
EZYV10637,Asia,Bachelor's,Y,N,2252,1965,South,30853.25,Year,Y,Certified
EZYV5982,North America,Doctorate,Y,N,23381,1920,Northeast,964.0361,Hour,Y,Certified
EZYV456,Asia,Doctorate,N,Y,2148,1986,South,43147.38,Year,Y,Certified
EZYV6260,Asia,Bachelor's,N,N,859,1890,West,111802.68,Year,Y,Certified
EZYV12633,North America,Master's,Y,N,106606,1872,South,806.5067,Hour,Y,Denied
EZYV20271,Asia,High School,Y,N,2452,2013,Northeast,26766.3,Year,Y,Certified
EZYV15289,Europe,Bachelor's,N,N,2321,1935,South,43096.83,Year,Y,Certified
EZYV10135,Asia,Master's,Y,N,3737,2005,Midwest,90786.46,Year,Y,Certified
EZYV19076,Asia,Doctorate,Y,N,2094,1947,South,129831.54,Year,Y,Certified
EZYV21887,Asia,Bachelor's,N,N,9697,1996,South,89763.86,Year,Y,Denied
EZYV18375,Asia,High School,N,N,3673,1985,Midwest,108290.4,Year,Y,Certified
EZYV16052,Asia,Bachelor's,Y,N,3293,1817,West,88381.73,Year,Y,Certified
EZYV4079,Asia,Doctorate,Y,N,519,2007,Northeast,46491.94,Year,Y,Certified
EZYV1071,North America,Master's,N,N,3274,2010,Midwest,103488.11,Year,N,Certified
EZYV23355,Europe,High School,Y,N,795,1998,West,85312.44,Year,Y,Certified
EZYV17471,North America,High School,N,N,1938,2010,Northeast,88249.78,Year,Y,Denied
EZYV2971,Asia,High School,N,N,1065,1981,South,76929.71,Year,Y,Denied
EZYV12462,Africa,Doctorate,N,Y,1973,1999,West,37970.1,Year,Y,Certified
EZYV9300,North America,Master's,Y,N,666,1982,South,97714.64,Year,Y,Certified
EZYV7002,North America,Doctorate,N,N,1814,1967,South,149824.68,Year,Y,Certified
EZYV1075,Asia,Master's,Y,N,190,2000,West,67520.84,Year,N,Certified
EZYV2247,Asia,High School,Y,N,634,1869,South,28827.5,Year,Y,Certified
EZYV3393,North America,Bachelor's,Y,N,967,1987,Northeast,107317.08,Year,Y,Denied
EZYV17442,North America,Master's,Y,N,2843,2007,Island,52599.33,Year,Y,Denied
EZYV23344,Asia,Master's,Y,N,3109,1980,Midwest,62461.41,Year,Y,Certified
EZYV5338,Europe,Doctorate,N,N,2507,1996,Northeast,100557.27,Year,Y,Certified
EZYV11355,Asia,Bachelor's,N,N,1838,2005,West,115373.64,Year,Y,Certified
EZYV13774,Asia,Bachelor's,Y,N,1639,2007,West,79873.42,Year,Y,Certified
EZYV2492,Asia,Master's,N,N,2482,2001,South,55572.77,Year,N,Certified
EZYV11224,Asia,High School,N,N,1999,1919,South,43084.33,Year,Y,Denied
EZYV12404,Asia,Bachelor's,N,N,1404,1831,Midwest,35226.78,Year,Y,Certified
EZYV5069,Asia,Bachelor's,N,N,274,2004,West,77686.16,Year,Y,Denied
EZYV23619,Asia,Bachelor's,Y,N,5328,2005,South,64136.68,Year,Y,Certified
EZYV23098,North America,Master's,Y,N,1486,1998,Midwest,96261.14,Year,Y,Certified
EZYV17106,Asia,Bachelor's,Y,N,796,1998,South,81866.98,Year,Y,Certified
EZYV23636,Asia,Bachelor's,Y,N,144,2006,Midwest,154692.83,Year,Y,Certified
EZYV5939,North America,Bachelor's,Y,N,1379,2007,Northeast,926.7839,Hour,Y,Denied
EZYV7336,Asia,High School,Y,N,2602,2001,South,114774.58,Year,Y,Denied
EZYV22432,Asia,Master's,N,Y,1231,1999,South,59901.83,Year,Y,Certified
EZYV309,Asia,Bachelor's,Y,N,533,1978,West,30066.16,Year,Y,Certified
EZYV14787,Asia,Master's,Y,Y,523,2014,West,104242.78,Year,Y,Certified
EZYV939,Asia,Master's,N,N,755,1993,Midwest,26803.34,Year,Y,Certified
EZYV15677,Asia,Master's,N,Y,2570,2003,South,51025.54,Year,Y,Certified
EZYV19055,North America,High School,Y,N,1835,2002,Northeast,149213.17,Year,Y,Denied
EZYV19244,Asia,Bachelor's,N,N,695,1977,South,49988.4,Year,Y,Denied
EZYV14211,Asia,Doctorate,N,N,116,2001,Northeast,27688.6,Year,Y,Denied
EZYV18690,Asia,Bachelor's,N,N,4790,1995,West,64055.55,Year,Y,Certified
EZYV16438,Asia,High School,Y,N,4148,1993,West,21728.55,Year,Y,Certified
EZYV20861,Asia,High School,Y,N,4080,2001,Midwest,160388.07,Year,Y,Certified
EZYV21740,Asia,Bachelor's,Y,N,1258,1990,South,32655.35,Year,Y,Certified
EZYV12864,Europe,Master's,Y,N,1857,1994,Midwest,78677.1,Year,Y,Certified
EZYV8721,Asia,Doctorate,N,N,125220,1987,Northeast,102856.2,Year,Y,Certified
EZYV21418,Asia,Bachelor's,Y,N,681,1984,West,59923.31,Year,Y,Certified
EZYV1955,Asia,Master's,Y,N,1769,2006,Island,121089.25,Year,N,Certified
EZYV14973,Asia,Master's,Y,N,2838,1993,West,38073.74,Year,Y,Certified
EZYV20755,North America,Bachelor's,N,N,116,1925,Northeast,246.19,Hour,Y,Denied
EZYV7604,North America,Doctorate,N,N,3639,2002,Northeast,27159.94,Year,Y,Certified
EZYV9168,Africa,Bachelor's,Y,N,2275,1946,South,101589.55,Year,Y,Denied
EZYV14438,Europe,Master's,Y,N,1608,1998,Northeast,82064.84,Year,Y,Certified
EZYV8209,Asia,High School,N,N,1520,2013,South,536.0869,Hour,Y,Denied
EZYV18232,Asia,Bachelor's,N,N,1151,2001,Northeast,141601.53,Year,Y,Denied
EZYV7330,Asia,Master's,Y,N,288,2000,Midwest,99965.18,Year,Y,Certified
EZYV16769,Asia,Doctorate,Y,N,1946,1869,West,90686.97,Year,Y,Denied
EZYV24836,Asia,Master's,Y,N,1864,1950,South,307.7918,Hour,Y,Denied
EZYV3324,South America,Master's,Y,Y,824,1948,West,127862.13,Year,Y,Certified
EZYV8223,Asia,Bachelor's,Y,N,2763,2003,West,32309.28,Year,Y,Denied
EZYV10944,Asia,Bachelor's,Y,N,673,2005,South,112604.15,Year,Y,Certified
EZYV23166,Asia,Master's,Y,N,1957,1998,South,88225.58,Year,Y,Certified
EZYV10751,North America,Master's,Y,N,252,1997,Northeast,315.1887,Hour,Y,Denied
EZYV21716,Asia,Bachelor's,N,N,1282,1909,Northeast,567.49,Hour,Y,Denied
EZYV12202,Asia,Bachelor's,N,N,118659,2000,South,68336.71,Year,Y,Certified
EZYV8314,Europe,High School,N,Y,4599,1975,Midwest,28994.33,Year,Y,Denied
EZYV4949,Asia,Doctorate,N,N,1570,2004,Northeast,153971.89,Year,Y,Certified
EZYV5409,Asia,Master's,Y,N,1341,1980,South,150777.36,Year,Y,Certified
EZYV6606,Asia,Bachelor's,Y,N,156,1992,South,89470.3,Year,Y,Certified
EZYV5472,Asia,High School,Y,N,4025,1986,South,52457.42,Year,Y,Denied
EZYV17131,Asia,Bachelor's,N,Y,1986,1952,South,70243.79,Year,Y,Certified
EZYV11191,Asia,Bachelor's,Y,N,4091,1909,Northeast,121202.42,Year,N,Certified
EZYV25265,Asia,Bachelor's,Y,N,3853,2009,Midwest,70963.79,Year,Y,Denied
EZYV24392,Europe,Doctorate,Y,N,608,2007,Northeast,52080.0,Year,Y,Certified
EZYV20524,Asia,Master's,Y,N,2711,1998,South,64169.1,Year,Y,Certified
EZYV15821,Europe,Master's,N,Y,4614,1843,West,47357.16,Year,Y,Denied
EZYV893,North America,Master's,Y,N,1177,1998,Northeast,40030.56,Year,Y,Certified
EZYV4218,Europe,Bachelor's,Y,N,76,2010,West,9486.37,Year,Y,Certified
EZYV12225,Asia,Bachelor's,Y,N,361,1975,South,79835.05,Year,N,Certified
EZYV4246,Asia,Master's,Y,N,2759,2003,Northeast,147057.92,Year,Y,Certified
EZYV20601,Europe,Master's,Y,N,4451,1997,Midwest,60590.79,Year,Y,Certified
EZYV8052,Asia,Bachelor's,Y,N,1139,1999,Midwest,145231.29,Year,Y,Certified
EZYV11601,Europe,Doctorate,Y,N,818,1947,South,87635.03,Year,Y,Certified
EZYV19081,Europe,Doctorate,Y,N,4223,1996,South,47466.95,Year,Y,Certified
EZYV12121,Asia,Bachelor's,Y,N,2662,2003,South,150025.09,Year,Y,Denied
EZYV20466,Asia,Master's,Y,N,2132,1999,Midwest,161319.39,Year,Y,Certified
EZYV1892,Asia,Master's,Y,N,833,1998,South,90623.35,Year,Y,Certified
EZYV25419,North America,Bachelor's,Y,N,1733,1838,South,137279.82,Year,Y,Certified
EZYV1361,Asia,Bachelor's,Y,N,4934,1929,Midwest,38880.87,Year,Y,Certified
EZYV18733,Asia,Bachelor's,N,N,462,2003,South,35595.23,Year,N,Certified
EZYV13862,Asia,Master's,N,N,5339,2005,West,34660.1,Year,Y,Denied
EZYV15995,Asia,Master's,N,Y,1887,2005,Midwest,120433.22,Year,Y,Certified
EZYV1135,Asia,High School,Y,Y,380,1999,South,95147.04,Year,Y,Certified
EZYV20664,Europe,Bachelor's,N,Y,88622,2012,West,10869.2,Year,Y,Certified
EZYV3021,Asia,Bachelor's,Y,N,30339,2006,South,134030.7,Year,Y,Certified
EZYV15087,Europe,Master's,N,N,112406,1935,South,55553.85,Year,Y,Certified
EZYV5945,Asia,Bachelor's,N,N,3486,1838,Northeast,112532.24,Year,Y,Certified
EZYV22712,Asia,Bachelor's,Y,N,1126,1991,Northeast,23110.98,Year,Y,Certified
EZYV15082,Asia,Master's,N,N,2402,2000,Midwest,20325.73,Year,Y,Certified
EZYV3683,Asia,Bachelor's,Y,N,1476,2008,Northeast,32831.95,Year,Y,Certified
EZYV16963,North America,Master's,Y,N,2396,2001,Northeast,66699.96,Year,Y,Certified
EZYV17360,Asia,Master's,Y,Y,4609,1988,South,100641.02,Year,Y,Certified
EZYV21492,Asia,Master's,N,N,3266,1972,South,89940.96,Year,N,Certified
EZYV23919,Asia,Master's,N,N,2296,2000,Midwest,43775.31,Year,Y,Certified
EZYV22099,Asia,Master's,N,N,1028,1998,Midwest,59745.42,Year,Y,Certified
EZYV7045,Europe,Master's,Y,N,2648,1991,Northeast,75902.1,Year,Y,Certified
EZYV8054,Asia,Master's,Y,N,3191,2004,Midwest,22023.56,Year,Y,Certified
EZYV1667,Asia,Bachelor's,N,N,542,1991,South,140285.26,Year,Y,Certified
EZYV8264,Asia,Master's,N,N,1325,1971,Northeast,335.5486,Hour,Y,Certified
EZYV18509,Asia,Bachelor's,N,Y,1632,2006,West,34451.41,Year,Y,Certified
EZYV3315,Asia,Bachelor's,N,N,495,2006,Northeast,80525.73,Year,N,Denied
EZYV22368,Asia,Master's,Y,N,108945,2012,Northeast,105165.56,Year,N,Denied
EZYV422,South America,Bachelor's,N,Y,2378,2005,West,94230.51,Year,Y,Denied
EZYV5683,Europe,Master's,N,Y,958,1912,West,52234.88,Year,Y,Certified
EZYV2098,Europe,Bachelor's,Y,N,1929,1869,West,125531.29,Year,Y,Denied
EZYV4629,Europe,Doctorate,N,N,842,1997,West,39592.34,Year,Y,Certified
EZYV7043,Asia,Bachelor's,N,N,2081,1982,Northeast,12774.14,Year,Y,Denied
EZYV20706,Asia,Master's,Y,N,3553,2010,South,88063.24,Year,Y,Certified
EZYV14974,Asia,Master's,Y,Y,1071,1993,West,53166.19,Year,Y,Certified
EZYV14146,Asia,Master's,Y,N,5863,1991,Northeast,170011.67,Year,Y,Certified
EZYV5671,Asia,Master's,N,N,729,1969,Midwest,114155.74,Year,N,Certified
EZYV7622,Asia,Master's,Y,N,104647,1947,South,165626.07,Year,Y,Certified
EZYV17035,Asia,Bachelor's,N,N,1082,2014,West,57985.08,Year,Y,Denied
EZYV11060,Europe,Bachelor's,N,N,2825,1996,South,67814.2,Year,Y,Denied
EZYV17931,North America,Master's,Y,N,3060,2008,Northeast,196354.31,Year,Y,Denied
EZYV6793,North America,Master's,N,N,13686,1997,Midwest,142082.56,Year,Y,Certified
EZYV4466,Asia,Bachelor's,N,Y,1230,1977,South,112579.6,Month,Y,Denied
EZYV11045,Asia,Bachelor's,Y,N,763,1986,South,68709.37,Year,Y,Denied
EZYV22084,Asia,Master's,N,Y,3225,1984,South,22045.53,Year,Y,Certified
EZYV7047,Europe,Bachelor's,Y,N,2832,1947,South,18965.12,Year,Y,Certified
EZYV15120,Europe,Master's,Y,N,4706,1998,South,66903.54,Year,Y,Certified
EZYV10189,Asia,Master's,N,Y,1402,1987,West,122695.72,Year,Y,Certified
EZYV22517,Asia,Bachelor's,N,N,710,1933,Northeast,187928.91,Year,Y,Denied
EZYV10544,Asia,High School,Y,N,3575,2013,Midwest,37673.4,Year,Y,Denied
EZYV473,Asia,Master's,N,N,731,2007,Northeast,37830.16,Year,Y,Denied
EZYV1326,Asia,Doctorate,Y,N,275,2007,West,92456.73,Year,Y,Certified
EZYV3208,Asia,High School,Y,N,535,1947,Northeast,81888.1,Year,N,Denied
EZYV1290,Europe,Doctorate,Y,N,5409,2000,West,79088.48,Year,Y,Certified
EZYV10783,Asia,Master's,Y,N,5275,2005,Midwest,28085.45,Year,Y,Certified
EZYV4139,Europe,Master's,Y,N,259,2013,West,109328.44,Year,Y,Certified
EZYV18241,Europe,Bachelor's,Y,Y,628,2011,South,45735.99,Year,Y,Certified
EZYV18036,North America,Bachelor's,Y,N,4822,1980,Northeast,44641.43,Year,Y,Denied
EZYV25435,North America,Bachelor's,N,N,2347,1998,Northeast,891.2318,Hour,Y,Denied
EZYV16850,Asia,Bachelor's,Y,N,3849,2004,Midwest,27778.12,Year,Y,Certified
EZYV24983,Asia,Master's,N,N,852,1977,Midwest,86573.9,Year,Y,Denied
EZYV7419,Asia,High School,Y,N,1060,1987,Island,35171.48,Year,Y,Denied
EZYV22661,North America,Master's,Y,N,2408,1947,West,3688.51,Year,Y,Denied
EZYV9844,Asia,Master's,N,N,3915,2005,Midwest,94980.95,Year,Y,Certified
EZYV22468,Asia,Master's,Y,Y,29434,1983,South,90890.56,Year,Y,Certified
EZYV24340,Asia,High School,Y,N,4749,2007,Midwest,131603.66,Year,Y,Certified
EZYV502,Asia,Bachelor's,N,N,981,1984,Northeast,23128.95,Year,Y,Denied
EZYV6812,South America,Master's,Y,N,3670,2004,South,16452.12,Year,Y,Certified
EZYV5456,North America,Doctorate,Y,Y,2038,2007,Northeast,3.4889,Hour,Y,Certified
EZYV3747,Asia,Bachelor's,N,N,3409,1997,Northeast,117040.44,Year,N,Denied
EZYV13152,Europe,High School,N,N,1940,1853,Northeast,381.6072,Hour,Y,Denied
EZYV593,Asia,Master's,N,N,621,1997,West,12210.01,Year,Y,Denied
EZYV5159,Asia,Bachelor's,N,N,16704,1997,Northeast,53485.4,Year,Y,Denied
EZYV16968,Asia,Doctorate,N,N,603,1996,West,34429.97,Year,Y,Certified
EZYV22337,Asia,High School,Y,N,3883,2012,South,135250.65,Year,Y,Certified
EZYV13571,Asia,Master's,N,N,2277,2005,Northeast,109990.53,Year,Y,Certified
EZYV1184,Africa,Master's,N,N,2278,1975,Midwest,127610.62,Year,Y,Certified
EZYV8854,Asia,Master's,N,N,1254,1947,South,17938.16,Year,N,Certified
EZYV22427,Asia,Master's,N,N,2896,1962,West,80708.9,Year,Y,Denied
EZYV13938,Asia,Bachelor's,N,N,3495,1981,South,197026.5,Year,Y,Certified
EZYV10255,Asia,Master's,Y,N,19813,1838,Northeast,29524.14,Year,Y,Certified
EZYV20392,Asia,Bachelor's,Y,N,1494,1973,West,115752.98,Year,Y,Certified
EZYV22599,Europe,Doctorate,N,N,1402,1989,West,75841.08,Year,Y,Certified
EZYV2266,Africa,Master's,N,N,1414,1856,Northeast,94141.0,Year,Y,Denied
EZYV22809,Asia,Master's,Y,N,214,2000,Northeast,185347.74,Year,Y,Denied
EZYV17906,Europe,Master's,Y,N,3415,2012,South,10659.75,Year,Y,Certified
EZYV11217,Asia,Master's,N,N,209,1993,Northeast,182853.58,Year,Y,Denied
EZYV9618,Oceania,Master's,Y,N,448,1994,South,144555.33,Year,Y,Certified
EZYV1570,Europe,High School,Y,N,2389,2000,West,55123.36,Year,Y,Denied
EZYV1358,Asia,Master's,Y,N,787,2016,South,53992.87,Year,Y,Certified
EZYV13188,Asia,High School,N,Y,2609,1968,South,42352.73,Year,Y,Denied
EZYV23441,Asia,Bachelor's,N,N,2312,2013,South,52295.15,Year,Y,Denied
EZYV3305,Europe,Bachelor's,Y,N,2147,2016,Northeast,172687.53,Week,Y,Certified
EZYV13246,Asia,Bachelor's,Y,N,541,2008,South,91292.18,Year,Y,Certified
EZYV10268,Asia,Master's,N,N,4226,1997,Northeast,46557.01,Year,Y,Denied
EZYV1506,Asia,Master's,Y,N,2745,2015,Midwest,107614.59,Year,Y,Certified
EZYV4024,North America,Master's,Y,N,580,2002,South,70724.35,Year,Y,Certified
EZYV21059,South America,Master's,Y,N,4421,1978,South,7308.36,Year,Y,Certified
EZYV7377,Asia,Bachelor's,Y,N,553,2013,Northeast,48597.75,Year,Y,Denied
EZYV21017,Asia,Bachelor's,N,N,9857,1998,South,106713.39,Year,Y,Certified
EZYV18839,North America,Master's,N,N,4300,1948,South,19138.55,Year,N,Certified
EZYV24927,Europe,Master's,Y,N,131,2000,West,164418.74,Year,Y,Certified
EZYV10009,Asia,Doctorate,Y,N,1593,2009,West,83296.49,Year,Y,Certified
EZYV4164,North America,Master's,Y,N,651,2009,South,128469.65,Year,Y,Certified
EZYV24428,Asia,Bachelor's,N,N,1864,1963,Northeast,144648.88,Year,Y,Denied
EZYV17532,Europe,Bachelor's,Y,N,2936,2001,West,151466.23,Year,Y,Certified
EZYV5842,North America,High School,N,N,1247,2001,West,120559.4,Year,Y,Certified
EZYV1106,Asia,Master's,Y,N,2333,1979,Midwest,55450.8,Year,Y,Certified
EZYV25039,Asia,Doctorate,Y,N,4143,1931,West,3827.62,Year,Y,Certified
EZYV4775,Asia,High School,N,N,1842,1962,Northeast,3603.57,Year,Y,Denied
EZYV16002,Asia,Bachelor's,N,N,4001,2007,West,322.6621,Hour,Y,Denied
EZYV19537,Europe,Master's,Y,N,1614,1836,South,62829.73,Year,Y,Certified
EZYV4669,North America,Master's,N,N,555,1866,Midwest,75884.2,Year,Y,Denied
EZYV433,Asia,Bachelor's,N,N,1496,2001,Northeast,95886.8,Year,N,Denied
EZYV23512,Asia,High School,Y,N,1579,2001,South,84336.99,Year,Y,Certified
EZYV14253,Asia,Master's,N,N,2585,2005,Midwest,124531.35,Year,Y,Certified
EZYV20551,Asia,Master's,Y,N,2062,1979,South,29588.04,Year,Y,Certified
EZYV23678,Asia,Master's,N,N,2502,2007,Midwest,91954.51,Year,N,Certified
EZYV13104,Asia,Master's,N,N,1823,2003,Northeast,608.569,Hour,Y,Certified
EZYV6203,Oceania,Master's,N,N,2509,1928,Northeast,396.9152,Hour,Y,Denied
EZYV7186,Asia,Bachelor's,Y,N,623,1893,Midwest,8968.81,Year,Y,Denied
EZYV6561,Asia,Doctorate,Y,N,9054,1998,Midwest,77648.66,Year,Y,Certified
EZYV15172,Asia,Master's,N,N,110,1995,Northeast,27174.9,Week,Y,Denied
EZYV7044,Europe,Master's,Y,Y,1590,1975,West,33722.94,Year,Y,Denied
EZYV24307,Europe,Master's,Y,N,3824,1970,Northeast,99518.69,Year,N,Certified
EZYV4007,North America,Bachelor's,N,N,3436,2008,South,110021.12,Year,Y,Denied
EZYV23221,Asia,High School,Y,N,2672,2006,Northeast,146818.59,Year,Y,Certified
EZYV5175,Asia,Master's,N,Y,359,2014,Northeast,83204.35,Year,Y,Certified
EZYV17245,Asia,Bachelor's,N,N,486,2011,South,165890.2,Year,Y,Certified
EZYV22334,Asia,Bachelor's,Y,N,4373,1984,Northeast,59651.36,Year,Y,Certified
EZYV15285,Asia,High School,Y,N,3081,2000,Northeast,107725.69,Year,Y,Denied
EZYV6567,Asia,Master's,Y,N,4758,1817,Northeast,79144.37,Year,Y,Certified
EZYV18034,Asia,Bachelor's,N,N,8127,1870,West,36973.18,Year,N,Denied
EZYV13285,Asia,Bachelor's,N,N,2075,2005,South,44816.71,Year,Y,Certified
EZYV9512,Asia,Bachelor's,Y,N,2573,1873,South,76309.36,Year,Y,Denied
EZYV24452,Asia,Master's,N,N,2324,1925,Midwest,56938.68,Year,N,Denied
EZYV22097,North America,Bachelor's,Y,N,4184,1980,South,64749.74,Year,Y,Certified
EZYV7423,Asia,Bachelor's,Y,N,3147,1984,Midwest,131304.29,Year,Y,Denied
EZYV19056,Asia,Bachelor's,Y,Y,505,2003,West,129422.72,Year,Y,Denied
EZYV14557,Europe,Bachelor's,N,N,248,2001,West,471.7934,Hour,Y,Denied
EZYV617,Asia,High School,Y,N,2652,1952,South,98429.38,Year,Y,Certified
EZYV15553,Asia,Master's,N,N,4813,2009,West,34725.5,Year,Y,Denied
EZYV10137,Asia,Master's,Y,N,122,2007,Midwest,70465.45,Year,Y,Certified
EZYV21065,Asia,High School,Y,N,6797,1939,West,132497.19,Week,Y,Certified
EZYV14981,Asia,Bachelor's,Y,N,712,1991,West,79588.86,Year,Y,Certified
EZYV14038,Asia,Bachelor's,N,N,1501,2004,West,686.4229,Hour,Y,Denied
EZYV2121,Europe,Bachelor's,Y,N,1082,1998,South,71293.42,Year,Y,Certified
EZYV6008,Asia,Bachelor's,N,N,50,2001,South,39170.78,Year,Y,Certified
EZYV20959,Europe,Bachelor's,Y,N,734,1881,West,44179.02,Year,Y,Certified
EZYV23025,South America,Bachelor's,Y,N,2842,1820,South,233.9733,Hour,Y,Denied
EZYV13465,Asia,Bachelor's,Y,N,529,2010,Midwest,91428.8,Year,Y,Certified
EZYV20772,Asia,High School,Y,N,978,2004,Midwest,142999.49,Year,Y,Certified
EZYV12502,Asia,Doctorate,Y,N,1349,1996,Midwest,136449.87,Year,Y,Certified
EZYV1103,Asia,Master's,N,Y,1938,1958,Midwest,120172.88,Year,Y,Certified
EZYV12968,Asia,High School,Y,N,54,1929,Midwest,78549.95,Year,Y,Denied
EZYV22489,Asia,Master's,Y,N,2175,1984,West,640.3602,Hour,Y,Denied
EZYV18008,Asia,Bachelor's,Y,N,2937,1993,West,17721.15,Year,Y,Certified
EZYV20886,Asia,Bachelor's,N,Y,1009,2010,South,92678.0,Year,N,Denied
EZYV1510,Asia,Master's,N,N,119,2002,Northeast,103.93,Hour,Y,Denied
EZYV24301,Europe,Bachelor's,Y,Y,1760,1999,West,129307.2,Year,Y,Certified
EZYV20081,Asia,Bachelor's,Y,N,964,1974,Northeast,85903.19,Year,Y,Denied
EZYV15908,North America,Master's,Y,N,1770,1968,Northeast,148564.49,Year,Y,Certified
EZYV21391,Asia,Bachelor's,Y,N,79645,1995,Northeast,108266.73,Year,Y,Certified
EZYV11632,Asia,Bachelor's,N,N,5053,1998,West,280175.95,Week,Y,Certified
EZYV23285,Asia,High School,N,N,267,1884,West,151.1779,Hour,Y,Denied
EZYV22292,Asia,High School,N,Y,2337,2000,South,68153.11,Year,Y,Denied
EZYV18199,Europe,Bachelor's,Y,N,4658,1983,West,50626.61,Year,Y,Certified
EZYV9890,Asia,Bachelor's,N,N,2510,1999,Northeast,96040.35,Year,Y,Denied
EZYV327,Asia,Bachelor's,Y,N,5576,2009,West,125246.83,Year,Y,Certified
EZYV6640,Asia,Bachelor's,N,N,2738,1994,Northeast,34883.95,Year,Y,Certified
EZYV20040,Asia,High School,Y,N,2764,1968,Midwest,111719.16,Year,Y,Certified
EZYV13483,Asia,Master's,Y,N,1109,2003,Northeast,51356.39,Year,Y,Certified
EZYV16971,Asia,High School,N,N,798,2000,South,113955.32,Year,Y,Certified
EZYV10885,Europe,Doctorate,N,N,471,2012,West,38175.55,Year,Y,Certified
EZYV18285,Europe,Master's,N,N,762,2012,West,92806.43,Year,Y,Certified
EZYV14522,Asia,Bachelor's,Y,N,2698,1993,Midwest,190509.06,Year,Y,Certified
EZYV4869,Asia,Master's,N,N,56,2008,Midwest,44414.48,Year,Y,Certified
EZYV7122,Asia,Master's,N,N,857,2013,South,46047.5,Year,Y,Certified
EZYV11436,Asia,Master's,N,Y,2456,2006,South,60876.93,Year,Y,Certified
EZYV15337,Europe,Bachelor's,N,Y,1458,2003,Northeast,117752.53,Year,Y,Certified
EZYV14179,Asia,High School,Y,N,689,1874,West,72723.79,Year,Y,Denied
EZYV24905,North America,Bachelor's,Y,N,34715,1986,South,93880.79,Year,Y,Denied
EZYV3662,Asia,Doctorate,N,N,1959,1998,South,73224.74,Year,N,Denied
EZYV4555,Asia,Bachelor's,Y,N,1855,2013,Northeast,54959.8,Year,Y,Certified
EZYV9780,Asia,Bachelor's,N,N,6366,1999,South,32371.89,Year,Y,Certified
EZYV11754,Asia,Bachelor's,Y,N,705,1960,West,97688.72,Year,Y,Denied
EZYV24443,North America,Master's,N,N,870,1922,West,175629.45,Year,Y,Denied
EZYV11129,Asia,Master's,N,N,704,2004,Northeast,127403.07,Year,N,Certified
EZYV3631,South America,High School,N,N,252,1977,Island,473.5168,Hour,Y,Denied
EZYV14676,Europe,Bachelor's,N,Y,2004,1992,Midwest,101108.49,Year,Y,Certified
EZYV7877,Asia,High School,N,N,2786,2004,South,142896.12,Year,Y,Denied
EZYV23254,Asia,Bachelor's,Y,N,3344,2007,South,64033.33,Year,Y,Certified
EZYV21881,Asia,Master's,Y,N,3049,2007,Northeast,116260.48,Year,N,Denied
EZYV13286,Asia,Bachelor's,N,N,3691,1967,South,259083.16,Year,Y,Certified
EZYV3400,Asia,Master's,Y,N,640,2004,South,48834.72,Year,N,Certified
EZYV16608,Asia,Master's,N,N,149,2003,Northeast,237874.32,Year,N,Certified
EZYV18728,Europe,Doctorate,Y,Y,1479,2006,South,65129.81,Year,Y,Certified
EZYV10901,Asia,High School,N,N,2567,1980,Midwest,104528.42,Week,Y,Denied
EZYV15969,Asia,Bachelor's,Y,N,3478,1998,Midwest,138141.06,Year,N,Certified
EZYV7653,Asia,Bachelor's,Y,N,111,2010,Island,130081.84,Year,Y,Denied
EZYV19813,Asia,High School,N,N,368,2007,Midwest,117119.67,Year,Y,Certified
EZYV6244,Asia,Bachelor's,N,N,2709,2013,West,35886.75,Year,Y,Denied
EZYV18074,Asia,Master's,N,Y,83,2012,South,80640.83,Year,Y,Certified
EZYV22352,Asia,Master's,Y,N,2274,1858,Midwest,99536.6,Year,Y,Certified
EZYV23087,Asia,Bachelor's,Y,N,559,1920,South,16493.88,Year,N,Certified
EZYV6957,Asia,Bachelor's,N,Y,1038,2003,Northeast,104.77,Hour,Y,Denied
EZYV9817,Asia,Master's,Y,N,295,1855,South,103992.65,Year,N,Certified
EZYV23783,Asia,Doctorate,Y,N,515,2000,Midwest,78768.84,Year,Y,Certified
EZYV20730,Asia,Master's,Y,N,2200,1994,Northeast,110837.77,Year,Y,Denied
EZYV25021,Asia,Master's,Y,N,2178,1998,Northeast,497.0797,Hour,Y,Certified
EZYV15773,Asia,High School,Y,N,3372,1953,West,46685.55,Year,Y,Denied
EZYV16682,Asia,Master's,N,N,4503,2001,South,108114.13,Year,N,Certified
EZYV24509,Asia,Master's,N,N,1403,2001,West,73609.5,Year,Y,Denied
EZYV6174,Asia,Master's,Y,N,11648,1946,West,104454.25,Year,N,Certified
EZYV1241,Asia,Bachelor's,Y,Y,3181,2003,South,205.2435,Hour,Y,Certified
EZYV9400,Asia,Bachelor's,N,N,2449,1998,West,102154.08,Year,Y,Denied
EZYV4512,Asia,Master's,Y,N,1771,1923,West,33894.67,Year,Y,Certified
EZYV6746,Asia,Doctorate,Y,Y,3304,2006,West,154111.15,Year,Y,Certified
EZYV16433,North America,Bachelor's,Y,N,2708,1958,South,119431.1,Year,N,Certified
EZYV7814,Asia,Master's,Y,N,155,1872,South,47237.11,Year,Y,Certified
EZYV18685,Asia,Bachelor's,N,N,5328,1998,Northeast,83737.37,Year,Y,Denied
EZYV18087,North America,Bachelor's,Y,N,1022,1962,Northeast,107762.7,Year,Y,Denied
EZYV13420,Asia,Bachelor's,Y,N,3096,1991,South,56610.26,Year,Y,Certified
EZYV16511,Asia,Doctorate,Y,N,3036,1969,Midwest,84905.57,Year,Y,Certified
EZYV9535,Asia,Master's,Y,N,1932,1984,Island,31871.43,Year,Y,Certified
EZYV5369,Asia,Bachelor's,Y,N,3449,1989,South,90681.75,Year,Y,Denied
EZYV1058,Asia,Bachelor's,Y,N,709,2006,Northeast,114128.01,Year,Y,Certified
EZYV22831,Europe,Bachelor's,Y,N,970,1986,Northeast,132341.25,Year,Y,Certified
EZYV18506,Asia,Master's,Y,N,2262,1878,Northeast,69099.22,Year,Y,Denied
EZYV10252,North America,Master's,N,N,2587,2009,West,124028.03,Year,Y,Certified
EZYV14510,Asia,Bachelor's,Y,N,1166,2001,Midwest,18740.24,Year,Y,Certified
EZYV20413,Asia,High School,N,N,1655,2016,Northeast,538.9966,Hour,Y,Denied
EZYV22424,Asia,Bachelor's,Y,N,1691,2000,South,74966.28,Year,Y,Certified
EZYV5701,Asia,Master's,N,N,15,2003,Northeast,139339.16,Year,Y,Certified
EZYV7756,Asia,Bachelor's,Y,N,995,2004,Midwest,204727.63,Year,Y,Certified
EZYV14775,North America,Master's,N,Y,2261,1998,Midwest,77759.18,Year,Y,Certified
EZYV14450,North America,Doctorate,Y,N,6347,1997,West,7574.47,Year,Y,Certified
EZYV17321,Europe,Master's,Y,N,890,2010,Northeast,36782.13,Year,Y,Certified
EZYV3873,Asia,Master's,Y,Y,1351,1997,Northeast,252825.11,Year,Y,Certified
EZYV18711,Asia,Bachelor's,Y,N,936,2002,Midwest,505.2474,Hour,Y,Denied
EZYV12418,Asia,Bachelor's,N,N,1358,1974,Northeast,40.9826,Hour,Y,Denied
EZYV10269,Asia,Bachelor's,Y,N,2011,1975,South,44052.71,Year,N,Certified
EZYV7320,Asia,High School,N,N,1965,1996,Midwest,85671.04,Year,Y,Denied
EZYV4945,Asia,High School,Y,N,484,2006,Midwest,794.0433,Hour,Y,Denied
EZYV7391,South America,Doctorate,N,N,2154,1831,Northeast,60746.11,Year,Y,Certified
EZYV25354,Asia,Master's,Y,N,2414,1887,South,43380.4,Year,Y,Certified
EZYV14695,Asia,Master's,Y,N,5967,2005,Northeast,15047.29,Year,N,Certified
EZYV4263,Asia,High School,N,N,3273,1977,South,232.6611,Hour,Y,Denied
EZYV2391,Asia,Bachelor's,N,N,1416,1962,Northeast,49481.77,Year,Y,Denied
EZYV9574,North America,Bachelor's,Y,N,2907,1989,Northeast,44218.42,Year,Y,Certified
EZYV154,Asia,Master's,Y,N,373,2009,South,128931.59,Year,N,Certified
EZYV21850,Europe,Bachelor's,N,N,2946,2005,West,46846.69,Year,Y,Certified
EZYV21796,Europe,Bachelor's,Y,N,171,2009,West,112654.43,Year,Y,Certified
EZYV23715,Europe,Master's,Y,Y,434,1996,Midwest,74042.53,Year,Y,Denied
EZYV19828,North America,Bachelor's,N,N,1094,1912,South,69687.58,Year,Y,Certified
EZYV20584,Asia,Master's,Y,N,345,2009,Midwest,130515.51,Year,Y,Certified
EZYV1520,Asia,Bachelor's,Y,N,2836,2011,South,45238.99,Year,Y,Certified
EZYV4182,North America,Master's,N,N,3421,1985,Midwest,459.4009,Hour,Y,Denied
EZYV7629,Asia,High School,Y,N,150,2001,Midwest,277357.78,Year,Y,Denied
EZYV17008,Asia,High School,N,N,3327,1998,South,15811.55,Year,Y,Certified
EZYV13009,Asia,Master's,N,N,1654,1977,South,120023.39,Year,Y,Denied
EZYV14843,Asia,Master's,Y,N,5274,1998,Northeast,35110.56,Year,Y,Certified
EZYV10869,South America,Master's,Y,Y,3690,1890,South,60670.13,Year,Y,Certified
EZYV6242,Asia,Bachelor's,Y,N,2729,1990,South,113828.03,Year,Y,Denied
EZYV16186,Asia,Master's,Y,N,2563,1961,South,76930.34,Year,Y,Certified
EZYV17694,North America,Master's,N,N,3724,2001,South,100511.88,Year,N,Certified
EZYV16156,North America,Bachelor's,Y,N,360,1996,West,7592.29,Year,Y,Denied
EZYV20508,Europe,Bachelor's,Y,N,1766,1807,Northeast,42536.72,Year,Y,Certified
EZYV16269,Asia,Bachelor's,N,N,1570,2013,Northeast,70333.09,Year,Y,Certified
EZYV3052,Asia,Bachelor's,N,N,1654,1999,Midwest,84864.39,Year,Y,Denied
EZYV22673,Asia,High School,Y,N,862,2007,West,110721.55,Year,Y,Certified
EZYV3889,Asia,Bachelor's,Y,N,199,2001,Northeast,65810.06,Year,Y,Certified
EZYV386,Europe,Bachelor's,N,N,2948,1967,West,323.7,Year,Y,Certified
EZYV6633,Asia,Master's,Y,N,5100,1977,Island,161837.84,Year,Y,Certified
EZYV1483,Asia,Bachelor's,N,N,1293,2000,West,82569.06,Year,Y,Denied
EZYV15510,North America,Bachelor's,Y,N,4750,2005,West,29927.15,Year,Y,Denied
EZYV17163,Europe,Master's,Y,N,1600,2001,West,9712.84,Year,Y,Certified
EZYV19299,Asia,High School,Y,N,5923,1994,West,81462.23,Year,N,Certified
EZYV11103,North America,Master's,N,N,1103,1977,South,112837.39,Year,Y,Denied
EZYV23173,North America,High School,N,N,218,1989,South,80671.47,Year,Y,Denied
EZYV16635,North America,Bachelor's,N,N,510,1888,Northeast,717.2229,Hour,Y,Denied
EZYV16465,Africa,Bachelor's,Y,N,1663,1969,West,148443.6,Year,Y,Certified
EZYV6038,Asia,Master's,N,N,2260,2001,South,106035.03,Year,N,Certified
EZYV12758,Asia,Bachelor's,Y,N,61504,2001,West,85071.94,Year,Y,Certified
EZYV2946,Asia,High School,Y,N,5384,1838,Northeast,3198.64,Year,Y,Denied
EZYV221,Asia,Bachelor's,Y,N,879,1996,Midwest,141796.39,Month,Y,Certified
EZYV15364,Asia,Master's,N,N,3516,1998,Northeast,96049.0,Year,Y,Certified
EZYV11795,Europe,Bachelor's,Y,N,2535,1991,Northeast,51451.98,Year,Y,Certified
EZYV5870,North America,Bachelor's,N,N,1729,2003,South,698.2524,Hour,Y,Denied
EZYV23387,Asia,Master's,Y,N,81,1987,West,32072.16,Year,Y,Certified
EZYV10799,Asia,Bachelor's,N,N,68,2004,South,28485.5,Year,Y,Certified
EZYV9934,Asia,Bachelor's,Y,N,2264,2007,Northeast,102961.37,Year,Y,Certified
EZYV1166,Asia,Master's,Y,N,1427,1977,West,178.5724,Hour,Y,Certified
EZYV8614,Asia,Bachelor's,Y,N,5837,1994,Northeast,69372.21,Year,N,Certified
EZYV2813,Europe,Doctorate,N,Y,314,1909,West,52854.69,Year,Y,Certified
EZYV5131,Europe,Master's,N,N,2576,1977,Northeast,53011.99,Year,Y,Certified
EZYV7868,Asia,Bachelor's,N,N,414,2004,Midwest,149629.63,Year,Y,Certified
EZYV18633,North America,High School,Y,N,304,1991,South,53710.48,Year,Y,Denied
EZYV9930,North America,High School,Y,N,1368,2001,West,236.861,Hour,Y,Denied
EZYV5017,Asia,Master's,Y,Y,2464,2004,Northeast,111100.53,Year,Y,Certified
EZYV304,Asia,Bachelor's,Y,N,2597,1945,West,155042.99,Year,Y,Certified
EZYV7062,North America,Master's,N,N,3257,1987,South,37316.47,Year,N,Certified
EZYV21762,Asia,Master's,N,N,2693,2014,Northeast,9680.33,Year,N,Certified
EZYV18891,Asia,Master's,Y,N,905,2008,South,17022.98,Year,Y,Certified
EZYV24998,Europe,Bachelor's,Y,N,1875,1977,Midwest,82185.32,Year,Y,Certified
EZYV7857,Europe,Master's,Y,Y,2228,1999,Northeast,114902.77,Year,Y,Certified
EZYV24207,North America,Master's,Y,N,31523,2014,Midwest,109438.82,Year,Y,Certified
EZYV15811,North America,Master's,Y,N,1511,1998,Northeast,61721.4,Year,Y,Denied
EZYV21305,Asia,Bachelor's,Y,N,2049,1995,West,27874.43,Month,Y,Denied
EZYV17082,Asia,Bachelor's,Y,N,3350,2009,West,94005.34,Week,Y,Certified
EZYV20229,North America,Master's,Y,N,4014,2011,Northeast,93857.47,Year,N,Certified
EZYV591,Asia,Master's,Y,N,2566,1801,Northeast,32228.82,Year,Y,Certified
EZYV23613,Europe,Doctorate,Y,N,1457,2006,Northeast,46461.7,Year,Y,Certified
EZYV8134,Asia,Master's,N,N,1275,1873,South,127425.43,Year,N,Certified
EZYV18551,Europe,Master's,Y,Y,3255,1999,Northeast,164490.33,Year,Y,Certified
EZYV12292,Asia,Bachelor's,Y,N,1469,2012,Midwest,91124.23,Year,Y,Denied
EZYV11370,Europe,Doctorate,N,Y,2831,2008,South,2352.15,Year,Y,Certified
EZYV54,Asia,High School,Y,N,2438,1976,Midwest,35018.04,Year,Y,Certified
EZYV23498,Asia,Bachelor's,N,N,683,2008,South,97652.48,Year,Y,Denied
EZYV12666,Asia,Master's,Y,N,1675,2007,West,116490.94,Year,Y,Certified
EZYV21942,Asia,Master's,Y,N,286,1895,Northeast,715.4601,Hour,Y,Certified
EZYV7174,Asia,Master's,Y,N,4192,1946,West,54955.72,Year,Y,Certified
EZYV23192,Europe,Bachelor's,N,N,3449,1838,South,80445.78,Year,Y,Certified
EZYV9978,Asia,Master's,N,N,4392,1969,South,78690.95,Year,Y,Certified
EZYV935,Asia,Bachelor's,N,N,1413,1985,Midwest,94129.28,Year,Y,Certified
EZYV22864,North America,Bachelor's,Y,N,5476,1999,West,16306.1,Year,Y,Certified
EZYV16861,Asia,Bachelor's,Y,N,3408,2001,South,59470.54,Year,Y,Denied
EZYV20510,Asia,Bachelor's,N,N,1131,1990,Midwest,73677.94,Year,Y,Denied
EZYV15504,Asia,Master's,Y,N,1210,1963,South,65127.67,Year,N,Denied
EZYV13131,Asia,Master's,N,N,2212,1968,Midwest,88.6958,Hour,Y,Certified
EZYV24933,Africa,Doctorate,N,N,1521,1946,Northeast,93982.48,Year,Y,Certified
EZYV24191,North America,Master's,Y,N,11579,1965,Northeast,75222.66,Year,Y,Certified
EZYV4684,Asia,Master's,N,N,2349,1998,Northeast,68247.39,Year,Y,Denied
EZYV3144,Asia,Master's,N,N,2496,1935,South,189.0437,Hour,Y,Denied
EZYV1731,North America,Master's,N,N,1534,1997,South,144292.14,Year,Y,Certified
EZYV18930,Asia,Master's,Y,N,3341,2004,Midwest,129883.44,Year,Y,Certified
EZYV2898,Asia,Master's,N,N,2875,2006,West,103.36,Hour,Y,Denied
EZYV21217,Asia,Bachelor's,N,N,1023,1986,Northeast,469.7719,Hour,Y,Denied
EZYV8343,Europe,Master's,N,Y,667,1998,Northeast,92705.11,Year,Y,Certified
EZYV6776,Asia,Master's,Y,N,828,1998,South,15626.61,Year,Y,Certified
EZYV3903,South America,High School,N,N,1260,1888,Northeast,128.01,Hour,Y,Denied
EZYV511,Africa,Master's,Y,N,4420,1984,West,63512.57,Year,Y,Certified
EZYV20952,Asia,Bachelor's,N,N,5106,2013,West,97862.63,Year,Y,Denied
EZYV19766,Asia,Master's,Y,N,813,1992,Northeast,22266.35,Year,Y,Certified
EZYV14896,Europe,Doctorate,Y,Y,5827,1989,Northeast,63920.53,Year,Y,Certified
EZYV14284,Asia,Bachelor's,Y,N,5431,2004,South,72364.8,Year,Y,Certified
EZYV8803,Asia,Master's,Y,N,315,2006,South,63668.18,Year,N,Certified
EZYV16625,North America,Bachelor's,N,N,2734,1979,Northeast,603.4404,Hour,Y,Certified
EZYV7413,Asia,Master's,N,N,5942,1994,Northeast,18350.81,Year,N,Certified
EZYV20052,North America,Master's,N,N,758,2003,Midwest,78900.51,Year,N,Certified
EZYV21597,Asia,Bachelor's,N,N,2775,2013,West,83055.08,Year,Y,Denied
EZYV13683,Asia,Master's,Y,N,913,2005,South,20395.29,Year,Y,Certified
EZYV13472,North America,Master's,N,N,-17,2003,Northeast,257.2413,Hour,Y,Denied
EZYV5461,Europe,Doctorate,N,N,2163,2014,West,1670.27,Year,Y,Certified
EZYV13162,Asia,High School,Y,N,3413,1998,South,4001.26,Year,Y,Denied
EZYV10860,Asia,Master's,N,N,2702,1951,South,268737.76,Year,N,Denied
EZYV15548,Europe,Master's,Y,N,2511,1988,South,25.0117,Hour,Y,Certified
EZYV21934,Europe,Bachelor's,Y,N,2876,1989,Northeast,102204.55,Year,N,Certified
EZYV1312,Asia,Master's,N,N,21299,2006,West,34696.51,Year,Y,Denied
EZYV3198,Oceania,Bachelor's,Y,N,1072,1996,Midwest,15650.37,Week,Y,Denied
EZYV7270,Asia,Doctorate,Y,N,1066,2001,Northeast,204.6484,Hour,Y,Certified
EZYV13710,Europe,Bachelor's,Y,Y,28035,2005,South,131851.49,Year,Y,Certified
EZYV18345,Asia,Master's,Y,N,820,2003,West,5884.7,Year,Y,Denied
EZYV649,Asia,Master's,Y,N,3510,2005,Midwest,134356.0,Year,Y,Certified
EZYV17641,North America,Master's,Y,N,34109,1999,West,43891.95,Year,Y,Certified
EZYV5348,Asia,Master's,Y,N,4507,2011,Northeast,112341.24,Year,N,Certified
EZYV11764,Asia,Master's,Y,N,1457,1968,Midwest,124298.43,Year,Y,Certified
EZYV9278,Asia,Bachelor's,N,N,127,1985,West,155150.09,Year,Y,Certified
EZYV5356,Asia,High School,Y,N,2620,2005,Midwest,129050.28,Year,Y,Denied
EZYV7493,Asia,Bachelor's,N,N,172,2007,Midwest,98967.16,Year,Y,Certified
EZYV8242,Asia,Master's,Y,N,1806,2007,Northeast,76325.29,Year,Y,Certified
EZYV19009,Asia,Master's,Y,N,84,1997,South,10606.17,Year,Y,Certified
EZYV19025,Asia,Master's,N,N,2332,2005,South,765.169,Hour,Y,Denied
EZYV10138,Asia,Bachelor's,Y,N,4636,1945,West,46227.71,Year,Y,Certified
EZYV24197,Asia,Master's,Y,N,3461,2010,Midwest,123642.69,Year,Y,Certified
EZYV2644,Asia,Bachelor's,Y,N,2707,1990,Northeast,76780.29,Year,Y,Certified
EZYV3237,Asia,Bachelor's,N,Y,1572,1998,South,111413.21,Year,Y,Denied
EZYV5273,Europe,Bachelor's,Y,Y,245,2006,South,101650.21,Year,Y,Certified
EZYV24113,Asia,Bachelor's,N,N,4494,2007,Northeast,16867.53,Year,Y,Denied
EZYV13824,South America,Bachelor's,Y,N,211,2004,Northeast,55394.68,Year,Y,Certified
EZYV6716,Africa,Master's,Y,N,5531,2004,Northeast,70770.32,Year,Y,Certified
EZYV21835,Asia,Doctorate,N,Y,1578,2005,South,86711.8,Year,Y,Denied
EZYV17148,North America,Master's,N,N,2282,1996,Northeast,99280.32,Year,Y,Certified
EZYV20760,Asia,Master's,Y,N,943,1985,Midwest,80203.61,Year,Y,Certified
EZYV17704,North America,Master's,N,N,2608,2004,Northeast,61848.74,Year,Y,Certified
EZYV22941,Asia,Bachelor's,N,Y,352,2015,South,139688.44,Year,Y,Certified
EZYV7286,Asia,Bachelor's,Y,N,5446,2006,South,108401.66,Year,Y,Certified
EZYV13708,Asia,Master's,N,N,1506,1926,Midwest,132081.23,Year,Y,Denied
EZYV22876,Europe,High School,Y,Y,354,2004,South,46860.83,Year,Y,Certified
EZYV1818,Europe,High School,Y,Y,1248,1999,South,35866.23,Year,Y,Certified
EZYV7798,Europe,Doctorate,Y,N,1031,1966,Midwest,11697.3,Year,Y,Certified
EZYV7884,Europe,Bachelor's,N,N,2007,1998,West,15387.91,Year,Y,Certified
EZYV12213,Asia,Doctorate,N,N,365,1931,West,41343.84,Year,Y,Certified
EZYV9097,North America,Bachelor's,N,N,3214,1998,South,106203.33,Year,Y,Certified
EZYV14906,Asia,Bachelor's,Y,N,1867,2000,Midwest,119376.44,Year,Y,Denied
EZYV20821,Asia,High School,N,N,109,1977,Midwest,122642.28,Year,Y,Certified
EZYV4431,Europe,Master's,Y,N,1777,1977,South,128902.6,Year,Y,Certified
EZYV12861,North America,Bachelor's,Y,N,31830,1975,South,11973.58,Year,Y,Certified
EZYV17588,Asia,Master's,Y,N,1074,2005,Northeast,61195.57,Year,Y,Certified
EZYV18659,Asia,Master's,Y,N,596,2006,Midwest,69545.89,Year,Y,Certified
EZYV17099,North America,Bachelor's,Y,N,3239,2011,South,449.2679,Hour,Y,Denied
EZYV2600,North America,High School,Y,N,732,1990,Midwest,102100.43,Year,N,Certified
EZYV1933,Asia,Bachelor's,N,N,1270,2000,West,58524.16,Year,Y,Denied
EZYV14080,Asia,Master's,Y,N,2399,1989,Northeast,58830.56,Year,Y,Certified
EZYV18620,North America,Master's,N,N,524,1998,Midwest,110.3,Hour,Y,Denied
EZYV2761,Asia,Master's,Y,N,1136,2010,Midwest,940.4745,Hour,Y,Certified
EZYV16783,Asia,Master's,N,N,1711,1987,Midwest,111583.0,Year,Y,Certified
EZYV19177,Asia,Bachelor's,Y,N,3674,1998,South,79412.03,Year,Y,Denied
EZYV991,North America,Doctorate,Y,N,13728,1968,South,72626.0,Year,Y,Certified
EZYV3668,Europe,Master's,Y,N,18553,1985,Northeast,2630.75,Year,Y,Certified
EZYV12656,Asia,Bachelor's,N,N,2873,1998,West,408.9777,Hour,Y,Denied
EZYV12894,Asia,Bachelor's,Y,N,1232,1996,Northeast,99092.05,Year,Y,Certified
EZYV7586,North America,Master's,Y,N,1283,1987,Northeast,72687.87,Year,N,Certified
EZYV7787,Asia,Master's,Y,N,369,2005,Midwest,69952.05,Year,Y,Certified
EZYV2273,Asia,Bachelor's,N,N,5456,2010,South,24370.17,Year,Y,Certified
EZYV21274,Asia,High School,Y,N,2338,1891,South,43659.02,Year,Y,Certified
EZYV7260,North America,Master's,N,N,112,1839,Northeast,233.7907,Hour,Y,Denied
EZYV18791,Asia,High School,N,N,1060,1962,Midwest,83542.27,Year,N,Certified
EZYV577,Asia,Master's,Y,N,2721,1997,Midwest,101026.39,Year,Y,Certified
EZYV20337,Asia,Bachelor's,N,N,967,2012,South,221.5887,Hour,Y,Denied
EZYV18885,Europe,Bachelor's,Y,N,5881,1997,West,15058.32,Year,Y,Certified
EZYV17753,Asia,Master's,Y,N,170,1965,South,82388.91,Year,Y,Certified
EZYV2465,Asia,Bachelor's,Y,N,2648,1999,Northeast,114878.69,Year,Y,Certified
EZYV21754,Asia,Bachelor's,Y,N,3741,1984,Northeast,67250.37,Year,N,Certified
EZYV11145,Asia,Bachelor's,Y,N,1604,2000,West,120687.37,Year,Y,Certified
EZYV15789,Europe,High School,N,Y,3162,1944,South,35532.7,Year,Y,Denied
EZYV1619,South America,Bachelor's,Y,N,1805,2005,West,82959.14,Year,Y,Certified
EZYV20485,North America,Bachelor's,Y,N,456,2003,South,118621.39,Year,Y,Denied
EZYV18211,Asia,Bachelor's,N,N,3759,1997,Northeast,55155.52,Year,Y,Certified
EZYV17063,Europe,Master's,Y,N,2019,1977,Midwest,37529.0,Year,Y,Certified
EZYV5221,North America,Master's,Y,N,2651,1999,Midwest,145224.36,Year,Y,Certified
EZYV873,Asia,Bachelor's,Y,N,159,2006,West,65842.4,Year,Y,Certified
EZYV24086,Asia,High School,Y,Y,17225,2000,South,165330.05,Year,Y,Denied
EZYV3578,Asia,Bachelor's,Y,N,1134,1999,South,47693.77,Year,Y,Certified
EZYV2868,Asia,Master's,N,N,5754,2003,South,81747.87,Year,N,Denied
EZYV17502,Asia,Bachelor's,N,N,1535,2003,West,72438.33,Year,Y,Certified
EZYV13842,Asia,Master's,N,N,2914,2013,Northeast,79282.12,Year,N,Certified
EZYV16562,Asia,Master's,N,N,986,1885,Midwest,134620.81,Year,Y,Denied
EZYV16955,Asia,Doctorate,N,N,2367,1966,Northeast,119241.4,Year,Y,Certified
EZYV23377,Asia,Bachelor's,Y,Y,2853,1988,West,80898.03,Year,Y,Certified
EZYV13706,Asia,High School,Y,N,1750,1998,Northeast,55658.04,Year,Y,Denied
EZYV11244,Asia,Doctorate,N,N,3361,2003,South,369.6246,Hour,Y,Certified
EZYV1827,Europe,Master's,N,Y,13,1989,Northeast,148325.69,Year,Y,Certified
EZYV21552,North America,Master's,Y,N,2430,2007,Midwest,88262.44,Year,N,Denied
EZYV14812,Asia,Bachelor's,Y,N,1527,1974,West,76886.56,Year,Y,Certified
EZYV8145,Asia,Bachelor's,Y,N,2707,1998,West,261729.62,Year,Y,Certified
EZYV2084,Asia,Bachelor's,Y,Y,192,1984,South,143175.3,Year,Y,Certified
EZYV18021,Asia,Bachelor's,Y,N,453,1884,Midwest,134089.1,Year,Y,Denied
EZYV2052,Europe,Master's,N,N,388,1996,Northeast,375.6911,Hour,Y,Certified
EZYV3243,Asia,Bachelor's,Y,N,2516,2001,South,90149.76,Year,Y,Certified
EZYV12831,Africa,Doctorate,Y,N,1658,2009,South,105658.33,Year,Y,Certified
EZYV3040,Asia,Master's,Y,Y,2851,2004,West,42123.7,Year,Y,Certified
EZYV2283,Asia,Bachelor's,Y,N,2545,1999,South,112556.79,Year,Y,Certified
EZYV10691,Asia,Bachelor's,N,N,2252,1996,South,28239.95,Year,Y,Certified
EZYV15095,Asia,Master's,Y,N,464,2011,Northeast,112882.96,Year,Y,Certified
EZYV22163,Asia,Bachelor's,N,Y,19513,2010,Midwest,114073.29,Year,Y,Certified
EZYV1055,Asia,Bachelor's,Y,N,1430,1984,South,88052.65,Year,Y,Certified
EZYV15014,Asia,Doctorate,Y,N,541,2001,Northeast,7423.02,Year,Y,Certified
EZYV7800,Asia,Bachelor's,Y,N,787,1983,Northeast,226927.95,Year,Y,Denied
EZYV14187,North America,Master's,N,N,2091,1999,Midwest,74868.2,Year,N,Certified
EZYV18028,Asia,Bachelor's,Y,N,849,1890,South,248.3727,Hour,Y,Denied
EZYV6102,Asia,Bachelor's,Y,N,5313,2009,South,147213.92,Year,Y,Certified
EZYV4614,Asia,Bachelor's,Y,N,1779,2001,Northeast,24006.38,Year,Y,Certified
EZYV518,Asia,Master's,Y,N,2839,1930,Midwest,13241.64,Year,Y,Certified
EZYV7501,Asia,Master's,N,N,517,1975,Midwest,76814.48,Year,Y,Certified
EZYV14321,North America,Master's,Y,N,2670,1998,Northeast,89775.1,Year,Y,Certified
EZYV25238,Asia,Master's,Y,N,2456,2008,Midwest,95298.13,Year,Y,Certified
EZYV15541,Asia,Bachelor's,N,N,1043,1969,West,112610.64,Year,Y,Denied
EZYV25183,Asia,Doctorate,Y,N,2160,1989,Northeast,27355.23,Year,Y,Certified
EZYV24065,North America,Bachelor's,Y,N,5084,2011,South,45093.77,Year,Y,Denied
EZYV15345,Asia,Master's,Y,Y,464,2001,West,124659.16,Year,Y,Certified
EZYV24797,Asia,Master's,Y,N,5061,2010,South,3219.01,Year,Y,Certified
EZYV18825,Asia,Bachelor's,Y,N,4861,1804,Northeast,122651.65,Year,Y,Certified
EZYV15992,Asia,Doctorate,Y,N,2866,1927,Northeast,96829.24,Year,N,Certified
EZYV12909,Asia,Master's,Y,N,2344,1999,Northeast,46707.61,Year,Y,Certified
EZYV13549,Asia,Bachelor's,Y,N,553,2014,South,81859.29,Year,Y,Certified
EZYV9517,Asia,Master's,N,N,4951,1978,West,58992.14,Year,Y,Certified
EZYV2814,Asia,High School,N,N,1463,1999,South,58960.18,Year,N,Denied
EZYV9264,Europe,Bachelor's,N,N,3393,1854,West,6814.85,Year,Y,Certified
EZYV2421,Asia,Bachelor's,Y,N,700,1992,Midwest,926.2305,Hour,Y,Certified
EZYV24620,Asia,Master's,Y,N,3118,1963,South,55059.48,Year,Y,Certified
EZYV14384,Asia,Bachelor's,Y,N,2405,2011,West,78090.6,Year,Y,Denied
EZYV9699,Europe,Bachelor's,Y,N,1950,2005,Midwest,31538.0,Year,Y,Denied
EZYV3897,North America,Master's,Y,N,2320,1999,Midwest,121770.31,Year,Y,Certified
EZYV20048,Asia,Bachelor's,N,N,2084,2003,West,86025.48,Year,Y,Certified
EZYV1632,Asia,Bachelor's,Y,N,204,1971,South,566.4743,Hour,Y,Certified
EZYV23691,Asia,Doctorate,Y,Y,2149,2004,South,39231.99,Year,Y,Certified
EZYV8322,Asia,Bachelor's,Y,N,53,1953,West,133137.66,Year,Y,Certified
EZYV9298,Asia,High School,Y,N,1559,1904,South,32172.69,Year,Y,Denied
EZYV1691,Asia,High School,Y,N,8145,2011,Midwest,43336.26,Year,Y,Certified
EZYV14160,Asia,High School,Y,N,4058,1998,Northeast,57760.35,Year,Y,Denied
EZYV14053,Asia,Bachelor's,Y,Y,710,1976,West,100810.12,Year,Y,Certified
EZYV11395,Asia,Bachelor's,Y,Y,666,2010,West,40358.96,Year,Y,Certified
EZYV4866,Europe,Bachelor's,Y,N,752,2013,Northeast,60248.72,Year,Y,Certified
EZYV12011,North America,Bachelor's,Y,N,6056,2000,West,87721.56,Year,Y,Certified
EZYV13101,Asia,Bachelor's,Y,N,2976,2009,West,5350.58,Year,Y,Certified
EZYV16278,Asia,Bachelor's,N,N,1375,2002,Midwest,127110.13,Year,Y,Denied
EZYV10293,South America,Bachelor's,Y,N,2050,1992,Northeast,66449.1,Year,Y,Certified
EZYV11757,South America,Master's,Y,N,1025,1950,West,27984.41,Year,Y,Certified
EZYV5186,Asia,Master's,N,N,2116,1848,Midwest,111535.73,Year,Y,Certified
EZYV9113,Asia,Master's,Y,N,1901,2007,South,39788.79,Year,Y,Certified
EZYV16416,Asia,Master's,Y,Y,2649,2008,Northeast,54121.98,Year,Y,Certified
EZYV2802,Europe,Doctorate,Y,N,2042,1973,West,26871.62,Year,Y,Certified
EZYV20577,Asia,Bachelor's,Y,N,1014,2000,West,27076.38,Year,Y,Denied
EZYV11888,North America,Bachelor's,Y,N,479,1977,South,86634.84,Year,Y,Denied
EZYV17044,Asia,Master's,Y,N,938,1999,South,6882.0,Year,Y,Certified
EZYV4862,Asia,High School,Y,N,35,2006,Northeast,44209.98,Year,Y,Denied
EZYV8284,Europe,Master's,Y,N,2829,2000,Midwest,88722.28,Year,Y,Certified
EZYV21620,Asia,Bachelor's,Y,Y,2044,1975,South,79648.09,Year,Y,Certified
EZYV16939,Asia,Bachelor's,Y,N,2952,1995,Northeast,44185.2,Year,Y,Certified
EZYV8662,North America,Master's,N,N,1187,1998,Northeast,73793.91,Year,N,Certified
EZYV12025,Asia,Bachelor's,Y,N,4105,1999,South,3411.1,Year,N,Certified
EZYV1206,Asia,Doctorate,N,N,2151,2012,Midwest,67828.03,Year,Y,Certified
EZYV23290,Asia,Bachelor's,Y,N,2145,1980,Midwest,43677.82,Year,Y,Denied
EZYV23390,Asia,Bachelor's,N,N,2699,2000,Northeast,109207.65,Year,Y,Certified
EZYV11801,Europe,Bachelor's,N,Y,1664,1905,South,143479.27,Year,Y,Certified
EZYV15921,Asia,Master's,Y,N,3123,1981,Northeast,42808.88,Year,Y,Certified
EZYV1151,Asia,Bachelor's,Y,N,619,1985,Northeast,3103.1,Year,Y,Certified
EZYV18486,Asia,High School,Y,N,3361,1993,South,90468.3,Year,Y,Certified
EZYV14595,Asia,Bachelor's,N,N,3738,1998,Midwest,173509.32,Year,Y,Certified
EZYV4579,South America,Master's,Y,N,3140,2001,South,41077.36,Year,Y,Certified
EZYV12737,Asia,Master's,Y,N,3530,2010,Northeast,80245.05,Year,Y,Certified
EZYV19479,Asia,Bachelor's,Y,N,3127,1948,Midwest,47800.32,Year,Y,Denied
EZYV12728,North America,Master's,Y,N,2645,2009,Northeast,442.6957,Hour,Y,Certified
EZYV19005,Asia,Bachelor's,N,N,3877,1963,Northeast,64396.68,Year,Y,Certified
EZYV2205,Asia,Bachelor's,Y,N,206,1999,West,81615.63,Year,Y,Certified
EZYV25156,Asia,Master's,Y,N,920,1900,Northeast,132536.12,Year,N,Denied
EZYV5222,Europe,High School,N,Y,5192,1983,West,11597.17,Year,Y,Denied
EZYV20653,Asia,Bachelor's,Y,N,4929,1997,South,164184.99,Year,N,Certified
EZYV13431,North America,Doctorate,Y,N,2355,2011,Midwest,107858.98,Year,Y,Certified
EZYV20363,Asia,Bachelor's,N,N,1168,1995,West,196.4013,Hour,Y,Denied
EZYV858,Asia,Bachelor's,Y,N,4655,1998,South,18502.5,Year,Y,Certified
EZYV13337,Europe,High School,Y,N,3116,1947,West,45264.9,Year,Y,Denied
EZYV17016,Asia,Master's,Y,N,533,1863,South,176777.82,Year,Y,Certified
EZYV1105,Asia,Bachelor's,N,N,992,1998,South,141643.1,Year,N,Certified
EZYV8701,Asia,Bachelor's,N,N,1876,2002,South,106556.06,Year,Y,Certified
EZYV22521,North America,Master's,Y,N,4178,2000,Midwest,7324.86,Year,Y,Certified
EZYV3368,North America,Master's,Y,N,3554,1976,Midwest,103581.83,Year,Y,Certified
EZYV13735,Asia,Bachelor's,Y,N,128,2003,South,903.0093,Hour,Y,Certified
EZYV21123,Asia,Bachelor's,N,N,3534,2010,West,120174.36,Year,Y,Denied
EZYV10364,Europe,Bachelor's,Y,Y,241,2001,South,65831.79,Year,Y,Certified
EZYV537,Europe,Bachelor's,N,N,412,1997,West,34249.67,Year,Y,Certified
EZYV13213,Asia,Master's,Y,N,776,1978,Midwest,255674.94,Year,N,Certified
EZYV23901,Asia,Bachelor's,N,N,2341,1965,Northeast,134.15,Hour,Y,Denied
EZYV546,Asia,Master's,N,N,364,2010,Midwest,126935.9,Year,N,Certified
EZYV16365,Asia,Master's,N,N,1751,2004,Midwest,53587.75,Year,Y,Denied
EZYV23648,Europe,Bachelor's,N,N,1935,2000,South,92757.53,Year,Y,Certified
EZYV17276,Asia,Doctorate,Y,N,423,2004,West,97252.01,Year,Y,Denied
EZYV73,Europe,Bachelor's,Y,N,3339,1935,Northeast,121316.5,Year,Y,Denied
EZYV22428,Asia,Bachelor's,N,N,1677,1990,Northeast,878.2895,Hour,Y,Denied
EZYV5993,North America,Master's,N,N,3765,2002,Northeast,38654.37,Year,Y,Denied
EZYV7415,Asia,Bachelor's,Y,N,1835,2009,West,115802.88,Year,Y,Certified
EZYV8367,Asia,Master's,N,N,2143,2006,Northeast,124922.15,Year,N,Certified
EZYV22550,Asia,Master's,N,N,1557,1997,Midwest,71980.61,Year,Y,Certified
EZYV10843,Asia,Master's,Y,N,100377,1988,South,87493.97,Week,Y,Certified
EZYV22040,Asia,High School,Y,N,377,2000,West,13718.79,Year,Y,Certified
EZYV10102,Asia,High School,N,N,2734,2007,Island,108627.23,Year,Y,Denied
EZYV24898,Asia,Bachelor's,N,Y,1813,2014,West,53560.76,Year,Y,Certified
EZYV18689,Asia,Master's,N,N,1156,1965,South,100838.82,Year,N,Certified
EZYV253,Asia,Bachelor's,Y,N,1667,2007,South,206941.23,Year,N,Certified
EZYV3878,South America,Bachelor's,Y,N,3892,2000,West,94660.35,Year,Y,Denied
EZYV19648,Asia,Master's,N,N,1025,2004,Midwest,100224.85,Year,Y,Certified
EZYV2272,Asia,Master's,Y,N,598,1999,Northeast,114010.87,Year,Y,Certified
EZYV16785,Asia,Master's,Y,N,1127,2012,South,19305.71,Year,Y,Certified
EZYV4656,Africa,Master's,Y,N,3100,1996,Northeast,59120.18,Year,Y,Certified
EZYV875,Asia,Bachelor's,N,Y,815,2012,West,38933.7,Year,Y,Denied
EZYV25464,Asia,High School,N,N,444,1838,Midwest,213189.36,Year,Y,Certified
EZYV15570,Asia,Master's,Y,N,1524,1981,South,57785.05,Year,Y,Certified
EZYV5445,Asia,Master's,Y,N,4493,1801,Northeast,62412.94,Year,N,Certified
EZYV5206,North America,Master's,N,N,3536,2006,South,24024.58,Year,Y,Certified
EZYV21695,Asia,Bachelor's,N,N,1284,2003,South,760.319,Hour,Y,Denied
EZYV4674,Europe,Master's,Y,N,4768,2004,Northeast,59641.59,Year,Y,Certified
EZYV16085,North America,Bachelor's,N,N,334,2008,Midwest,106463.01,Year,Y,Certified
EZYV5968,Africa,Bachelor's,N,N,1808,2001,South,21608.55,Year,Y,Certified
EZYV24738,Asia,Master's,Y,N,4778,2001,South,42473.49,Year,Y,Certified
EZYV17746,Asia,Bachelor's,Y,N,100460,2007,South,46899.63,Year,Y,Certified
EZYV4130,North America,Master's,N,Y,2183,1994,South,140866.43,Year,Y,Denied
EZYV1319,Europe,Master's,Y,N,1376,1998,Northeast,100745.59,Year,Y,Certified
EZYV5443,South America,Bachelor's,Y,N,6499,1993,Northeast,4841.59,Year,Y,Certified
EZYV14664,Asia,High School,N,N,1502,1987,West,388.4961,Hour,Y,Denied
EZYV24756,North America,Bachelor's,Y,N,2376,2000,Island,497.5459,Hour,Y,Denied
EZYV18128,Asia,Master's,Y,N,19337,1969,Northeast,82905.54,Year,Y,Denied
EZYV23758,Europe,Doctorate,N,N,3300,2004,West,11696.36,Year,Y,Certified
EZYV24652,Asia,Master's,Y,N,823,1989,West,77913.07,Year,Y,Denied
EZYV7327,Asia,Doctorate,N,N,2312,2001,Northeast,157777.89,Year,Y,Certified
EZYV10654,Asia,High School,Y,N,421,1969,Midwest,115790.29,Year,Y,Denied
EZYV22968,Asia,Bachelor's,Y,N,1837,1946,West,79030.13,Year,Y,Certified
EZYV3328,Asia,Bachelor's,Y,N,122,2004,South,82379.06,Week,Y,Certified
EZYV20303,Asia,Master's,Y,N,4185,2010,South,86941.39,Year,Y,Certified
EZYV22356,Asia,High School,N,Y,3471,2004,South,97428.51,Year,Y,Certified
EZYV15008,Asia,Bachelor's,Y,Y,2571,1873,West,204119.97,Year,Y,Certified
EZYV15167,Asia,Bachelor's,Y,N,465,1998,Midwest,120655.09,Year,Y,Certified
EZYV4452,Asia,Bachelor's,N,N,741,2009,Midwest,62914.53,Year,Y,Denied
EZYV14913,Asia,Bachelor's,N,N,1249,1991,West,73468.26,Year,Y,Certified
EZYV15526,North America,Doctorate,Y,N,2316,2010,Midwest,104221.52,Year,N,Certified
EZYV16298,Europe,Master's,N,N,4602,1991,Midwest,65350.98,Year,Y,Certified
EZYV8266,Asia,Master's,N,N,4459,1989,South,280.4605,Hour,Y,Certified
EZYV10985,Asia,High School,Y,N,450,1961,South,210178.49,Year,Y,Denied
EZYV20335,Asia,Bachelor's,N,N,1234,2002,West,44859.26,Year,Y,Certified
EZYV24951,Asia,Doctorate,N,N,2122,2013,Midwest,115184.46,Year,Y,Certified
EZYV18556,South America,Bachelor's,N,N,3029,2006,South,63466.47,Year,Y,Denied
EZYV5287,Asia,Bachelor's,N,N,2957,1981,West,71213.76,Year,Y,Denied
EZYV9771,North America,Master's,Y,N,2996,1945,South,35304.32,Year,N,Certified
EZYV10390,Asia,Bachelor's,Y,N,1601,1994,West,76240.43,Year,Y,Denied
EZYV14655,North America,Bachelor's,N,N,3223,1983,West,10901.66,Year,Y,Denied
EZYV22089,Asia,Bachelor's,Y,N,4478,1994,Northeast,34076.99,Year,Y,Certified
EZYV25082,Asia,Bachelor's,Y,N,2602,2013,Northeast,7193.66,Year,Y,Certified
EZYV14041,Europe,Bachelor's,Y,N,227,2008,Northeast,37049.23,Year,Y,Certified
EZYV13462,Asia,Bachelor's,Y,N,1214,2005,West,20998.78,Year,Y,Certified
EZYV13426,Asia,Master's,Y,N,798,2005,West,118063.74,Year,Y,Certified
EZYV156,Asia,Doctorate,Y,Y,3102,2001,West,81781.43,Year,Y,Certified
EZYV6312,Asia,Doctorate,Y,N,5939,1999,Northeast,48041.54,Year,Y,Certified
EZYV15521,Asia,Master's,N,N,890,1993,South,93899.27,Year,Y,Denied
EZYV21066,South America,Master's,Y,N,1727,2003,West,107754.33,Year,Y,Certified
EZYV10501,Asia,Master's,Y,N,1670,2002,South,42897.63,Year,Y,Certified
EZYV6199,Asia,High School,Y,N,2336,2001,South,56044.96,Year,Y,Denied
EZYV25421,Europe,Master's,Y,Y,799,2003,Northeast,58608.4,Year,Y,Certified
EZYV11551,Asia,Bachelor's,N,N,626,2007,Northeast,158.97,Hour,Y,Certified
EZYV2914,South America,Master's,Y,N,131,1971,Northeast,5303.86,Year,Y,Certified
EZYV17301,Asia,Master's,N,N,3256,1986,Northeast,32517.28,Year,Y,Denied
EZYV6532,Asia,Master's,Y,N,5534,2006,Northeast,48584.1,Year,Y,Certified
EZYV14346,Asia,Bachelor's,N,N,324,1996,Midwest,62502.85,Year,Y,Certified
EZYV10389,Asia,Master's,Y,N,393,1899,Midwest,160477.79,Year,Y,Certified
EZYV21721,Africa,Master's,Y,N,717,2003,Northeast,57194.88,Year,Y,Certified
EZYV4249,Asia,Bachelor's,Y,N,1678,1925,South,33796.7,Year,Y,Denied
EZYV20276,Asia,High School,Y,Y,1688,1983,Island,24987.84,Year,Y,Certified
EZYV24980,South America,Bachelor's,Y,N,3943,1929,West,30683.88,Year,Y,Denied
EZYV15735,Asia,Master's,Y,N,1180,2005,Northeast,84896.99,Year,N,Certified
EZYV5583,Asia,Master's,Y,N,7880,2012,South,51972.31,Year,Y,Certified
EZYV9860,Asia,High School,Y,N,2301,1978,Midwest,70645.97,Year,Y,Denied
EZYV11643,Asia,Master's,Y,N,1616,2009,Northeast,43185.6,Year,Y,Certified
EZYV5674,North America,Master's,N,N,4979,1998,South,42675.92,Year,Y,Certified
EZYV2137,Asia,Doctorate,N,N,2569,1849,Northeast,58235.44,Year,Y,Denied
EZYV13468,North America,High School,N,N,726,2004,Midwest,51421.21,Week,Y,Denied
EZYV12127,Asia,Bachelor's,N,N,3259,1994,Northeast,541.2883,Hour,Y,Denied
EZYV4595,Europe,Doctorate,Y,N,20787,2010,Northeast,94854.46,Year,Y,Certified
EZYV9579,Asia,Bachelor's,Y,N,1408,2007,Midwest,128016.42,Year,Y,Certified
EZYV4404,Asia,Bachelor's,Y,N,1619,2006,Northeast,54144.73,Year,Y,Certified
EZYV6728,Asia,High School,Y,N,86764,2000,South,23720.38,Year,Y,Denied
EZYV16641,North America,Bachelor's,Y,N,1560,1960,South,560.5899,Hour,Y,Certified
EZYV25287,Europe,Doctorate,Y,N,2705,1986,South,3795.05,Year,Y,Certified
EZYV16049,Asia,Doctorate,N,N,214,1998,Island,103986.39,Year,Y,Certified
EZYV14132,Asia,High School,N,N,480,2007,Island,96462.34,Year,Y,Denied
EZYV1226,Europe,Doctorate,Y,N,2405,1986,South,429.95,Year,Y,Certified
EZYV25115,North America,Bachelor's,Y,N,3077,2003,Northeast,110996.01,Week,Y,Certified
EZYV11934,Asia,Master's,Y,Y,5373,2001,Island,79222.67,Year,Y,Certified
EZYV13022,Asia,Master's,Y,N,652,1923,West,76979.93,Year,Y,Certified
EZYV14699,Asia,Bachelor's,Y,N,1200,2007,Northeast,134019.33,Year,Y,Denied
EZYV14707,Asia,Bachelor's,N,N,4401,1968,West,66759.41,Year,Y,Certified
EZYV4427,Asia,Bachelor's,Y,N,4097,2010,South,64802.34,Year,Y,Certified
EZYV13797,Europe,Bachelor's,Y,N,761,1960,Northeast,91369.12,Year,Y,Certified
EZYV23969,Asia,Bachelor's,N,N,3368,1868,Northeast,46379.39,Year,N,Denied
EZYV3385,South America,High School,Y,N,242,1998,West,101505.9,Year,Y,Certified
EZYV1280,Asia,Bachelor's,N,Y,2014,1800,South,68613.7,Year,Y,Certified
EZYV18987,Asia,Bachelor's,N,N,3904,1988,Northeast,126044.24,Year,Y,Certified
EZYV6120,Asia,Master's,N,N,774,1920,Midwest,32459.35,Year,Y,Certified
EZYV14542,Asia,Master's,Y,N,1543,1997,South,141681.65,Year,Y,Certified
EZYV9070,North America,High School,N,N,1003,1970,Midwest,53295.76,Year,Y,Certified
EZYV22780,Asia,Bachelor's,N,N,2383,2005,West,70678.86,Year,Y,Certified
EZYV23550,Asia,Master's,N,N,1869,2007,Northeast,47742.91,Year,Y,Certified
EZYV13449,Asia,Master's,N,N,3798,1946,Northeast,397.1918,Hour,Y,Certified
EZYV172,South America,Bachelor's,Y,N,5461,1979,Northeast,9078.62,Year,Y,Certified
EZYV17279,Asia,High School,Y,N,2109,1895,Northeast,480.3174,Hour,Y,Denied
EZYV12975,Asia,Bachelor's,N,N,1628,2006,West,45179.3,Year,Y,Denied
EZYV2122,Asia,Bachelor's,Y,Y,965,2012,South,49956.79,Year,Y,Certified
EZYV914,Asia,Bachelor's,Y,Y,3110,2005,West,109177.73,Year,N,Certified
EZYV17592,Europe,Master's,N,N,33466,2007,West,198781.53,Year,Y,Certified
EZYV23790,Asia,Master's,Y,N,1574,1985,Midwest,29222.09,Year,Y,Certified
EZYV13124,North America,High School,Y,N,2096,1856,Midwest,42419.85,Year,Y,Denied
EZYV8230,North America,Master's,Y,N,3178,1993,Northeast,28105.16,Year,Y,Certified
EZYV5260,Asia,Master's,N,Y,2759,2000,West,63657.81,Year,Y,Certified
EZYV23260,Asia,Master's,N,N,3780,2004,Northeast,32632.96,Year,N,Certified
EZYV19963,North America,Doctorate,N,N,919,1994,Northeast,842.9139,Hour,Y,Certified
EZYV9604,South America,Master's,Y,N,2226,2005,South,47667.36,Year,Y,Certified
EZYV13428,Asia,Master's,Y,N,1327,2006,Northeast,27141.02,Year,Y,Certified
EZYV24299,Asia,Master's,Y,N,5156,1920,Northeast,44642.96,Year,N,Certified
EZYV16180,Europe,Bachelor's,Y,N,305,1995,West,97349.25,Year,Y,Certified
EZYV9223,Asia,High School,Y,N,1687,2003,Midwest,36177.42,Year,Y,Denied
EZYV24771,South America,High School,Y,N,460,1842,Island,57772.61,Year,Y,Certified
EZYV23349,Asia,Master's,N,N,768,2006,Midwest,54510.79,Year,Y,Certified
EZYV24846,Asia,High School,Y,N,5486,1986,Midwest,20073.78,Year,N,Certified
EZYV9634,Asia,Master's,Y,N,954,1995,South,60217.15,Year,Y,Certified
EZYV14016,Asia,Master's,N,N,4218,1988,West,99989.12,Year,Y,Denied
EZYV8327,Asia,Bachelor's,N,N,91,1879,West,222416.49,Year,Y,Certified
EZYV23409,Asia,Bachelor's,N,N,653,1995,Northeast,89629.61,Year,Y,Denied
EZYV16704,Asia,Master's,Y,N,4043,1997,South,67979.61,Year,Y,Certified
EZYV4910,Europe,Bachelor's,N,N,108074,1996,Northeast,41580.5,Year,Y,Certified
EZYV1243,Asia,Bachelor's,Y,N,18049,1996,West,518.0265,Hour,Y,Certified
EZYV20566,Asia,Master's,N,N,1922,2012,South,84268.36,Year,Y,Certified
EZYV10724,North America,High School,N,Y,16398,2009,West,37111.35,Year,Y,Denied
EZYV3667,Asia,Master's,N,N,1603,1999,Midwest,73834.3,Year,Y,Denied
EZYV14838,Asia,Master's,N,N,6020,2002,Midwest,55874.49,Year,Y,Certified
EZYV22114,Asia,High School,Y,N,3210,2001,West,202641.96,Year,Y,Certified
EZYV566,Asia,High School,Y,N,2641,2007,South,97466.91,Year,Y,Certified
EZYV24430,Asia,Master's,N,N,1677,2014,Northeast,75870.87,Year,Y,Denied
EZYV1156,Asia,Bachelor's,N,N,2607,2008,Midwest,82708.29,Year,Y,Certified
EZYV10320,Asia,Bachelor's,Y,N,4947,2005,West,21024.15,Year,Y,Certified
EZYV134,Asia,Doctorate,Y,N,4289,2005,Midwest,19477.1,Year,Y,Certified
EZYV1643,North America,Master's,N,N,2850,2006,Island,160847.0,Year,Y,Denied
EZYV23544,Asia,Bachelor's,N,N,390,2009,West,118362.11,Year,Y,Denied
EZYV20562,North America,Master's,N,N,3688,2014,Midwest,131390.99,Year,N,Certified
EZYV21829,North America,Master's,N,N,513,2007,South,126875.34,Year,Y,Certified
EZYV1345,Asia,Master's,N,N,4514,1998,Northeast,120647.03,Year,N,Denied
EZYV20336,Asia,Master's,Y,N,2995,1969,Midwest,64695.1,Year,N,Denied
EZYV1897,Europe,Doctorate,Y,N,1434,1991,Northeast,82838.4,Year,Y,Certified
EZYV19457,Asia,Bachelor's,Y,N,386278,1997,West,130352.78,Year,Y,Denied
EZYV19927,North America,Doctorate,N,N,1210,1999,Northeast,99551.95,Year,Y,Certified
EZYV4168,Asia,Master's,Y,N,3233,1993,South,107919.68,Year,Y,Certified
EZYV15747,Europe,Doctorate,Y,N,4258,1996,West,95873.05,Year,Y,Certified
EZYV17535,Europe,Doctorate,Y,N,35719,2013,West,1075.92,Year,Y,Certified
EZYV9405,Asia,Bachelor's,Y,N,708,2005,West,110222.49,Year,Y,Certified
EZYV7565,Asia,Bachelor's,Y,N,959,2005,Northeast,9690.94,Year,Y,Denied
EZYV5471,Europe,Master's,Y,N,3426,1998,South,117.39,Hour,Y,Certified
EZYV21090,North America,Master's,Y,N,2556,1983,Northeast,50443.0,Year,Y,Certified
EZYV3159,Asia,Master's,Y,N,175,1911,Northeast,95244.98,Year,Y,Certified
EZYV18982,Asia,Bachelor's,Y,N,3724,2005,West,154872.28,Year,Y,Certified
EZYV12322,North America,Master's,N,N,1707,2000,South,160814.42,Year,N,Denied
EZYV16908,Asia,Master's,N,N,1294,1988,Midwest,30784.19,Year,Y,Certified
EZYV21930,North America,Bachelor's,N,N,1734,1972,Northeast,85360.13,Year,Y,Certified
EZYV2058,South America,Bachelor's,N,Y,1717,2004,West,83216.33,Year,Y,Denied
EZYV12423,Asia,Bachelor's,Y,N,2517,2012,Midwest,82832.29,Year,Y,Certified
EZYV8189,Asia,Bachelor's,Y,N,3674,1998,West,38792.65,Week,Y,Certified
EZYV5158,Europe,Bachelor's,Y,N,3974,1838,Northeast,30106.92,Year,Y,Certified
EZYV19806,Asia,Bachelor's,N,N,1235,1949,West,12965.95,Year,N,Denied
EZYV2117,Asia,Bachelor's,N,N,4559,1838,Northeast,41823.95,Year,N,Denied
EZYV19316,Asia,Master's,Y,N,6055,2000,Northeast,118039.44,Year,Y,Denied
EZYV8365,Asia,High School,Y,N,1466,1988,West,194076.46,Year,Y,Denied
EZYV3858,Europe,Doctorate,N,N,1672,1982,Northeast,82562.68,Year,Y,Certified
EZYV563,Europe,Master's,N,N,3937,1991,Northeast,103847.9,Year,Y,Certified
EZYV14901,Europe,Master's,Y,N,2158,1985,Northeast,195129.39,Year,Y,Certified
EZYV21043,Asia,High School,Y,N,1290,1994,Island,101009.01,Year,Y,Denied
EZYV2933,Asia,Bachelor's,Y,N,3360,1968,West,3293.05,Year,Y,Certified
EZYV2562,Asia,Bachelor's,N,Y,2928,1957,South,44831.2,Year,Y,Certified
EZYV10856,North America,Doctorate,N,N,1912,2007,West,50251.04,Year,Y,Certified
EZYV310,Asia,Master's,Y,N,4574,2006,Northeast,67204.54,Year,Y,Certified
EZYV24976,Asia,Master's,Y,N,2081,2010,Midwest,49206.69,Year,Y,Certified
EZYV1913,Asia,Bachelor's,Y,N,543,1998,South,35287.11,Year,Y,Certified
EZYV15653,Asia,High School,N,N,1753,1882,Midwest,147582.12,Year,Y,Denied
EZYV4906,Europe,Doctorate,Y,N,1726,2006,West,62464.63,Year,Y,Certified
EZYV8972,South America,High School,N,N,1742,1858,Northeast,60159.45,Year,Y,Certified
EZYV14114,Europe,High School,Y,N,2166,1994,South,89264.41,Year,N,Denied
EZYV2831,Asia,Bachelor's,Y,N,1628,2000,Northeast,100.66,Hour,Y,Certified
EZYV2022,North America,Bachelor's,Y,N,397,2000,Northeast,649.1376,Hour,Y,Denied
EZYV15303,Asia,Doctorate,Y,N,837,1998,South,59585.99,Year,Y,Certified
EZYV18879,Asia,Master's,N,N,236,1993,West,56566.39,Year,Y,Denied
EZYV24265,Europe,Master's,Y,N,238,1870,Northeast,59970.25,Year,Y,Certified
EZYV17118,North America,High School,Y,N,434,2010,Northeast,55380.57,Year,Y,Denied
EZYV16038,Asia,Bachelor's,N,N,538,1995,Northeast,59537.86,Year,Y,Certified
EZYV774,Europe,Master's,Y,N,555,1968,West,9693.06,Year,Y,Certified
EZYV18764,Asia,High School,Y,Y,342,1995,South,135028.39,Year,Y,Certified
EZYV10785,Europe,Bachelor's,Y,N,5208,2011,South,6148.67,Year,Y,Certified
EZYV7374,Asia,Bachelor's,Y,N,2673,2005,Midwest,58972.18,Year,Y,Certified
EZYV20367,Asia,Master's,Y,N,25904,1958,South,114836.37,Year,Y,Certified
EZYV6510,North America,Master's,Y,N,968,2009,West,95290.58,Year,Y,Denied
EZYV1471,Asia,High School,Y,N,1732,1977,South,185938.25,Week,Y,Certified
EZYV3058,Europe,Doctorate,Y,N,886,2009,West,4090.92,Year,Y,Certified
EZYV22869,North America,Master's,Y,N,3587,2008,Northeast,134588.94,Year,Y,Certified
EZYV11466,Asia,High School,Y,N,1242,2005,Midwest,42543.51,Year,Y,Denied
EZYV17977,Asia,Bachelor's,Y,N,922,2009,Northeast,148620.51,Year,Y,Certified
EZYV7889,Europe,Master's,Y,N,1404,1916,Northeast,30611.74,Year,Y,Certified
EZYV4318,Asia,Bachelor's,Y,N,3984,1884,Northeast,81938.65,Year,Y,Certified
EZYV21267,North America,Bachelor's,N,N,60,1998,South,90167.68,Year,N,Certified
EZYV4925,Asia,High School,Y,N,2638,2010,Northeast,38266.53,Year,Y,Denied
EZYV10995,Europe,Master's,N,N,780,2012,Northeast,19237.84,Year,Y,Certified
EZYV11711,Africa,High School,N,N,2683,2008,South,81480.94,Year,Y,Denied
EZYV20912,Asia,Bachelor's,Y,N,990,1965,South,44842.13,Year,Y,Certified
EZYV2352,Asia,High School,Y,Y,594,2002,Midwest,13459.87,Year,Y,Certified
EZYV1022,Asia,Master's,N,N,707,2006,West,40825.98,Year,Y,Denied
EZYV18175,North America,Master's,N,N,1080,1974,South,96602.77,Year,N,Certified
EZYV18489,North America,Bachelor's,N,N,70824,2004,South,52563.31,Year,N,Denied
EZYV9461,Asia,Master's,Y,N,2607,1987,Northeast,70494.83,Year,Y,Certified
EZYV217,Asia,Master's,Y,N,1515,2001,Midwest,269321.68,Year,N,Certified
EZYV17071,Asia,Doctorate,Y,N,3813,1962,Midwest,45001.96,Year,Y,Certified
EZYV18799,Asia,Bachelor's,N,N,913,2006,Midwest,68592.83,Year,Y,Certified
EZYV20949,Asia,Master's,Y,N,3826,2003,Midwest,44680.62,Year,Y,Certified
EZYV8763,Africa,Master's,Y,N,2005,1993,Midwest,150446.76,Year,Y,Certified
EZYV11062,Asia,Bachelor's,N,N,779,1880,Northeast,59167.83,Year,Y,Denied
EZYV18966,Asia,High School,Y,Y,1817,1833,South,543.8803,Hour,Y,Certified
EZYV6291,Asia,Bachelor's,N,N,775,1979,South,283.5202,Hour,Y,Denied
EZYV9914,Asia,High School,Y,N,815,1978,Northeast,814.6128,Hour,Y,Denied
EZYV10836,North America,Bachelor's,Y,N,3022,1869,Northeast,405.678,Hour,Y,Certified
EZYV9333,Asia,Master's,N,Y,2928,1937,West,49786.35,Year,Y,Certified
EZYV24864,Asia,Master's,N,N,2549,2003,South,34210.42,Year,Y,Denied
EZYV25468,North America,Master's,N,Y,2504,1882,Northeast,105900.66,Year,Y,Certified
EZYV10242,Europe,Bachelor's,N,N,17647,1984,Northeast,96.6666,Hour,Y,Denied
EZYV19671,Asia,Doctorate,Y,N,40733,2006,South,74292.73,Year,Y,Certified
EZYV12115,Asia,High School,Y,N,4972,2004,Northeast,56885.67,Year,N,Denied
EZYV4577,North America,High School,Y,N,5184,1992,Northeast,119077.39,Year,Y,Certified
EZYV14407,Asia,Master's,Y,Y,165,1997,South,224049.27,Year,Y,Certified
EZYV5864,Asia,Bachelor's,Y,N,600,2010,Midwest,165283.16,Year,Y,Certified
EZYV9303,Asia,Bachelor's,N,N,1366,2015,Northeast,17133.44,Week,Y,Certified
EZYV25453,Asia,High School,N,N,70,1995,Northeast,84833.89,Year,Y,Denied
EZYV18189,Asia,Bachelor's,N,N,3051,1972,Northeast,98180.29,Year,Y,Denied
EZYV22063,Europe,Bachelor's,Y,N,1420,1970,West,144060.84,Year,Y,Certified
EZYV13738,Europe,Bachelor's,Y,N,2440,2005,West,66085.0,Year,Y,Certified
EZYV14714,Asia,High School,N,N,530,1999,Midwest,59240.52,Year,Y,Denied
EZYV20327,Asia,Master's,Y,N,3834,1914,Midwest,171823.93,Year,Y,Certified
EZYV25180,North America,Bachelor's,N,N,368,1969,West,56205.99,Year,Y,Certified
EZYV14848,Asia,Bachelor's,Y,N,3916,2011,Midwest,127346.84,Year,Y,Denied
EZYV5664,Asia,Master's,Y,N,3612,2001,Midwest,51706.88,Year,Y,Certified
EZYV2053,Europe,Master's,Y,Y,110,2004,West,150159.19,Year,Y,Certified
EZYV25088,North America,Master's,Y,N,208,1992,Midwest,9085.67,Year,Y,Certified
EZYV6479,Asia,High School,Y,N,727,1999,West,56122.45,Year,Y,Denied
EZYV6485,Asia,Bachelor's,Y,N,3481,1979,South,99957.16,Year,Y,Denied
EZYV5205,Asia,High School,N,N,3363,1997,Northeast,846.7583,Hour,Y,Denied
EZYV3567,Asia,High School,Y,N,5541,2002,Midwest,43514.18,Year,Y,Denied
EZYV19112,Asia,Master's,Y,N,372,2005,Northeast,92044.35,Year,N,Denied
EZYV11190,Asia,Bachelor's,N,Y,819,1997,South,85598.66,Year,Y,Certified
EZYV22429,Asia,Bachelor's,N,N,552,1997,South,89458.13,Year,Y,Certified
EZYV23238,North America,Bachelor's,Y,Y,1540,1962,South,5200.77,Year,Y,Certified
EZYV16750,Europe,High School,Y,N,1441,1972,South,64422.79,Year,Y,Certified
EZYV21750,North America,Master's,N,N,3922,1988,Northeast,127856.09,Year,Y,Certified
EZYV1709,Asia,Master's,N,N,2001,2007,Northeast,39782.24,Year,Y,Denied
EZYV1386,Asia,Bachelor's,N,N,1159,2006,West,68281.73,Year,Y,Denied
EZYV882,Asia,Bachelor's,Y,N,987,2009,West,44332.36,Year,Y,Certified
EZYV16090,North America,Master's,N,N,3928,1973,Northeast,516.5046,Hour,Y,Certified
EZYV11492,Asia,Doctorate,Y,Y,2512,1840,Northeast,53071.75,Year,Y,Certified
EZYV4709,Europe,Master's,Y,N,5734,1998,South,37756.8,Year,Y,Certified
EZYV8700,North America,High School,Y,N,3411,1938,Northeast,781.7726,Hour,Y,Certified
EZYV3281,Asia,Master's,N,Y,2380,1997,Northeast,171059.56,Year,Y,Denied
EZYV7955,Europe,Bachelor's,Y,N,200,2013,Midwest,1114.48,Year,Y,Certified
EZYV7460,Asia,Doctorate,N,N,113215,2001,South,59260.37,Year,Y,Certified
EZYV20334,Africa,Master's,Y,N,5137,1995,South,145932.59,Year,Y,Certified
EZYV9668,Europe,Bachelor's,Y,N,983,1801,Northeast,341.34,Year,Y,Certified
EZYV17211,Asia,Master's,N,N,488,1998,West,33033.41,Year,Y,Denied
EZYV16581,Asia,High School,Y,N,884,1900,Northeast,266071.13,Year,Y,Certified
EZYV18661,Asia,High School,N,N,2748,2000,South,106204.02,Year,Y,Certified
EZYV14989,Asia,Bachelor's,N,Y,1220,1992,Northeast,54931.4,Year,Y,Certified
EZYV1264,Europe,Master's,N,N,24304,1838,Northeast,278.5388,Hour,Y,Certified
EZYV18245,South America,Master's,Y,Y,3567,2010,Northeast,61229.26,Year,Y,Certified
EZYV22203,Europe,Master's,N,N,1846,1995,Midwest,59148.31,Year,Y,Denied
EZYV23979,North America,Doctorate,N,N,1707,1981,West,145281.23,Year,Y,Certified
EZYV7620,Africa,Bachelor's,N,N,6259,1994,West,21408.55,Year,Y,Denied
EZYV9378,Asia,Master's,N,N,4869,1989,West,27272.74,Year,Y,Certified
EZYV13134,Asia,Bachelor's,Y,N,4540,2010,West,87767.77,Year,Y,Certified
EZYV5453,North America,Master's,Y,N,4030,1928,Northeast,780.696,Hour,Y,Denied
EZYV14264,Asia,High School,N,N,1147,1916,Midwest,79428.1,Year,Y,Denied
EZYV20692,Asia,High School,Y,N,460,1998,Northeast,714.3446,Hour,Y,Denied
EZYV15484,Asia,Bachelor's,N,N,1767,2010,West,135852.65,Year,N,Denied
EZYV22439,Asia,Bachelor's,N,N,1755,2003,Midwest,203547.58,Year,Y,Denied
EZYV24121,Europe,Master's,Y,N,4731,1979,West,40197.55,Year,Y,Certified
EZYV15864,Asia,Master's,Y,Y,169,1998,South,230017.17,Year,Y,Denied
EZYV2867,Asia,Bachelor's,Y,N,3991,2009,South,54198.06,Year,Y,Certified
EZYV14364,Asia,Master's,N,N,2760,1984,South,84216.28,Year,Y,Denied
EZYV5366,Europe,Master's,Y,Y,85264,1978,Northeast,70486.66,Year,Y,Certified
EZYV13255,Asia,Bachelor's,N,N,195,2006,South,65492.16,Year,N,Denied
EZYV8363,Europe,Doctorate,Y,Y,920,1997,Midwest,94912.68,Year,Y,Certified
EZYV6380,Asia,Bachelor's,N,N,74,1976,West,59782.98,Year,Y,Denied
EZYV12197,Asia,Master's,Y,N,4791,2008,Midwest,152649.95,Year,Y,Certified
EZYV14436,Europe,Bachelor's,N,N,4204,1987,Midwest,100925.57,Year,Y,Certified
EZYV10822,Asia,Master's,N,N,333,1925,South,29031.81,Year,Y,Denied
EZYV6240,Oceania,Bachelor's,N,N,2004,2014,Midwest,33917.08,Year,Y,Denied
EZYV18188,Asia,Bachelor's,N,N,1527,2000,South,32756.01,Year,Y,Certified
EZYV21921,Asia,Bachelor's,N,N,2484,1998,West,71468.25,Year,Y,Certified
EZYV9990,Asia,Master's,Y,N,2231,2005,Midwest,118029.48,Year,Y,Certified
EZYV2642,Asia,Master's,N,N,736,1994,South,15108.15,Year,Y,Denied
EZYV16736,North America,Bachelor's,N,Y,973,2014,West,125015.28,Year,Y,Certified
EZYV5548,Asia,Master's,Y,N,5644,2003,West,23635.17,Year,Y,Certified
EZYV354,Asia,Bachelor's,Y,N,1766,1997,South,3683.43,Year,Y,Certified
EZYV9315,Asia,Master's,N,N,199,2006,South,135439.65,Year,N,Certified
EZYV13143,North America,Master's,Y,N,4417,1997,Northeast,24905.66,Year,Y,Certified
EZYV22847,Asia,Bachelor's,Y,N,370,1998,South,83293.55,Year,Y,Certified
EZYV12523,Europe,Master's,Y,N,4855,1867,West,68901.35,Year,Y,Certified
EZYV13668,Asia,High School,Y,N,3500,1990,Northeast,39651.53,Year,Y,Denied
EZYV6034,Asia,Master's,Y,N,716,2005,West,3776.71,Year,Y,Certified
EZYV15534,Asia,Master's,N,N,2207,2007,Midwest,37273.97,Year,Y,Certified
EZYV24069,Asia,Bachelor's,Y,N,4380,1946,West,51291.33,Year,Y,Certified
EZYV24168,Asia,Master's,Y,N,1224,2010,Midwest,97614.41,Year,N,Certified
EZYV14376,Asia,Master's,Y,N,84908,1998,Northeast,42732.26,Year,Y,Certified
EZYV17565,North America,Master's,Y,N,3103,1838,Northeast,86385.21,Year,N,Denied
EZYV13352,Asia,High School,Y,N,4316,1984,South,49064.32,Year,Y,Denied
EZYV7034,North America,Bachelor's,N,N,1839,1997,Northeast,756.9234,Hour,Y,Certified
EZYV19302,Asia,High School,Y,N,3212,1993,South,234330.77,Year,Y,Denied
EZYV10682,Asia,Master's,Y,N,3329,1944,Northeast,23873.36,Year,Y,Certified
EZYV9067,Asia,Master's,Y,N,100,1930,West,128133.36,Year,Y,Certified
EZYV22632,Asia,Bachelor's,Y,N,256,1999,West,43817.6,Year,Y,Certified
EZYV21643,Asia,Master's,Y,N,5369,2009,Northeast,43615.1,Year,Y,Certified
EZYV6861,Asia,Bachelor's,N,N,1773,2005,South,44534.73,Year,Y,Denied
EZYV11443,Europe,Doctorate,Y,N,3381,1997,West,92923.02,Year,Y,Certified
EZYV5386,Asia,Bachelor's,N,N,1283,2011,Northeast,89083.79,Year,Y,Denied
EZYV16440,Europe,Doctorate,Y,N,896,1957,West,47526.05,Year,Y,Certified
EZYV5132,Asia,Master's,N,Y,29369,1940,Northeast,48005.34,Year,Y,Certified
EZYV16084,Asia,Master's,Y,N,48082,2000,Midwest,50756.08,Year,Y,Certified
EZYV10021,Europe,Doctorate,Y,N,2127,1972,West,11059.35,Year,Y,Certified
EZYV8848,Asia,Master's,Y,N,42,2008,South,111965.77,Year,Y,Certified
EZYV5886,Asia,Bachelor's,Y,N,422,1833,Midwest,43924.75,Year,Y,Certified
EZYV5263,Asia,Master's,Y,N,3266,2006,Midwest,30384.52,Year,Y,Certified
EZYV14381,Asia,Master's,Y,N,851,1985,South,92861.52,Year,Y,Certified
EZYV21619,Asia,Bachelor's,N,N,1730,1855,Midwest,285256.54,Year,N,Certified
EZYV5979,Africa,Bachelor's,Y,N,1749,2011,West,106851.38,Year,Y,Denied
EZYV287,Europe,Master's,Y,N,306,1975,South,103390.44,Year,N,Certified
EZYV25149,Europe,Doctorate,Y,Y,151,1868,South,18672.46,Year,Y,Denied
EZYV3317,Asia,Bachelor's,N,N,1449,1978,South,114871.08,Year,N,Denied
EZYV16053,Asia,Bachelor's,Y,N,3496,2001,South,122222.53,Year,Y,Certified
EZYV25036,Asia,Master's,Y,N,1396,1993,South,21089.45,Year,N,Certified
EZYV10824,Europe,Master's,N,N,2504,2001,South,67130.63,Year,Y,Certified
EZYV8457,Asia,Master's,N,N,1186,1998,South,95389.41,Year,Y,Certified
EZYV1674,Europe,Master's,N,N,1309,1966,West,20881.66,Year,Y,Certified
EZYV14040,Europe,High School,Y,N,1769,2011,Midwest,16807.85,Year,Y,Denied
EZYV21696,North America,Master's,Y,N,4481,2005,South,139576.85,Year,N,Certified
EZYV19440,Asia,Bachelor's,Y,N,3044,2013,Island,107614.47,Year,N,Denied
EZYV2690,Asia,Master's,Y,N,5744,2001,South,78398.49,Year,Y,Certified
EZYV14783,Asia,Master's,Y,N,940,2002,West,10765.47,Year,Y,Certified
EZYV23787,Europe,Bachelor's,N,Y,2224,1984,South,103291.69,Year,Y,Denied
EZYV271,Asia,Master's,Y,N,2486,1906,South,84521.88,Year,Y,Certified
EZYV7852,Asia,Master's,N,N,2703,1983,South,125612.2,Year,Y,Certified
EZYV15501,Asia,Master's,N,N,1416,1968,Island,129972.96,Year,N,Certified
EZYV9834,Europe,Bachelor's,Y,N,492,1998,West,55322.18,Year,Y,Certified
EZYV3653,Asia,High School,N,N,1796,1988,West,652.7163,Hour,Y,Denied
EZYV17684,Asia,Master's,N,N,538,1999,Midwest,109181.07,Year,Y,Certified
EZYV636,Asia,Bachelor's,Y,N,1194,1998,South,105225.88,Year,Y,Certified
EZYV9359,Asia,Bachelor's,N,N,1875,2013,West,90230.35,Year,Y,Certified
EZYV14489,Asia,Master's,N,N,126,2005,West,58013.98,Year,Y,Denied
EZYV8078,Asia,Bachelor's,Y,Y,3136,2013,South,116228.33,Year,Y,Certified
EZYV1804,Asia,Master's,Y,N,32503,1925,South,44555.12,Year,Y,Certified
EZYV7206,Asia,Bachelor's,Y,N,875,2000,West,110675.52,Year,Y,Denied
EZYV171,Europe,Bachelor's,N,N,201,1982,South,50362.77,Year,Y,Certified
EZYV21617,Asia,Master's,Y,N,2477,2008,Northeast,96532.61,Year,Y,Certified
EZYV18060,Asia,Doctorate,N,N,32,2012,South,163771.16,Year,Y,Denied
EZYV7343,Asia,Bachelor's,N,N,403,1855,Midwest,134595.21,Year,Y,Certified
EZYV24940,North America,Master's,Y,N,2579,1993,Northeast,41116.64,Year,Y,Denied
EZYV22164,Asia,High School,N,N,3264,1960,Northeast,27965.93,Year,Y,Denied
EZYV15399,Asia,Bachelor's,Y,N,659,2005,West,110406.14,Year,Y,Certified
EZYV7656,Europe,Master's,Y,Y,830,1998,West,57167.31,Year,Y,Certified
EZYV956,Oceania,Master's,N,N,17541,1986,Northeast,75224.53,Year,Y,Denied
EZYV15243,Europe,Master's,Y,N,690,2000,Northeast,47935.35,Year,Y,Certified
EZYV760,Europe,High School,Y,Y,1426,1989,West,69984.79,Year,Y,Denied
EZYV16430,Europe,Master's,N,N,771,2007,Northeast,108.46,Hour,Y,Denied
EZYV4157,Europe,Bachelor's,N,N,5440,2010,West,25373.8,Year,Y,Certified
EZYV17513,Asia,Bachelor's,N,N,3669,2007,West,159360.28,Year,Y,Certified
EZYV16602,Asia,Bachelor's,Y,Y,167,1838,South,17703.67,Year,Y,Certified
EZYV22106,Asia,Master's,N,N,2824,2006,Northeast,105688.25,Year,N,Certified
EZYV19832,Asia,Master's,Y,N,720,2008,South,70151.27,Year,Y,Certified
EZYV19015,Asia,Bachelor's,N,N,4685,1989,West,103367.8,Year,Y,Denied
EZYV19111,Asia,Master's,Y,N,16049,1967,South,101707.32,Year,Y,Certified
EZYV11381,North America,Bachelor's,Y,N,662,1999,Northeast,129670.44,Year,Y,Denied
EZYV15379,Europe,Doctorate,N,N,41,2016,Northeast,9442.23,Year,Y,Certified
EZYV1695,North America,Master's,Y,N,764,1994,West,27914.59,Year,Y,Certified
EZYV10926,North America,Master's,Y,N,1785,2004,West,10467.38,Year,Y,Denied
EZYV7017,Asia,Master's,Y,N,6440,1997,Midwest,133816.76,Year,N,Certified
EZYV18022,Europe,Master's,N,N,566,2004,West,147795.3,Year,Y,Denied
EZYV4747,Asia,Master's,Y,N,2418,2011,Northeast,32322.23,Year,Y,Certified
EZYV10749,Asia,High School,N,N,468,1908,South,135214.46,Year,Y,Denied
EZYV24954,Asia,Master's,Y,N,16236,1989,Northeast,56214.08,Year,Y,Denied
EZYV5335,North America,High School,Y,N,869,2010,Northeast,10748.3,Year,Y,Certified
EZYV8159,North America,Master's,N,N,2120,2001,Northeast,166144.9,Year,N,Denied
EZYV10656,Asia,High School,Y,N,4425,1997,West,129941.81,Year,Y,Denied
EZYV18442,Asia,Bachelor's,N,N,2785,1982,Midwest,20116.9,Year,Y,Denied
EZYV207,Europe,Doctorate,Y,N,766,1950,Midwest,89079.05,Year,Y,Certified
EZYV18351,Asia,Bachelor's,Y,N,2307,1988,Northeast,87146.79,Year,Y,Denied
EZYV1490,Asia,Master's,Y,N,1176,1981,Midwest,59595.27,Year,Y,Certified
EZYV22064,Europe,High School,Y,N,1099,1983,Northeast,79187.79,Year,Y,Denied
EZYV20966,Asia,Master's,N,N,1758,1995,South,99362.3,Year,Y,Denied
EZYV7038,Africa,Master's,Y,N,1962,2010,Northeast,57331.36,Year,Y,Certified
EZYV17852,North America,Master's,N,N,3395,1977,Northeast,217.5757,Hour,Y,Denied
EZYV13574,Asia,Bachelor's,N,N,3037,1927,Midwest,68579.98,Year,Y,Certified
EZYV14890,Europe,Doctorate,Y,N,280,2005,West,27026.92,Year,Y,Certified
EZYV6226,North America,Master's,Y,N,1711,1994,South,142302.47,Year,Y,Certified
EZYV15885,Europe,Bachelor's,Y,N,2883,1976,West,15205.33,Year,Y,Certified
EZYV22120,North America,Master's,N,N,1166,1997,South,145953.01,Year,N,Certified
EZYV10298,Asia,Master's,N,N,3722,2001,Midwest,87115.45,Year,Y,Denied
EZYV17904,South America,Bachelor's,N,N,455,1969,Northeast,93038.33,Year,Y,Certified
EZYV25136,Asia,Bachelor's,N,Y,4041,1979,South,138179.4,Year,Y,Certified
EZYV8417,North America,High School,Y,N,558,2012,South,16029.76,Year,Y,Certified
EZYV20673,Asia,Master's,Y,N,4929,2006,South,60676.5,Year,Y,Certified
EZYV8813,Europe,Master's,N,N,306,1907,South,119.82,Hour,Y,Denied
EZYV11132,Asia,Bachelor's,N,Y,1248,2010,South,67277.93,Year,Y,Certified
EZYV1215,Asia,Bachelor's,N,N,2821,1876,Northeast,31166.4,Year,N,Denied
EZYV2873,Asia,Bachelor's,Y,N,1970,1997,Midwest,48773.33,Year,Y,Certified
EZYV9829,Asia,Bachelor's,Y,N,5298,1991,Midwest,47179.41,Year,Y,Denied
EZYV4145,Europe,Master's,Y,N,576,1985,Northeast,60431.35,Year,Y,Certified
EZYV8444,Asia,Bachelor's,Y,N,110713,1893,Midwest,154588.93,Year,N,Certified
EZYV13865,Asia,Master's,N,Y,1231,2003,South,76125.5,Year,Y,Certified
EZYV19559,Asia,Master's,Y,N,3997,1970,Northeast,129436.25,Year,N,Denied
EZYV24849,Europe,Master's,Y,N,610,1990,Northeast,529.5877,Hour,Y,Certified
EZYV13989,South America,Master's,N,N,2908,1916,Northeast,49411.88,Year,Y,Denied
EZYV7121,Europe,Doctorate,N,N,303,1981,Northeast,113658.69,Year,Y,Certified
EZYV14845,Europe,Master's,N,N,7607,1976,Northeast,47732.03,Year,Y,Denied
EZYV18281,Asia,Bachelor's,N,Y,1380,2012,West,69735.27,Year,Y,Certified
EZYV10216,Asia,Master's,N,N,1904,1990,Northeast,999.9195,Hour,Y,Denied
EZYV3197,Asia,High School,Y,N,168,2001,Northeast,144115.81,Year,Y,Denied
EZYV20597,Asia,Bachelor's,Y,N,3712,2012,Northeast,135642.72,Year,Y,Certified
EZYV15733,North America,Bachelor's,Y,N,2830,1985,Midwest,107597.12,Year,Y,Certified
EZYV16317,Asia,High School,Y,Y,3105,2001,West,119147.19,Year,Y,Certified
EZYV7843,Asia,Bachelor's,Y,N,2322,2012,South,37141.15,Year,Y,Certified
EZYV19231,Asia,Master's,Y,Y,2022,1990,Northeast,151306.19,Year,Y,Certified
EZYV10382,Asia,Doctorate,N,N,2789,1985,Midwest,156853.13,Year,Y,Certified
EZYV9210,Asia,Bachelor's,N,N,1164,2005,Midwest,26690.05,Year,Y,Certified
EZYV18215,Africa,Master's,Y,N,592,1928,South,93084.4,Year,Y,Certified
EZYV17319,Asia,Bachelor's,Y,N,3286,1994,South,55565.48,Year,Y,Denied
EZYV10362,Asia,Doctorate,N,N,1848,1987,Midwest,79992.17,Year,Y,Certified
EZYV21202,Asia,Master's,Y,N,3592,2014,South,35740.7,Year,Y,Certified
EZYV3740,Asia,Bachelor's,Y,N,1648,2005,South,358.8772,Hour,Y,Certified
EZYV20066,North America,Doctorate,Y,N,5091,1971,West,69466.84,Year,Y,Certified
EZYV551,Asia,Master's,N,N,4727,1834,Northeast,7777.55,Year,Y,Denied
EZYV20223,Asia,Bachelor's,N,Y,1421,2003,South,45740.96,Year,Y,Certified
EZYV20429,North America,Master's,Y,N,3981,2007,Northeast,58174.47,Year,Y,Certified
EZYV19764,Asia,Bachelor's,Y,N,1021,2009,Northeast,68012.06,Year,Y,Certified
EZYV12257,Asia,High School,N,N,5206,1998,South,44177.08,Year,Y,Denied
EZYV5808,Asia,Bachelor's,N,N,2300,2005,West,34180.42,Year,Y,Certified
EZYV10371,Asia,Master's,N,N,1465,1928,South,104440.2,Year,N,Certified
EZYV7365,Asia,Master's,Y,N,1106,2008,Midwest,51212.07,Year,Y,Certified
EZYV24780,Europe,Doctorate,N,Y,168,2001,West,29338.31,Year,Y,Certified
EZYV11935,South America,Master's,Y,N,2394,2009,Midwest,8769.69,Year,Y,Certified
EZYV24359,Asia,Bachelor's,Y,N,1434,1950,Northeast,60541.52,Year,N,Certified
EZYV15154,Asia,Master's,Y,N,1540,1904,South,17346.51,Year,Y,Certified
EZYV20030,Asia,Master's,Y,N,1349,1886,South,42728.42,Year,Y,Certified
EZYV22470,Asia,Bachelor's,N,Y,108,2005,South,100322.56,Year,Y,Certified
EZYV18837,Asia,Bachelor's,N,N,2158,2008,South,930.6453,Hour,Y,Denied
EZYV4620,Asia,Master's,N,N,2114,1968,Midwest,79217.68,Year,Y,Denied
EZYV9007,North America,Master's,Y,N,2786,2008,Northeast,128346.48,Year,N,Certified
EZYV8111,North America,Master's,N,N,5133,2002,West,32577.11,Year,Y,Denied
EZYV17036,Asia,Doctorate,Y,N,2702,1987,West,30297.67,Year,Y,Certified
EZYV5980,Europe,Master's,Y,N,2442,1866,Northeast,73416.08,Year,Y,Certified
EZYV11035,Oceania,High School,N,N,4332,2005,Northeast,110241.0,Year,Y,Denied
EZYV7366,South America,Bachelor's,Y,Y,1833,2005,West,110450.47,Year,Y,Denied
EZYV16607,Asia,Bachelor's,Y,N,678,1966,West,106678.6,Year,Y,Denied
EZYV7827,Asia,Bachelor's,N,N,1121,1974,South,5648.29,Year,Y,Denied
EZYV17052,Asia,Master's,N,Y,2731,1845,Midwest,109747.03,Year,Y,Certified
EZYV16837,Asia,Bachelor's,Y,N,3357,1984,Northeast,72073.37,Year,Y,Certified
EZYV5345,Asia,Doctorate,N,N,3665,1985,Northeast,127771.9,Year,N,Certified
EZYV14882,Asia,Master's,Y,N,1829,2001,Northeast,35984.8,Year,Y,Certified
EZYV23827,Asia,Bachelor's,Y,N,5067,1994,South,50846.91,Year,Y,Certified
EZYV8098,North America,Master's,Y,N,1570,1896,Northeast,624.0905,Hour,Y,Denied
EZYV4436,North America,High School,Y,N,2600,2011,West,108705.81,Year,Y,Certified
EZYV990,Europe,High School,Y,N,860,1988,South,70892.12,Year,Y,Certified
EZYV860,Asia,Master's,Y,N,4836,1991,West,18706.86,Year,Y,Certified
EZYV10747,Asia,Bachelor's,N,N,565,2014,West,110978.07,Year,Y,Certified
EZYV10205,North America,Master's,N,N,1591,1872,South,103.47,Hour,Y,Denied
EZYV18167,North America,Bachelor's,Y,N,816,2005,West,55306.67,Year,Y,Certified
EZYV21266,Asia,Bachelor's,N,N,1603,2008,West,16639.36,Year,Y,Certified
EZYV16392,Asia,Doctorate,N,N,681,1847,Northeast,91427.38,Year,Y,Certified
EZYV10958,North America,Master's,Y,N,2316,2004,South,35361.6,Year,N,Certified
EZYV22285,Asia,Bachelor's,Y,N,613,2001,West,5291.9,Year,Y,Certified
EZYV5041,Europe,Bachelor's,Y,N,1917,1998,Northeast,83476.78,Year,Y,Certified
EZYV4377,Asia,Bachelor's,N,Y,2121,1999,West,71142.72,Year,Y,Denied
EZYV6656,Europe,Master's,Y,N,3911,1995,West,31843.03,Year,Y,Certified
EZYV9352,Europe,Master's,Y,N,1725,2005,West,64646.41,Year,N,Denied
EZYV13726,Asia,Bachelor's,N,N,4688,2007,Northeast,593.1726,Hour,Y,Denied
EZYV15623,Asia,Bachelor's,Y,N,2529,2008,South,42123.93,Year,N,Certified
EZYV13699,North America,Bachelor's,N,N,286,2010,Northeast,279.0018,Hour,Y,Denied
EZYV2334,Europe,Bachelor's,N,Y,1539,1977,Midwest,105978.87,Year,Y,Certified
EZYV4429,Asia,Master's,Y,N,3384,1888,Northeast,642.6508,Hour,Y,Certified
EZYV3028,Asia,Master's,N,N,929,1993,Midwest,104711.91,Year,N,Denied
EZYV10591,South America,High School,Y,N,2741,1884,South,10578.76,Year,Y,Denied
EZYV15839,Asia,Master's,N,N,1811,1838,South,123970.66,Year,Y,Certified
EZYV12967,North America,Master's,Y,N,1232,2012,West,35014.22,Year,Y,Certified
EZYV8407,South America,Bachelor's,N,N,3956,2004,Northeast,58380.43,Year,Y,Denied
EZYV17238,Europe,Bachelor's,N,N,795,1994,Midwest,8429.99,Year,Y,Certified
EZYV6498,Asia,Bachelor's,N,N,128,2000,South,61396.5,Year,Y,Certified
EZYV6579,Asia,Doctorate,Y,N,2220,2012,Northeast,41018.57,Year,Y,Certified
EZYV24604,Asia,Master's,Y,N,34782,1989,South,85967.45,Year,Y,Certified
EZYV16131,Asia,Master's,Y,N,2991,1995,Midwest,122019.09,Year,Y,Certified
EZYV949,Asia,Master's,N,N,2621,1897,West,40552.46,Year,N,Denied
EZYV9974,Asia,Master's,N,N,1035,1984,Northeast,108.31,Hour,Y,Certified
EZYV3831,Europe,Bachelor's,N,N,2137,1985,South,40801.41,Year,Y,Certified
EZYV24150,Asia,Bachelor's,Y,N,4601,2000,Northeast,51146.13,Year,Y,Certified
EZYV9288,North America,Master's,Y,N,3196,1985,West,89146.5,Year,Y,Denied
EZYV21468,Asia,Master's,N,N,2683,2006,Northeast,134487.59,Year,N,Certified
EZYV2604,Asia,Master's,N,N,20932,1940,South,87322.87,Year,N,Denied
EZYV18126,Asia,Master's,N,Y,156,1995,South,122622.08,Year,Y,Denied
EZYV19197,Asia,Master's,N,N,878,2000,Northeast,137492.79,Year,Y,Denied
EZYV19521,Asia,High School,Y,N,339,1872,South,74280.78,Year,Y,Denied
EZYV21232,Europe,Doctorate,Y,N,1758,1978,Northeast,31651.06,Year,Y,Denied
EZYV192,Asia,Doctorate,Y,N,3726,1884,Northeast,111179.86,Year,N,Certified
EZYV4493,Asia,High School,Y,N,3459,2006,Northeast,126884.34,Year,N,Denied
EZYV24872,North America,Master's,Y,N,2256,1981,South,34618.14,Year,N,Certified
EZYV16526,Asia,High School,Y,N,2256,1981,Midwest,48090.19,Year,Y,Certified
EZYV16294,Asia,Bachelor's,N,N,3196,2001,Northeast,4519.36,Year,Y,Certified
EZYV9925,Asia,Bachelor's,Y,N,4416,1968,South,75993.59,Year,Y,Certified
EZYV6808,Asia,Bachelor's,Y,N,2936,2006,Midwest,125498.7,Year,Y,Denied
EZYV9944,Asia,Doctorate,N,N,2022,2006,Island,78381.48,Year,Y,Certified
EZYV8375,Asia,Master's,N,N,4161,2008,Midwest,138121.43,Year,Y,Certified
EZYV10046,Asia,Bachelor's,Y,N,2248,1984,Northeast,29465.08,Year,N,Denied
EZYV16475,Europe,Doctorate,Y,N,4329,2012,West,28993.15,Year,Y,Certified
EZYV25129,North America,High School,N,N,1975,1993,South,203.1459,Hour,Y,Denied
EZYV5053,Asia,Bachelor's,N,N,2429,2010,West,88501.31,Year,Y,Denied
EZYV24036,North America,Master's,Y,N,2744,2006,Northeast,125960.81,Year,Y,Certified
EZYV19908,Asia,High School,N,N,404,1837,Midwest,32683.51,Year,Y,Certified
EZYV11710,Asia,Bachelor's,N,N,3655,1988,Northeast,34988.75,Year,Y,Certified
EZYV22560,Asia,Master's,N,N,21021,1977,Northeast,164.0089,Hour,Y,Denied
EZYV12453,Asia,Bachelor's,Y,N,817,2006,South,33822.48,Year,Y,Certified
EZYV9840,Asia,Master's,Y,N,2885,2012,West,90701.36,Year,Y,Certified
EZYV3378,Asia,Master's,Y,N,4312,2001,West,85556.83,Year,N,Certified
EZYV24000,Asia,Master's,Y,N,4170,1885,Northeast,42426.36,Year,Y,Certified
EZYV2107,North America,Bachelor's,Y,N,724,2003,Northeast,45106.05,Year,N,Certified
EZYV12575,Asia,Master's,N,N,2563,1994,Midwest,77044.33,Year,Y,Certified
EZYV19093,Europe,High School,Y,N,1160,1885,West,24098.93,Year,Y,Certified
EZYV7654,Asia,Bachelor's,Y,N,18,2000,Northeast,110859.6,Year,Y,Denied
EZYV21091,Asia,High School,N,N,2495,2005,Midwest,110.51,Hour,Y,Denied
EZYV16779,Asia,Master's,Y,Y,3142,2008,Northeast,109314.55,Year,Y,Certified
EZYV13441,Europe,Master's,N,N,368,2005,South,31892.01,Year,Y,Certified
EZYV7041,North America,Bachelor's,Y,N,2461,1998,Northeast,27241.18,Year,Y,Denied
EZYV23578,Asia,Master's,N,N,2204,2006,Northeast,95554.04,Year,Y,Certified
EZYV5650,North America,High School,Y,N,4937,2004,West,19499.73,Year,N,Certified
EZYV17629,North America,Master's,Y,N,4318,2001,Northeast,6412.75,Year,Y,Certified
EZYV4562,Asia,Doctorate,N,Y,3689,1982,Northeast,35672.91,Year,Y,Denied
EZYV10344,Asia,High School,Y,N,4157,1999,Midwest,117620.38,Year,Y,Denied
EZYV10952,Asia,Bachelor's,N,N,1174,1998,West,26669.46,Year,Y,Denied
EZYV22918,North America,High School,N,N,501,1989,Midwest,74721.01,Year,Y,Denied
EZYV1797,Asia,Bachelor's,N,N,1695,1928,South,98700.87,Year,Y,Certified
EZYV517,Asia,Master's,Y,N,358352,2006,South,98124.95,Year,Y,Certified
EZYV7878,Asia,Bachelor's,Y,Y,2058,2009,South,38507.25,Year,Y,Denied
EZYV25366,Asia,Master's,N,N,2276,2010,South,125939.31,Year,Y,Denied
EZYV25355,Europe,Master's,N,Y,327,1994,South,57577.91,Year,Y,Certified
EZYV20713,North America,Bachelor's,N,N,3820,1998,West,163256.18,Year,N,Denied
EZYV4053,Asia,Bachelor's,N,N,2939,2001,Northeast,22239.1,Year,Y,Denied
EZYV6877,Europe,Master's,N,N,1428,1997,Northeast,27257.54,Year,Y,Certified
EZYV19895,Asia,Bachelor's,Y,N,821,2013,South,114364.02,Year,Y,Denied
EZYV23427,North America,Master's,Y,N,3725,2014,Northeast,46820.9,Year,Y,Certified
EZYV15595,North America,Bachelor's,Y,N,5258,2003,West,16183.87,Year,Y,Certified
EZYV6892,Asia,Master's,Y,N,578,2003,South,66386.78,Year,Y,Certified
EZYV8529,Asia,Master's,Y,N,2919,1998,Northeast,116275.24,Year,Y,Certified
EZYV15808,Asia,High School,Y,N,1721,2007,South,37829.97,Year,Y,Denied
EZYV7652,Asia,Master's,Y,N,717,2007,South,85431.43,Year,Y,Certified
EZYV2429,Asia,High School,Y,N,970,2000,Midwest,247009.24,Year,Y,Certified
EZYV16814,Africa,Master's,Y,N,10107,2003,Northeast,148571.16,Year,Y,Certified
EZYV281,Asia,Bachelor's,N,N,2061,1995,West,20951.91,Year,Y,Denied
EZYV6831,North America,Master's,Y,N,781,2012,West,102403.56,Year,Y,Denied
EZYV21214,Asia,Bachelor's,Y,Y,2665,1977,South,36586.04,Year,Y,Certified
EZYV5460,Asia,Bachelor's,N,N,1159,1995,South,25521.38,Year,Y,Denied
EZYV12899,Asia,Bachelor's,Y,N,1511,1998,South,147846.17,Year,Y,Denied
EZYV24071,Asia,Bachelor's,N,N,3644,1986,Northeast,22716.32,Year,Y,Denied
EZYV10965,Europe,Master's,N,N,1088,2010,Northeast,28730.34,Year,Y,Denied
EZYV19393,Asia,Master's,N,N,5444,2002,West,33076.21,Year,Y,Denied
EZYV12787,Asia,Bachelor's,Y,N,1187,2011,South,68051.06,Year,Y,Certified
EZYV732,Asia,High School,N,N,28279,1968,West,91822.75,Year,N,Denied
EZYV17419,Asia,Bachelor's,Y,N,3952,1969,South,33260.72,Year,Y,Certified
EZYV10889,Asia,High School,Y,N,1751,1968,Midwest,22916.38,Year,Y,Denied
EZYV4522,Asia,High School,N,N,2035,1985,South,71605.64,Year,Y,Denied
EZYV15079,Asia,Master's,Y,N,2378,2007,Northeast,129122.1,Year,N,Certified
EZYV22345,Asia,Master's,N,N,472,1963,Northeast,70120.86,Year,Y,Denied
EZYV18674,Asia,Doctorate,N,Y,565,2005,West,99946.46,Year,Y,Denied
EZYV1495,Europe,Doctorate,N,Y,911,2010,South,78245.18,Year,Y,Certified
EZYV18874,North America,Master's,N,N,4914,1999,West,4639.83,Year,N,Denied
EZYV16379,Asia,High School,N,N,2627,2015,Midwest,82526.87,Year,Y,Certified
EZYV7302,Asia,Master's,Y,N,1217,1998,South,53718.41,Year,N,Certified
EZYV17315,Asia,Bachelor's,Y,N,421,2010,South,62073.89,Year,Y,Certified
EZYV2809,North America,Bachelor's,Y,N,1652,1880,Midwest,238.0375,Hour,Y,Denied
EZYV161,Europe,Doctorate,Y,Y,1200,2013,Midwest,81816.46,Year,Y,Certified
EZYV7315,Asia,Bachelor's,Y,N,387,2009,West,91969.56,Year,Y,Denied
EZYV4333,Asia,Master's,N,N,2333,1978,South,91081.82,Year,Y,Denied
EZYV13576,Asia,High School,Y,N,746,1999,Midwest,180166.68,Year,Y,Denied
EZYV6205,North America,Bachelor's,N,N,1361,2004,South,92231.75,Year,Y,Certified
EZYV16834,Africa,Master's,N,N,4850,1998,Midwest,95281.14,Year,Y,Certified
EZYV6542,Asia,Bachelor's,Y,N,4625,1917,Midwest,131826.56,Year,Y,Certified
EZYV6346,Europe,Bachelor's,Y,N,3237,1817,South,59869.04,Year,Y,Certified
EZYV17217,Europe,Bachelor's,N,N,1085,1854,Northeast,25982.07,Year,Y,Certified
EZYV2059,Asia,Master's,Y,N,129,1997,West,72055.54,Year,Y,Certified
EZYV22215,Europe,Doctorate,Y,N,905,2009,West,135768.43,Year,Y,Denied
EZYV24596,Asia,Master's,N,N,1997,1995,Northeast,97603.99,Year,Y,Denied
EZYV17372,Asia,Bachelor's,Y,N,23975,1998,Midwest,75849.81,Year,Y,Denied
EZYV11610,Asia,Bachelor's,Y,N,9268,2003,West,31416.69,Year,Y,Denied
EZYV14353,Asia,Bachelor's,Y,N,2034,2008,South,8083.2,Year,Y,Certified
EZYV10690,Africa,Master's,N,N,2037,1992,South,73328.34,Year,N,Certified
EZYV23345,Europe,Doctorate,N,N,882,2013,Northeast,6574.39,Year,Y,Certified
EZYV2065,Asia,Bachelor's,Y,N,327,2009,Northeast,75659.68,Year,Y,Certified
EZYV22571,North America,Bachelor's,Y,N,1329,1978,West,9283.53,Year,Y,Certified
EZYV7524,Asia,Bachelor's,Y,N,1373,2013,South,63013.28,Year,Y,Denied
EZYV21438,Asia,Master's,N,N,2791,1981,South,149.57,Hour,Y,Denied
EZYV7892,North America,Master's,Y,N,5085,1955,South,65327.25,Year,Y,Certified
EZYV17444,Asia,Master's,N,N,3750,1908,Midwest,236184.68,Year,N,Certified
EZYV14619,Asia,Master's,Y,N,633,2007,West,360.0052,Hour,Y,Certified
EZYV21674,Africa,Master's,Y,N,1953,1896,Midwest,222177.4,Year,N,Certified
EZYV14084,Asia,High School,N,N,615,1848,Midwest,95717.02,Year,Y,Denied
EZYV2996,Asia,Bachelor's,Y,Y,3765,2001,South,359.9641,Hour,Y,Certified
EZYV12270,Asia,Bachelor's,N,N,2648,1999,South,62649.24,Year,Y,Denied
EZYV10986,Asia,Doctorate,N,N,4415,2001,West,27726.14,Year,Y,Certified
EZYV409,Asia,Doctorate,Y,N,3659,1876,South,81806.42,Year,Y,Certified
EZYV16363,Asia,Master's,Y,N,645,1979,Island,72250.41,Year,Y,Certified
EZYV6313,Asia,Bachelor's,N,N,1463,1964,South,73495.67,Year,Y,Denied
EZYV13340,Europe,High School,N,N,894,1869,South,66696.57,Year,Y,Denied
EZYV18438,Africa,Master's,N,N,1760,2005,Midwest,39065.01,Year,Y,Certified
EZYV16619,Asia,Master's,Y,N,1165,2004,West,128854.16,Year,Y,Denied
EZYV23503,Asia,Master's,N,N,4347,2002,West,82559.72,Month,N,Denied
EZYV18872,Asia,Bachelor's,N,N,426,1939,Midwest,67796.05,Year,Y,Certified
EZYV13831,Asia,High School,N,Y,1713,2010,West,112952.99,Year,Y,Denied
EZYV200,Europe,Master's,Y,N,7320,1868,Northeast,89207.07,Year,Y,Certified
EZYV15066,Asia,Bachelor's,Y,N,1218,1924,Midwest,78506.57,Year,Y,Certified
EZYV22665,North America,Bachelor's,N,N,4330,2003,Midwest,117127.15,Year,N,Certified
EZYV1773,North America,Bachelor's,N,N,2753,1999,Northeast,40174.7,Year,Y,Denied
EZYV9237,Europe,High School,Y,Y,9120,1907,West,126693.97,Year,Y,Denied
EZYV13421,Asia,Master's,Y,N,2415,2005,Midwest,139157.76,Year,Y,Certified
EZYV14178,Asia,High School,Y,N,4415,1966,South,150967.51,Year,N,Denied
EZYV7999,North America,Master's,N,N,2549,1953,Northeast,35645.85,Year,Y,Denied
EZYV8569,Asia,Master's,N,N,2911,2004,Midwest,78687.98,Year,Y,Certified
EZYV8581,Asia,Master's,Y,N,1247,1838,Midwest,44960.77,Year,Y,Certified
EZYV21943,Asia,Bachelor's,Y,N,2203,2006,West,439.6214,Hour,Y,Denied
EZYV11493,Asia,Master's,Y,N,1192,1875,Midwest,142491.62,Year,Y,Certified
EZYV8588,Asia,Bachelor's,Y,N,2992,2000,South,73801.99,Year,Y,Certified
EZYV11198,Asia,Bachelor's,N,Y,2585,1886,Midwest,88224.01,Year,Y,Denied
EZYV24394,Asia,Bachelor's,Y,N,18198,2009,West,88974.97,Year,Y,Certified
EZYV13586,North America,Master's,Y,N,3285,2005,South,26539.65,Year,Y,Certified
EZYV22858,Asia,Doctorate,N,Y,878,1971,West,78938.68,Year,Y,Certified
EZYV16473,Asia,Bachelor's,N,N,28006,1947,Northeast,116510.14,Year,Y,Certified
EZYV19844,Asia,Master's,Y,N,2119,1920,South,9782.22,Year,Y,Certified
EZYV12504,Asia,Bachelor's,Y,N,576,1997,South,140565.52,Year,Y,Denied
EZYV22400,Asia,Master's,N,N,1930,1986,South,278250.32,Year,N,Certified
EZYV12387,Asia,Master's,Y,N,29163,1999,Northeast,136271.3,Year,Y,Certified
EZYV10652,Europe,Bachelor's,Y,N,3368,1952,South,89178.76,Year,Y,Denied
EZYV9491,Europe,Bachelor's,Y,N,2855,2013,West,35298.8,Year,Y,Certified
EZYV10575,South America,Master's,Y,N,499,1997,Northeast,128720.83,Year,Y,Denied
EZYV23452,Asia,High School,Y,N,2008,2009,Northeast,95147.62,Year,Y,Denied
EZYV5434,North America,Bachelor's,Y,N,3331,2014,Northeast,38929.61,Year,Y,Denied
EZYV2321,Asia,Master's,Y,N,3334,1987,South,108104.55,Year,N,Certified
EZYV12830,Asia,Master's,N,N,292,2009,Midwest,125732.19,Year,N,Denied
EZYV23726,Asia,Master's,N,N,1268,2007,South,48022.66,Year,N,Certified
EZYV851,Asia,Bachelor's,N,N,4077,2010,Northeast,746.5986,Hour,Y,Denied
EZYV13514,Asia,Bachelor's,Y,N,3740,1987,South,89640.92,Year,Y,Certified
EZYV17811,South America,Bachelor's,N,N,219,1917,West,850.2,Hour,Y,Denied
EZYV13354,Asia,High School,Y,N,1799,1999,Midwest,111612.97,Year,Y,Denied
EZYV24937,North America,Bachelor's,N,N,3176,1998,South,20898.29,Year,N,Denied
EZYV17808,Asia,Bachelor's,N,N,1746,1997,Midwest,140257.4,Year,Y,Certified
EZYV9536,Asia,Master's,N,N,2441,1991,Midwest,139063.37,Year,Y,Certified
EZYV18550,Asia,Master's,Y,N,3209,2004,West,143203.11,Year,N,Certified
EZYV5208,North America,Bachelor's,Y,N,186,1983,South,872.5932,Hour,Y,Denied
EZYV7428,Asia,Bachelor's,Y,N,130259,1984,Midwest,227360.23,Year,Y,Denied
EZYV8202,Africa,High School,N,N,3556,1985,Northeast,54871.56,Year,Y,Denied
EZYV21167,Asia,Bachelor's,Y,N,3211,2002,Northeast,242673.44,Year,Y,Certified
EZYV12140,North America,Bachelor's,Y,N,2190,2013,South,129276.92,Year,Y,Certified
EZYV9964,North America,Master's,N,N,4826,1983,South,117228.09,Year,N,Certified
EZYV10794,Asia,Master's,Y,N,3589,2007,South,117373.35,Year,Y,Certified
EZYV20377,Asia,Master's,N,N,2077,1862,Northeast,113.88,Hour,Y,Denied
EZYV14366,Asia,Bachelor's,Y,N,3504,1884,West,79781.32,Year,Y,Denied
EZYV7944,Asia,Bachelor's,N,N,986,2000,Midwest,128.6745,Hour,Y,Denied
EZYV16075,Asia,Doctorate,N,N,1786,1974,Northeast,919.3176,Hour,Y,Certified
EZYV8341,Asia,Bachelor's,Y,N,946,2001,South,34213.79,Year,Y,Denied
EZYV4504,Asia,Master's,N,N,270,1980,South,245819.17,Year,N,Denied
EZYV5065,Asia,Master's,Y,N,6509,2002,South,3511.73,Year,Y,Certified
EZYV16141,Asia,Master's,N,Y,3054,1885,South,113419.39,Year,Y,Certified
EZYV9874,North America,Master's,Y,N,1858,2001,South,338.0171,Hour,Y,Denied
EZYV13088,Asia,Doctorate,N,N,106,1979,Northeast,67655.16,Year,Y,Certified
EZYV22350,Asia,Bachelor's,N,N,3663,2000,West,104370.01,Year,Y,Certified
EZYV15753,South America,High School,Y,N,2516,1995,West,34293.61,Year,Y,Denied
EZYV6460,Asia,Bachelor's,Y,Y,1596,2011,West,59814.93,Year,Y,Certified
EZYV23973,Asia,Bachelor's,Y,N,4954,2000,Midwest,158422.04,Year,Y,Certified
EZYV3349,Asia,Master's,Y,N,834,1987,Northeast,151599.84,Year,N,Certified
EZYV22887,South America,Master's,Y,N,61546,2013,South,3161.14,Year,Y,Certified
EZYV9182,Asia,Bachelor's,Y,N,2543,1914,Northeast,72952.02,Year,Y,Certified
EZYV24314,Asia,Master's,Y,N,15468,2007,West,15968.4,Year,Y,Denied
EZYV19339,Asia,Doctorate,Y,N,4698,2001,Midwest,54115.48,Year,Y,Certified
EZYV7692,Asia,Bachelor's,N,N,1040,1959,Northeast,92202.27,Year,Y,Denied
EZYV21046,Asia,Bachelor's,Y,N,3342,2004,Northeast,51414.73,Year,Y,Certified
EZYV3796,North America,Master's,N,N,2920,1981,South,831.6139,Hour,Y,Denied
EZYV8994,Asia,Master's,Y,N,2801,1999,West,111258.45,Year,Y,Certified
EZYV19693,South America,Master's,N,N,1890,2013,West,152.16,Hour,Y,Denied
EZYV3311,Asia,Master's,N,N,2008,1956,West,165421.04,Month,Y,Denied
EZYV4955,Europe,Doctorate,Y,N,3140,1940,West,5947.12,Year,Y,Certified
EZYV11205,Asia,Master's,Y,N,3924,1991,South,58411.82,Year,Y,Certified
EZYV13909,North America,Bachelor's,N,N,1678,1984,Northeast,77116.93,Year,Y,Denied
EZYV23410,Asia,High School,N,N,2177,2000,Midwest,203529.18,Year,Y,Certified
EZYV3632,Asia,Doctorate,Y,N,2342,2001,West,112419.41,Year,Y,Certified
EZYV21900,Europe,Doctorate,Y,Y,942,1989,South,96849.08,Year,Y,Denied
EZYV1042,Asia,Master's,Y,N,962,1872,South,25041.81,Year,Y,Certified
EZYV17842,Asia,Bachelor's,N,Y,504,1898,West,118174.8,Year,Y,Certified
EZYV17381,Asia,Master's,Y,N,711,2006,Northeast,74525.73,Year,Y,Certified
EZYV7969,Asia,Bachelor's,N,N,2181,1957,Northeast,116154.55,Year,Y,Denied
EZYV12727,North America,Bachelor's,N,N,975,1997,South,213917.15,Year,Y,Denied
EZYV1572,North America,Bachelor's,N,N,4163,1993,Northeast,152757.17,Year,N,Denied
EZYV11445,Asia,High School,N,N,2121,1838,South,113239.94,Year,Y,Denied
EZYV9538,Asia,Bachelor's,Y,N,6041,1968,Northeast,60317.14,Year,Y,Certified
EZYV14886,Asia,Master's,N,N,2800,1995,South,75561.72,Year,Y,Denied
EZYV1260,Asia,Bachelor's,Y,N,337,1990,South,240266.34,Year,Y,Certified
EZYV18055,South America,Master's,N,N,957,2005,West,85454.66,Year,Y,Denied
EZYV23139,Asia,Master's,Y,N,184,1985,South,87789.99,Year,N,Certified
EZYV23679,Asia,High School,Y,Y,1921,2000,West,87532.2,Year,Y,Certified
EZYV18,Asia,Master's,Y,N,2747,2001,West,16132.61,Year,Y,Certified
EZYV19212,North America,High School,Y,N,2534,2007,Northeast,23203.41,Year,Y,Certified
EZYV13257,Asia,Master's,Y,N,1461,1989,Northeast,127535.86,Year,Y,Certified
EZYV22403,Europe,Bachelor's,N,N,69015,2008,South,47675.74,Year,Y,Denied
EZYV19429,Europe,Bachelor's,N,Y,742,1947,Northeast,63719.3,Year,Y,Denied
EZYV8390,Asia,Bachelor's,Y,N,1260,1996,Midwest,106925.54,Year,N,Denied
EZYV9173,Asia,Bachelor's,Y,N,4255,2001,Northeast,615.4815,Hour,Y,Denied
EZYV14420,Asia,Master's,Y,N,2191,2008,South,96860.0,Year,Y,Certified
EZYV20764,Asia,Master's,N,Y,1346,1976,South,57294.25,Year,Y,Certified
EZYV1356,Asia,Bachelor's,Y,N,452,1987,Northeast,68427.15,Year,Y,Certified
EZYV160,Asia,High School,Y,N,2510,1920,Midwest,125323.7,Year,Y,Certified
EZYV20350,Asia,High School,Y,N,5353,1996,Northeast,18799.76,Year,Y,Certified
EZYV6815,Asia,Master's,N,N,2144,1862,West,217.2719,Hour,N,Certified
EZYV5199,Asia,Bachelor's,Y,N,4322,2010,South,130396.85,Year,Y,Certified
EZYV5770,Asia,Bachelor's,Y,N,5137,1963,West,29118.39,Year,Y,Certified
EZYV19232,Asia,Master's,N,N,2894,1999,Midwest,135177.36,Year,Y,Certified
EZYV917,South America,Master's,N,N,481,1866,Northeast,10355.64,Year,Y,Denied
EZYV7152,Asia,Bachelor's,Y,Y,1255,2007,Midwest,143886.02,Year,Y,Certified
EZYV11807,North America,Bachelor's,N,N,1880,1999,West,57715.82,Year,Y,Denied
EZYV22697,Asia,Bachelor's,N,N,1333,1990,Midwest,112054.59,Year,Y,Denied
EZYV23764,Asia,High School,N,N,1045,1954,Midwest,75386.54,Year,Y,Certified
EZYV11668,Asia,Master's,N,N,3899,1995,South,108398.51,Year,N,Certified
EZYV12852,Asia,Bachelor's,N,Y,2082,2007,West,166060.75,Year,Y,Certified
EZYV8291,Europe,Doctorate,Y,N,4074,1973,Northeast,74259.66,Year,Y,Certified
EZYV21432,Asia,Bachelor's,N,N,1576,1947,Northeast,106271.32,Year,Y,Certified
EZYV6782,Asia,Bachelor's,N,Y,67276,2006,South,34676.28,Year,Y,Certified
EZYV975,Asia,Bachelor's,Y,N,2681,2008,South,79079.87,Year,Y,Certified
EZYV1333,Europe,Master's,N,N,4198,2006,West,54240.94,Year,Y,Certified
EZYV12154,Asia,Master's,Y,Y,1048,2001,Northeast,73275.41,Year,Y,Certified
EZYV20262,Asia,Bachelor's,Y,N,4516,1998,West,163686.54,Year,Y,Denied
EZYV11847,Asia,Master's,Y,N,1427,1998,South,301.8538,Hour,Y,Certified
EZYV21470,Asia,Bachelor's,Y,N,1992,2004,West,56852.0,Year,Y,Denied
EZYV17291,Asia,Master's,Y,N,1305,2011,Midwest,221669.11,Year,N,Denied
EZYV5567,Asia,Master's,N,N,200,1989,South,22019.76,Year,N,Certified
EZYV16671,Europe,Doctorate,N,N,2594,1979,South,67437.92,Year,Y,Certified
EZYV24486,Asia,Bachelor's,Y,N,707,2006,Northeast,106817.92,Year,Y,Certified
EZYV3273,Europe,Bachelor's,Y,N,2597,1947,Northeast,45509.25,Year,Y,Certified
EZYV23707,Asia,Master's,Y,N,1506,2004,South,87728.95,Year,N,Certified
EZYV3681,Asia,Bachelor's,N,N,4220,2007,West,140652.85,Year,Y,Denied
EZYV2725,Europe,Master's,Y,N,1229,1930,Northeast,22250.63,Month,Y,Certified
EZYV16596,Asia,Doctorate,Y,N,2505,1990,West,65661.83,Year,Y,Certified
EZYV2387,Asia,Master's,Y,N,1042,1979,Northeast,31801.84,Year,Y,Certified
EZYV19582,North America,Bachelor's,N,N,1301,2004,Northeast,197.9846,Hour,Y,Denied
EZYV14234,Asia,High School,Y,N,3433,1998,Midwest,127209.06,Year,Y,Denied
EZYV17387,Oceania,High School,Y,N,3674,1950,South,38544.95,Year,Y,Denied
EZYV19897,Africa,Master's,Y,N,1143,1863,West,74217.35,Year,Y,Certified
EZYV571,Asia,Bachelor's,Y,N,1268,2001,South,7439.91,Year,Y,Certified
EZYV8359,Asia,Bachelor's,Y,N,2253,1990,West,60749.34,Year,Y,Certified
EZYV16979,Asia,High School,Y,N,606,1993,West,51381.2,Year,Y,Denied
EZYV9476,Asia,Bachelor's,Y,N,5019,2010,South,7406.8,Year,Y,Certified
EZYV20680,Asia,Master's,Y,N,1097,2008,South,26263.11,Year,Y,Certified
EZYV21068,Asia,Master's,Y,N,1999,1998,Northeast,13485.12,Year,Y,Certified
EZYV1473,Europe,Doctorate,Y,N,1561,1800,South,43420.11,Year,Y,Certified
EZYV8377,Asia,Bachelor's,Y,N,1989,1987,West,122349.51,Year,Y,Denied
EZYV12430,Asia,Master's,N,N,3423,1991,West,7755.25,Year,Y,Denied
EZYV16400,North America,Master's,N,Y,2531,1993,Northeast,68925.19,Year,Y,Certified
EZYV16434,North America,Bachelor's,N,N,969,1970,West,135763.92,Year,Y,Certified
EZYV25212,Asia,Master's,Y,N,1542,1999,Northeast,112899.31,Year,Y,Certified
EZYV24099,Asia,High School,N,N,295,1949,Midwest,232068.71,Year,Y,Certified
EZYV22950,Asia,Bachelor's,Y,N,3972,2007,West,94419.08,Year,Y,Certified
EZYV9463,Asia,Bachelor's,N,N,1385,1968,South,53925.14,Year,Y,Certified
EZYV5358,Asia,Master's,N,N,5598,1996,West,76264.25,Year,N,Certified
EZYV11879,North America,Bachelor's,N,Y,4846,1981,West,87843.94,Year,Y,Certified
EZYV12904,Asia,High School,Y,N,1416,1870,South,106771.39,Year,Y,Denied
EZYV3861,Asia,Master's,Y,N,6308,1837,Northeast,101249.13,Year,Y,Certified
EZYV15027,Asia,Master's,Y,N,5578,2007,Northeast,73920.82,Year,Y,Certified
EZYV4567,Asia,Bachelor's,N,N,1769,1969,Northeast,90964.89,Year,Y,Denied
EZYV14876,Asia,High School,Y,N,2111,2007,Northeast,70362.99,Year,Y,Denied
EZYV3139,North America,Bachelor's,Y,N,1305,1994,West,203915.7,Year,Y,Certified
EZYV5254,Asia,Master's,N,N,922,1992,South,224.1068,Hour,Y,Certified
EZYV24637,Asia,Master's,N,Y,1744,1980,South,84812.35,Year,Y,Certified
EZYV6375,Europe,Bachelor's,N,N,1095,2010,West,144469.47,Year,Y,Certified
EZYV2919,Asia,Master's,Y,N,-26,2005,Midwest,112799.46,Year,Y,Certified
EZYV18472,North America,High School,Y,N,320,2013,Northeast,28608.06,Year,Y,Denied
EZYV13907,North America,Master's,Y,N,35861,2009,Northeast,116782.48,Year,Y,Certified
EZYV9723,Asia,Bachelor's,N,N,4870,1855,Northeast,764.8895,Hour,Y,Certified
EZYV146,Europe,Bachelor's,Y,N,1810,1943,South,13322.72,Year,Y,Certified
EZYV9504,Asia,Bachelor's,N,N,3039,2007,Northeast,129954.04,Year,Y,Denied
EZYV1150,Asia,Bachelor's,Y,N,3085,2010,South,68707.76,Year,Y,Certified
EZYV16669,Asia,Master's,N,N,3393,1997,West,87961.08,Year,N,Denied
EZYV9745,North America,Bachelor's,Y,Y,1234,1997,South,124993.47,Year,Y,Denied
EZYV20501,Asia,Bachelor's,Y,N,3023,2009,West,606.7502,Hour,Y,Denied
EZYV13827,Asia,Doctorate,Y,N,3446,1994,West,141407.77,Year,Y,Certified
EZYV16836,Asia,Master's,Y,N,3228,2001,South,263400.0,Year,Y,Certified
EZYV22187,Asia,High School,Y,N,862,2007,South,147164.07,Year,Y,Denied
EZYV22230,Asia,Bachelor's,N,N,6074,2006,Northeast,122323.65,Year,N,Denied
EZYV4297,Asia,Bachelor's,Y,N,3342,2001,Northeast,20180.49,Year,Y,Certified
EZYV7854,Asia,High School,Y,N,2362,1909,Northeast,48108.57,Week,N,Denied
EZYV7057,Asia,Master's,N,N,459,1998,Island,154682.53,Year,N,Certified
EZYV20467,Asia,Bachelor's,Y,N,2843,2008,West,110440.79,Year,N,Certified
EZYV766,Asia,Master's,Y,Y,1787,2006,West,65500.19,Year,Y,Certified
EZYV16553,North America,Bachelor's,N,N,3783,1949,South,463.4244,Hour,Y,Denied
EZYV10004,North America,Master's,Y,N,1343,2004,West,57317.07,Year,Y,Certified
EZYV16993,Asia,Master's,Y,N,2151,1996,Midwest,273025.14,Year,Y,Certified
EZYV7761,Asia,Bachelor's,N,N,1356,1971,Northeast,735.9425,Hour,Y,Denied
EZYV8477,Europe,Master's,Y,N,603,2007,West,38893.46,Year,Y,Certified
EZYV2521,Asia,Bachelor's,N,N,2036,1998,West,140.82,Hour,Y,Denied
EZYV7709,Asia,Bachelor's,N,N,1491,2000,West,3298.45,Year,Y,Certified
EZYV23542,North America,Master's,Y,N,1992,1999,Midwest,100934.63,Year,Y,Certified
EZYV21799,Europe,High School,Y,N,3014,1947,West,55670.91,Year,Y,Certified
EZYV17728,Asia,Bachelor's,Y,N,3095,2001,South,138636.86,Year,Y,Certified
EZYV15424,Asia,Master's,N,N,339,1997,Northeast,47808.3,Year,Y,Certified
EZYV8185,North America,Master's,N,Y,1476,1986,Island,98052.59,Year,Y,Denied
EZYV3976,Asia,High School,N,N,2111,2004,Midwest,150308.23,Year,Y,Denied
EZYV5529,North America,Doctorate,Y,N,4345,1992,Northeast,16174.59,Year,Y,Certified
EZYV8493,Asia,Master's,N,N,3640,1988,Midwest,129554.24,Year,Y,Certified
EZYV22062,Asia,Master's,Y,N,5107,2000,Northeast,59841.28,Year,Y,Denied
EZYV13273,Asia,Master's,Y,N,360,1856,Midwest,152860.14,Year,Y,Certified
EZYV22597,North America,Doctorate,N,N,4731,2008,Island,95294.15,Year,Y,Certified
EZYV19222,Africa,Master's,N,N,6084,1996,Midwest,91868.48,Year,Y,Certified
EZYV24956,Asia,Master's,Y,N,1844,2012,Northeast,41243.26,Year,Y,Certified
EZYV11720,Asia,Bachelor's,Y,N,1908,1981,Midwest,13380.32,Year,Y,Certified
EZYV24922,Asia,Master's,Y,N,1938,1978,West,105572.14,Year,Y,Denied
EZYV15978,Asia,Bachelor's,N,N,3034,2003,South,11.4219,Hour,Y,Certified
EZYV6167,Asia,Master's,N,N,233,1936,Northeast,27924.9,Year,Y,Certified
EZYV20535,Europe,Doctorate,N,Y,4078,1923,West,60223.5,Year,Y,Denied
EZYV7531,North America,Bachelor's,N,N,1409,1861,South,89.4706,Hour,Y,Certified
EZYV20250,North America,Master's,Y,N,4725,2010,Northeast,19987.93,Year,Y,Certified
EZYV8348,Asia,Bachelor's,Y,N,142,1989,Northeast,127765.0,Year,N,Denied
EZYV8128,Europe,Bachelor's,N,N,13524,1968,West,74062.83,Year,Y,Certified
EZYV25430,North America,High School,N,N,2218,1975,South,102111.84,Year,Y,Certified
EZYV15479,Europe,Master's,Y,N,4417,1992,West,113132.97,Year,Y,Certified
EZYV633,Asia,Master's,Y,N,1261,1975,Northeast,28023.68,Year,Y,Certified
EZYV14829,Asia,Bachelor's,Y,N,2893,2001,Island,73518.61,Year,Y,Certified
EZYV20849,Africa,Master's,Y,N,2104,1999,West,92877.33,Year,Y,Certified
EZYV9892,Asia,Bachelor's,N,N,1275,2013,Midwest,92740.98,Year,Y,Certified
EZYV19245,Europe,Master's,N,Y,3266,1994,Midwest,63735.83,Year,Y,Certified
EZYV4554,Europe,Bachelor's,Y,N,3160,2002,South,816.3723,Hour,Y,Denied
EZYV18675,North America,Master's,Y,N,363,2001,South,254.8773,Hour,Y,Certified
EZYV4735,Asia,Master's,N,N,661,1887,Northeast,441.5777,Hour,Y,Certified
EZYV14402,Europe,Bachelor's,N,N,1248,1945,West,38310.61,Year,Y,Certified
EZYV20027,North America,Master's,Y,N,2509,2000,Northeast,14390.75,Month,Y,Denied
EZYV15636,Asia,Master's,Y,N,2978,2003,Midwest,244202.66,Year,Y,Certified
EZYV1456,Africa,High School,Y,N,622,1999,South,32900.4,Year,Y,Certified
EZYV1137,Asia,Doctorate,N,N,9043,1963,South,880.4029,Hour,Y,Certified
EZYV14124,Asia,Master's,Y,N,1087,1984,Midwest,107005.5,Year,Y,Certified
EZYV4603,Asia,Bachelor's,N,N,5805,1967,West,236316.36,Year,Y,Denied
EZYV21286,Europe,Doctorate,Y,N,4011,2004,South,45331.18,Year,Y,Certified
EZYV5012,Europe,Master's,Y,N,871,2005,West,36776.98,Year,Y,Certified
EZYV4940,Asia,High School,N,N,1336,2004,West,93153.75,Year,Y,Denied
EZYV22549,Asia,Bachelor's,Y,N,2327,1998,West,241928.36,Year,Y,Certified
EZYV22842,Asia,Bachelor's,Y,N,5070,2007,South,119053.22,Year,Y,Certified
EZYV6344,Asia,Master's,Y,N,2588,2008,Northeast,49520.41,Year,Y,Certified
EZYV12227,Oceania,High School,Y,Y,4552,2008,West,146780.61,Year,Y,Denied
EZYV18570,Asia,Bachelor's,Y,N,504,2003,West,28524.69,Year,Y,Certified
EZYV7324,South America,Bachelor's,Y,N,1328,1946,South,122051.04,Year,Y,Certified
EZYV3559,North America,Master's,N,N,1550,2009,Northeast,198.4095,Hour,Y,Denied
EZYV18179,Oceania,Bachelor's,Y,N,112,1963,West,127778.82,Year,Y,Certified
EZYV4476,Asia,Master's,N,N,2069,2004,Northeast,134029.15,Year,Y,Denied
EZYV23282,Africa,Master's,N,N,1775,1932,South,141249.66,Year,N,Certified
EZYV24551,Asia,Master's,Y,N,750,2005,Midwest,95660.05,Year,Y,Certified
EZYV4584,Europe,High School,N,Y,3350,1991,West,43939.01,Year,Y,Denied
EZYV6461,Asia,Master's,N,N,1508,2001,South,61384.05,Year,Y,Certified
EZYV14476,Asia,High School,Y,N,667,2000,Northeast,99551.16,Year,Y,Denied
EZYV9170,Europe,High School,Y,Y,5761,1934,Northeast,69796.33,Year,Y,Denied
EZYV5845,North America,Master's,N,N,2562,1998,Northeast,121205.41,Year,Y,Certified
EZYV22262,Asia,Master's,N,Y,849,2006,West,94410.25,Year,Y,Certified
EZYV7441,Asia,Master's,N,N,3681,2005,South,47822.22,Year,Y,Certified
EZYV1136,Europe,Doctorate,N,N,446,1958,Northeast,75854.49,Year,Y,Certified
EZYV16153,Asia,Bachelor's,Y,N,102284,2008,West,204.8606,Hour,Y,Denied
EZYV17634,Asia,Master's,Y,N,2055,1978,Midwest,109808.24,Year,Y,Certified
EZYV7882,Oceania,Bachelor's,N,N,3706,1986,Midwest,114482.8,Year,Y,Denied
EZYV12983,South America,Bachelor's,Y,N,4113,1978,Midwest,177.69,Hour,Y,Certified
EZYV14877,Europe,High School,Y,N,2837,1892,Northeast,6816.23,Year,Y,Denied
EZYV17317,Asia,Master's,Y,N,140,2004,South,191718.29,Year,Y,Certified
EZYV18585,Asia,High School,Y,N,267864,1946,South,143295.11,Year,Y,Denied
EZYV21219,Asia,Master's,N,N,4092,1852,South,147550.66,Year,Y,Denied
EZYV4755,Asia,Bachelor's,N,N,361,2002,West,104585.4,Year,Y,Denied
EZYV14798,Asia,Bachelor's,N,N,393,2001,West,83853.08,Year,Y,Denied
EZYV5540,North America,Master's,N,N,5331,2005,Midwest,136598.28,Year,N,Certified
EZYV21437,Asia,Master's,Y,N,3098,1978,Northeast,32233.42,Year,Y,Denied
EZYV6573,Europe,Doctorate,Y,N,3020,2005,Northeast,77088.4,Year,Y,Certified
EZYV22316,Asia,Master's,Y,N,3171,1945,West,45016.79,Year,Y,Denied
EZYV5754,Africa,High School,N,N,1909,2000,West,5495.99,Year,Y,Denied
EZYV16364,Asia,Master's,N,N,1656,2004,South,329.4607,Hour,Y,Denied
EZYV11122,Asia,Bachelor's,N,Y,6054,1903,South,85446.1,Year,Y,Certified
EZYV20935,Asia,Master's,N,N,1629,2009,South,89327.73,Year,Y,Denied
EZYV17066,Asia,Master's,Y,N,3257,2006,South,78551.58,Year,N,Certified
EZYV24563,South America,Master's,Y,N,2637,1912,South,69739.92,Year,Y,Certified
EZYV12628,Asia,Bachelor's,N,N,4876,1956,West,72666.62,Year,Y,Denied
EZYV17384,Africa,Master's,N,N,867,1965,South,286.8984,Hour,Y,Certified
EZYV5160,Asia,Doctorate,Y,Y,847,1915,Northeast,91258.5,Year,Y,Certified
EZYV13630,South America,Bachelor's,Y,N,334,1855,Midwest,46.0198,Hour,Y,Certified
EZYV7118,Asia,Bachelor's,N,N,4862,1949,Northeast,69426.04,Year,Y,Denied
EZYV6903,Asia,Bachelor's,Y,Y,139221,1951,West,58458.59,Year,Y,Certified
EZYV9670,North America,Bachelor's,N,N,1306,1872,Midwest,76216.95,Year,Y,Denied
EZYV5180,Asia,Bachelor's,N,N,3725,1878,West,56862.79,Year,Y,Denied
EZYV23526,Asia,High School,N,N,183,2012,Midwest,83186.98,Year,Y,Certified
EZYV436,Asia,Master's,N,N,1499,1969,Northeast,69068.26,Year,Y,Denied
EZYV11001,Asia,Master's,Y,N,2162,1984,South,43592.56,Year,Y,Certified
EZYV15329,Asia,Bachelor's,Y,N,24655,1997,South,58160.97,Year,Y,Certified
EZYV10571,Asia,High School,N,N,4608,1987,Midwest,109106.45,Year,Y,Denied
EZYV10050,Africa,Bachelor's,N,N,875,1928,West,58517.48,Year,Y,Denied
EZYV9202,Asia,High School,Y,N,1882,1968,South,987.2659,Hour,Y,Denied
EZYV17604,Asia,Master's,Y,N,1329,1935,Midwest,81479.18,Year,Y,Certified
EZYV1152,Asia,Bachelor's,Y,N,2536,2009,West,54769.76,Year,Y,Certified
EZYV5521,Asia,Master's,Y,N,7285,1992,South,111706.66,Year,N,Certified
EZYV15254,Europe,High School,N,N,362,2000,South,112799.79,Year,Y,Denied
EZYV25449,Europe,Doctorate,Y,N,4119,1971,West,86894.1,Year,Y,Certified
EZYV8617,Asia,Bachelor's,Y,N,2994,2000,Northeast,38093.43,Year,Y,Certified
EZYV24683,Asia,Master's,Y,N,4763,1914,South,92084.89,Year,Y,Certified
EZYV20797,Europe,Doctorate,Y,N,3828,1887,West,34515.76,Year,Y,Denied
EZYV9850,Asia,High School,Y,N,923,2009,Midwest,66081.58,Year,Y,Denied
EZYV21773,Europe,Bachelor's,Y,N,197,1998,West,76246.29,Year,Y,Certified
EZYV20150,Asia,Bachelor's,Y,N,1666,1995,Northeast,132365.15,Year,Y,Denied
EZYV9898,Asia,High School,Y,N,18,2001,West,272311.21,Year,Y,Denied
EZYV1338,Asia,Master's,N,N,4212,1947,West,69583.28,Year,Y,Denied
EZYV10519,Asia,Bachelor's,Y,N,448,1996,South,64320.01,Week,Y,Denied
EZYV10614,Asia,Master's,Y,N,1167,2005,Midwest,84208.57,Year,Y,Certified
EZYV11027,North America,Bachelor's,N,N,4668,1995,Northeast,525.9312,Hour,Y,Denied
EZYV19912,North America,Master's,N,N,661,2009,Northeast,78076.09,Year,N,Certified
EZYV11142,Asia,Master's,N,N,13572,1947,West,97113.76,Year,Y,Denied
EZYV10568,Asia,Bachelor's,N,Y,2568,1998,Northeast,94268.09,Year,Y,Certified
EZYV18150,Europe,Master's,N,N,994,1975,Northeast,155.67,Hour,Y,Denied
EZYV13847,Asia,Doctorate,Y,N,2637,1911,Island,83263.14,Year,Y,Certified
EZYV17356,Asia,Master's,N,N,1217,2009,South,66323.31,Year,Y,Certified
EZYV8254,Asia,Bachelor's,N,N,1515,2001,Northeast,322.8046,Hour,Y,Denied
EZYV22191,Africa,Master's,Y,N,4245,2010,South,55756.85,Year,Y,Certified
EZYV4181,Asia,Bachelor's,N,N,3655,1975,West,178617.39,Year,Y,Denied
EZYV2979,Asia,High School,Y,N,2024,1981,Northeast,96679.65,Year,Y,Denied
EZYV14359,South America,High School,N,N,3369,1993,Northeast,17542.69,Year,Y,Denied
EZYV25090,Asia,Bachelor's,N,N,2280,1990,Midwest,135653.49,Year,Y,Certified
EZYV24848,Asia,Master's,N,N,289,2000,Island,111.11,Hour,Y,Denied
EZYV15872,Asia,Bachelor's,N,N,2242,1919,Northeast,56855.3,Year,Y,Certified
EZYV2239,Europe,Master's,N,N,1719,1978,Northeast,53906.07,Year,Y,Certified
EZYV5952,Europe,Bachelor's,N,Y,1226,1987,South,124760.92,Year,Y,Certified
EZYV14757,Asia,High School,N,N,743,1854,Northeast,139185.13,Year,Y,Denied
EZYV14980,Asia,Bachelor's,N,N,292,2013,West,19622.21,Year,Y,Certified
EZYV20461,Asia,Bachelor's,N,N,1299,2004,South,109289.68,Year,Y,Denied
EZYV4508,Asia,Master's,Y,N,88,1978,South,804.0274,Hour,Y,Certified
EZYV19489,North America,Master's,Y,N,1838,2010,Northeast,153213.92,Year,Y,Certified
EZYV15981,Asia,High School,N,N,2289,1986,Midwest,92302.36,Year,Y,Denied
EZYV22603,North America,Bachelor's,N,N,5464,1998,West,75208.2,Year,Y,Certified
EZYV2016,Asia,Doctorate,Y,Y,507,1986,West,157604.95,Year,Y,Certified
EZYV25361,Africa,Master's,Y,N,1754,1971,Midwest,130370.42,Year,Y,Certified
EZYV15685,Asia,Bachelor's,N,N,1622,2006,Midwest,126375.0,Year,Y,Certified
EZYV25448,North America,Master's,Y,N,4050,1993,Midwest,117023.33,Year,Y,Certified
EZYV23710,Asia,Bachelor's,N,N,1156,2005,Midwest,78295.87,Year,Y,Denied
EZYV22021,Asia,Bachelor's,Y,N,3127,1999,South,210.9267,Hour,Y,Denied
EZYV17342,Asia,Master's,Y,N,2923,2001,South,113057.59,Year,Y,Certified
EZYV12141,Asia,Doctorate,Y,N,33,1991,Midwest,21544.52,Year,N,Certified
EZYV18248,Asia,Bachelor's,Y,N,2860,2001,Northeast,40100.06,Year,Y,Certified
EZYV6578,Asia,Bachelor's,N,N,325,2004,Northeast,1369.56,Year,Y,Denied
EZYV19033,Asia,Master's,Y,N,2385,1999,Midwest,134987.28,Year,Y,Certified
EZYV506,Asia,Master's,Y,N,2822,1911,South,98263.2,Year,Y,Certified
EZYV9972,Europe,Master's,Y,N,1408,1978,South,19201.99,Year,Y,Certified
EZYV4916,Asia,Bachelor's,Y,N,766,2010,West,28121.97,Year,Y,Certified
EZYV14483,Asia,High School,Y,N,1407,2004,Midwest,152349.69,Year,Y,Denied
EZYV22708,Asia,Bachelor's,Y,N,4207,2011,Northeast,68120.92,Year,Y,Denied
EZYV10103,Asia,Doctorate,N,N,3304,1994,Northeast,17157.19,Year,Y,Certified
EZYV22535,Asia,Master's,Y,N,3857,1956,Midwest,122310.01,Year,Y,Certified
EZYV1216,Asia,Bachelor's,N,N,1814,2002,Northeast,10.5551,Hour,Y,Denied
EZYV10316,Asia,High School,N,N,2426,2005,Midwest,81096.52,Year,Y,Denied
EZYV13737,Asia,Bachelor's,N,N,406,1996,Northeast,65105.07,Year,Y,Certified
EZYV23917,North America,Bachelor's,N,N,672,2013,South,12759.7,Year,Y,Certified
EZYV11486,North America,Bachelor's,Y,N,2708,1954,Northeast,34199.83,Year,Y,Denied
EZYV12234,Asia,Bachelor's,N,N,610,1997,South,119909.52,Year,Y,Certified
EZYV9201,Asia,Master's,Y,N,5179,1998,South,32317.52,Year,Y,Certified
EZYV18575,Asia,Master's,N,N,2425,2002,West,71001.4,Year,Y,Certified
EZYV21593,Asia,Master's,Y,N,404,2003,West,43156.66,Year,Y,Denied
EZYV14167,Asia,Master's,Y,N,927,2000,Midwest,34895.62,Year,Y,Certified
EZYV23343,Asia,Master's,N,N,115,1989,West,81509.37,Year,Y,Denied
EZYV21191,Asia,Master's,Y,N,6410,2000,Island,143492.14,Year,Y,Denied
EZYV23245,Asia,Master's,Y,N,1399,1990,South,94887.24,Year,Y,Certified
EZYV24851,Asia,High School,N,N,4668,1966,Northeast,178330.7,Year,Y,Certified
EZYV15836,Asia,Bachelor's,Y,N,92,1838,Northeast,151.2522,Hour,Y,Denied
EZYV14951,Europe,Master's,Y,N,3285,1992,South,210223.27,Year,Y,Certified
EZYV21455,Asia,Bachelor's,N,N,1599,1885,West,30204.96,Year,Y,Certified
EZYV10355,Asia,Bachelor's,Y,N,2590,2006,West,348.8404,Hour,Y,Denied
EZYV24517,Asia,Bachelor's,Y,N,2127,2007,South,86630.36,Year,Y,Certified
EZYV20115,Europe,High School,N,N,209,1999,Midwest,135936.51,Year,Y,Denied
EZYV5819,Asia,Master's,N,N,2800,2006,Midwest,163334.78,Year,N,Certified
EZYV6964,Europe,Master's,N,N,1773,2006,West,81611.89,Year,Y,Certified
EZYV6147,Asia,High School,Y,Y,1455,1972,Northeast,99792.82,Year,Y,Denied
EZYV22974,Asia,Doctorate,N,N,2620,1925,Northeast,22343.33,Year,Y,Certified
EZYV8729,Asia,Master's,N,N,2007,1947,South,73846.3,Year,Y,Certified
EZYV18765,North America,High School,Y,N,1456,2001,South,108421.95,Year,Y,Certified
EZYV2171,Asia,Bachelor's,N,N,2781,1979,Midwest,32805.6,Year,Y,Certified
EZYV1657,Asia,Bachelor's,Y,Y,4097,2003,West,38238.63,Year,Y,Certified
EZYV17187,Oceania,Bachelor's,Y,N,3223,1989,Midwest,363.8341,Hour,Y,Certified
EZYV21567,Asia,Master's,Y,N,691,2007,South,97801.35,Year,Y,Certified
EZYV23224,Asia,Bachelor's,Y,N,2220,1973,Northeast,90308.4,Year,Y,Certified
EZYV1124,North America,Bachelor's,N,N,4263,1998,Northeast,160.0882,Hour,Y,Denied
EZYV13632,Asia,Doctorate,Y,N,2112,2012,Northeast,80165.32,Year,Y,Certified
EZYV8340,Asia,Bachelor's,Y,Y,344,1968,West,124401.37,Year,Y,Certified
EZYV5911,Asia,Master's,Y,N,1533,1996,South,125096.16,Year,Y,Certified
EZYV393,Asia,Bachelor's,Y,N,51,2003,West,21976.68,Year,Y,Certified
EZYV17426,Europe,Bachelor's,Y,N,3081,2012,West,131995.03,Year,Y,Denied
EZYV19135,Europe,Doctorate,Y,N,3897,2008,Northeast,45030.93,Year,Y,Certified
EZYV24867,Asia,Bachelor's,Y,N,2527,2003,Northeast,59199.04,Year,Y,Certified
EZYV22482,Asia,Bachelor's,Y,N,2703,1992,Midwest,107354.97,Year,Y,Certified
EZYV7190,North America,Bachelor's,Y,N,6631,1993,West,42608.5,Year,Y,Certified
EZYV22287,Asia,Master's,Y,N,4453,1961,South,19771.91,Year,Y,Certified
EZYV24107,Europe,Bachelor's,Y,N,630,1867,Northeast,139191.66,Year,Y,Certified
EZYV18146,North America,Bachelor's,Y,N,3373,2013,South,56815.07,Year,Y,Certified
EZYV9547,North America,Bachelor's,Y,N,5141,1978,South,670.6567,Hour,Y,Certified
EZYV22042,Asia,Bachelor's,Y,Y,3336,2009,South,56454.03,Year,Y,Certified
EZYV6095,Asia,Bachelor's,N,Y,4566,1963,South,133743.63,Year,Y,Certified
EZYV12468,Asia,Doctorate,Y,N,1490,2013,West,41231.84,Year,Y,Certified
EZYV6440,Asia,Bachelor's,N,N,-14,2013,South,103.97,Hour,Y,Denied
EZYV1123,North America,Bachelor's,Y,N,3472,2001,Midwest,48603.11,Year,Y,Certified
EZYV21176,North America,Bachelor's,N,N,4096,1908,West,448.3287,Hour,Y,Denied
EZYV22608,Asia,High School,Y,Y,3262,2007,Northeast,65008.86,Year,Y,Certified
EZYV6601,Asia,Bachelor's,Y,N,443,2000,South,6391.49,Year,Y,Denied
EZYV6046,South America,Doctorate,N,N,321,2014,Island,111287.14,Year,Y,Certified
EZYV18677,Asia,Master's,Y,N,4583,2002,South,57703.17,Year,Y,Certified
EZYV24042,Asia,High School,Y,N,3678,2009,South,61069.2,Year,Y,Certified
EZYV21891,Asia,Master's,N,N,5980,1877,West,35454.73,Year,Y,Denied
EZYV5297,Asia,High School,Y,N,925,2013,Midwest,183270.52,Year,Y,Denied
EZYV11753,North America,Master's,Y,N,425,1986,Northeast,332.0437,Hour,Y,Denied
EZYV16698,Asia,Bachelor's,N,N,1632,1985,Midwest,77285.02,Year,Y,Certified
EZYV4422,Oceania,Bachelor's,N,Y,4105,2010,South,66349.74,Year,Y,Denied
EZYV6315,North America,Bachelor's,N,N,4228,2012,Northeast,73976.48,Year,Y,Denied
EZYV5124,North America,Bachelor's,N,N,2869,1991,West,707.433,Hour,Y,Certified
EZYV21484,Asia,Bachelor's,N,N,1433,2009,Island,88175.03,Year,Y,Certified
EZYV21451,Asia,High School,Y,N,296,2001,Northeast,58168.86,Year,Y,Certified
EZYV11716,North America,Bachelor's,Y,N,1053,2011,West,134787.13,Year,Y,Certified
EZYV6607,Africa,Master's,N,N,2312,2001,Midwest,165736.8,Year,Y,Certified
EZYV10562,Asia,High School,N,Y,4501,1926,South,106202.1,Year,Y,Denied
EZYV5108,Asia,Master's,Y,N,4389,2000,Northeast,54583.99,Year,Y,Certified
EZYV17087,Asia,Bachelor's,N,N,2848,1991,South,124314.21,Year,Y,Certified
EZYV22487,North America,Bachelor's,Y,N,946,1977,Midwest,60292.09,Year,Y,Certified
EZYV19687,Asia,Bachelor's,Y,N,3954,2002,Midwest,89296.95,Year,Y,Certified
EZYV5122,Europe,Doctorate,N,N,5344,2006,West,14739.15,Year,Y,Certified
EZYV2439,South America,Master's,Y,Y,2139,1861,West,193048.67,Year,Y,Certified
EZYV8198,North America,Master's,N,N,3436,2000,West,133337.28,Year,N,Certified
EZYV15013,Europe,Doctorate,Y,N,993,1948,Northeast,44464.15,Year,Y,Certified
EZYV1626,Asia,Doctorate,N,N,4242,1996,West,22779.57,Year,Y,Denied
EZYV17054,Asia,Master's,Y,N,2478,2001,West,79466.38,Year,Y,Denied
EZYV18359,Asia,Master's,Y,N,4438,2001,South,32933.56,Year,Y,Certified
EZYV16988,Oceania,Master's,Y,N,2568,2000,Midwest,275926.27,Year,Y,Certified
EZYV24470,Asia,Bachelor's,N,N,1905,1984,Midwest,87528.16,Year,Y,Certified
EZYV11874,Asia,Bachelor's,N,N,2013,1971,Northeast,72584.56,Year,Y,Certified
EZYV22988,Asia,Master's,Y,N,2226,1965,Northeast,93833.62,Year,Y,Certified
EZYV23466,North America,Bachelor's,Y,N,2646,1983,Island,85551.45,Year,Y,Certified
EZYV3374,Europe,Doctorate,Y,N,4031,2014,West,81469.04,Year,Y,Certified
EZYV10763,Asia,High School,N,N,291,2009,Midwest,100411.0,Year,Y,Denied
EZYV3906,North America,Master's,Y,N,4568,2014,South,28599.49,Year,Y,Certified
EZYV8153,Asia,Bachelor's,Y,N,3271,1993,South,52803.0,Year,Y,Denied
EZYV13351,Asia,Master's,Y,N,2052,1977,West,95716.28,Year,Y,Certified
EZYV14996,Asia,Master's,N,Y,12795,1984,Northeast,80769.63,Year,Y,Certified
EZYV8772,Asia,Bachelor's,N,N,1432,2005,West,79202.36,Year,Y,Certified
EZYV250,Asia,High School,Y,N,4449,1963,Northeast,21846.43,Year,Y,Denied
EZYV18006,Asia,Bachelor's,Y,N,12572,1996,Northeast,87929.86,Year,Y,Denied
EZYV12055,Europe,Master's,Y,N,2302,2005,South,45329.68,Year,Y,Certified
EZYV15835,Asia,Doctorate,Y,N,4560,2004,Midwest,117747.43,Year,Y,Certified
EZYV4583,Asia,Bachelor's,Y,N,26125,1898,West,71341.05,Year,Y,Denied
EZYV4774,North America,Master's,Y,N,92,1968,Northeast,55920.4,Year,Y,Denied
EZYV23109,Asia,Master's,Y,N,2712,1999,West,2828.17,Year,Y,Certified
EZYV17547,South America,High School,Y,N,3245,2009,Northeast,63593.05,Year,Y,Certified
EZYV20776,Asia,Master's,N,Y,15143,2004,Northeast,86033.26,Year,Y,Certified
EZYV17507,Asia,Master's,N,N,3811,2008,Midwest,49521.94,Year,Y,Denied
EZYV20816,Asia,Bachelor's,N,Y,-17,1990,West,91897.57,Year,Y,Certified
EZYV23897,Asia,Master's,Y,N,1447,2014,West,104346.53,Year,Y,Certified
EZYV957,Asia,Bachelor's,N,N,581,2014,Northeast,74877.39,Year,Y,Denied
EZYV16862,Europe,Bachelor's,Y,N,485,2005,South,128847.07,Year,N,Certified
EZYV14338,Asia,Master's,Y,N,3151,1992,West,505.6952,Hour,Y,Certified
EZYV20568,North America,Master's,Y,N,2308,1997,Island,102200.32,Year,Y,Certified
EZYV9086,Europe,Bachelor's,N,N,116246,1855,West,25612.52,Year,Y,Certified
EZYV16729,South America,High School,N,N,1332,2004,Midwest,7324.78,Year,Y,Certified
EZYV6849,Asia,Bachelor's,Y,N,1948,1934,Northeast,111878.94,Year,Y,Certified
EZYV12110,Asia,Bachelor's,Y,N,676,2003,Northeast,48038.39,Year,Y,Certified
EZYV16839,Asia,Master's,Y,N,3204,2009,Midwest,82852.31,Year,Y,Certified
EZYV16569,Asia,Bachelor's,Y,N,4401,2000,West,7805.95,Year,Y,Certified
EZYV14232,Asia,Bachelor's,Y,N,1421,1968,Northeast,48686.57,Year,Y,Denied
EZYV7914,Asia,High School,Y,N,3960,2005,Midwest,72697.16,Year,Y,Denied
EZYV21428,Asia,Bachelor's,Y,N,1897,2006,Midwest,62837.46,Year,Y,Denied
EZYV14317,Asia,Master's,Y,N,1175,1964,South,18244.56,Year,Y,Certified
EZYV14156,North America,Master's,Y,N,1350,1878,Northeast,45067.58,Year,N,Certified
EZYV15765,Europe,Doctorate,N,Y,243,2007,Northeast,19549.16,Year,Y,Certified
EZYV4321,North America,Master's,N,N,1165,1836,Northeast,311.4077,Hour,Y,Denied
EZYV1767,Europe,High School,N,Y,457,1837,South,168647.89,Year,Y,Certified
EZYV18273,Europe,Doctorate,Y,N,5264,1992,West,36056.83,Year,Y,Certified
EZYV2124,Asia,High School,Y,N,3004,1979,Island,69260.25,Year,Y,Denied
EZYV10388,Asia,Master's,Y,N,1738,1907,West,48631.17,Year,Y,Certified
EZYV10198,Asia,Master's,Y,N,183,2015,South,67351.47,Year,N,Certified
EZYV14950,Asia,Master's,Y,N,21299,2012,Northeast,78975.71,Year,N,Denied
EZYV8336,Asia,Master's,N,N,363,1961,Northeast,97950.07,Year,Y,Certified
EZYV1611,Asia,Master's,Y,N,3620,2001,Midwest,136289.98,Year,Y,Certified
EZYV19640,Europe,Master's,N,N,1200,2001,South,39245.84,Year,Y,Certified
EZYV346,Asia,Master's,N,N,1501,1983,Midwest,120371.72,Year,Y,Certified
EZYV18619,Europe,Bachelor's,Y,N,348,1872,South,401.478,Hour,Y,Denied
EZYV13943,Asia,Bachelor's,Y,N,1495,2001,Midwest,26192.56,Year,Y,Certified
EZYV15710,Asia,Bachelor's,Y,Y,2774,2000,Northeast,41780.02,Year,Y,Certified
EZYV12104,North America,Master's,Y,N,2300,2005,Northeast,65693.84,Year,N,Certified
EZYV1682,Europe,Master's,Y,N,4234,2008,West,11894.22,Year,Y,Certified
EZYV1249,Asia,Master's,Y,Y,614,1991,West,1893.75,Year,Y,Certified
EZYV14233,Asia,Bachelor's,N,N,3846,2000,South,83062.23,Year,Y,Certified
EZYV544,Europe,Master's,Y,N,1826,1968,Northeast,30531.03,Year,Y,Certified
EZYV22801,Asia,Bachelor's,N,Y,3727,2004,West,13768.63,Year,Y,Denied
EZYV4696,Asia,Master's,Y,N,3518,2001,Northeast,47172.31,Year,Y,Certified
EZYV18817,Asia,Master's,Y,N,3841,2007,West,79655.33,Year,Y,Denied
EZYV2033,Asia,Doctorate,Y,Y,3111,2006,South,76006.93,Year,Y,Certified
EZYV1302,North America,High School,N,N,4332,1999,Midwest,560.2798,Hour,Y,Certified
EZYV15866,Asia,Master's,Y,N,585,1999,Northeast,27965.6,Year,Y,Certified
EZYV5450,Asia,Master's,Y,Y,1261,1998,South,121751.04,Year,Y,Certified
EZYV24535,North America,High School,N,N,820,2005,Northeast,125661.19,Year,Y,Denied
EZYV15513,North America,Bachelor's,Y,N,2874,2004,Midwest,226669.55,Year,Y,Certified
EZYV16966,Europe,High School,Y,Y,757,1984,South,142156.28,Year,Y,Denied
EZYV21650,Asia,Bachelor's,Y,N,3810,1978,West,154219.49,Year,Y,Certified
EZYV5962,Europe,High School,Y,N,1545,1998,West,73431.44,Year,Y,Denied
EZYV11980,Asia,High School,Y,N,1415,1963,Northeast,202588.5,Year,Y,Denied
EZYV23267,Asia,Doctorate,Y,N,546,2007,Northeast,38383.38,Year,Y,Certified
EZYV2608,Asia,High School,N,N,3090,2005,Midwest,136631.9,Year,Y,Denied
EZYV20868,Asia,Master's,Y,N,3118,1993,West,121498.56,Year,Y,Denied
EZYV2772,Asia,Bachelor's,Y,N,1531,1971,South,571.9348,Hour,Y,Certified
EZYV10688,Europe,Doctorate,Y,N,2642,1998,West,23613.92,Year,Y,Certified
EZYV20795,Asia,Bachelor's,N,N,2922,1823,South,72846.99,Year,Y,Denied
EZYV8674,Asia,Master's,N,N,3014,1838,South,152346.84,Year,N,Certified
EZYV45,Asia,High School,Y,N,5407,1998,West,28989.87,Year,Y,Denied
EZYV9997,Asia,Bachelor's,N,N,16220,1994,Midwest,86889.87,Year,Y,Certified
EZYV8329,Asia,Bachelor's,Y,N,758,2005,South,240193.11,Year,Y,Certified
EZYV5516,Asia,Master's,N,N,3034,2012,West,206722.39,Year,N,Certified
EZYV24981,Asia,Master's,Y,N,2522,2006,South,61965.76,Year,Y,Certified
EZYV21013,Asia,Master's,N,Y,236220,1950,Northeast,121967.48,Year,Y,Denied
EZYV2978,Europe,Bachelor's,Y,Y,3413,1963,South,39292.69,Year,N,Denied
EZYV21140,Africa,High School,N,N,428,1997,Midwest,51379.91,Year,Y,Certified
EZYV13453,North America,Bachelor's,Y,N,3094,2008,West,89684.16,Year,N,Certified
EZYV22524,Europe,Bachelor's,N,N,2404,2010,Northeast,19384.16,Year,Y,Certified
EZYV22390,Asia,Master's,Y,N,582,1984,Midwest,114876.33,Year,Y,Certified
EZYV16824,Africa,Master's,N,N,2582,2004,West,49264.91,Year,Y,Denied
EZYV9275,Asia,Bachelor's,Y,N,5235,2002,Midwest,70232.65,Year,Y,Certified
EZYV19016,Asia,Master's,Y,N,2355,2005,Midwest,95592.88,Year,N,Certified
EZYV10996,Asia,Bachelor's,N,N,3692,2000,West,126070.95,Year,Y,Denied
EZYV5332,Asia,Master's,Y,N,195,1882,West,213530.66,Year,Y,Certified
EZYV12470,Asia,High School,Y,N,3461,1838,West,689.9989,Hour,Y,Denied
EZYV9861,North America,Bachelor's,Y,N,47094,1838,South,2724.43,Year,Y,Certified
EZYV24995,Asia,Bachelor's,Y,N,2904,2007,West,63913.06,Year,Y,Certified
EZYV14273,Asia,Bachelor's,Y,N,2469,1854,South,64063.53,Year,N,Certified
EZYV3466,Asia,High School,Y,N,1960,2007,West,13387.53,Year,Y,Denied
EZYV3308,Asia,Bachelor's,Y,N,3880,1994,Midwest,119173.69,Year,Y,Certified
EZYV16627,Asia,Bachelor's,N,N,12,2009,South,53879.06,Year,Y,Denied
EZYV6197,Asia,Doctorate,Y,N,1391,1959,West,65761.62,Year,Y,Certified
EZYV1701,Africa,Master's,N,N,2871,1986,South,177310.49,Year,N,Certified
EZYV6243,Asia,Master's,N,N,2294,1984,South,87618.43,Year,Y,Certified
EZYV23187,Asia,Master's,N,Y,-11,2007,Midwest,120195.35,Year,Y,Certified
EZYV12913,Asia,High School,N,N,3445,2011,South,105503.97,Year,Y,Denied
EZYV6065,Asia,Bachelor's,Y,N,2227,1822,Northeast,65363.62,Year,Y,Certified
EZYV15187,North America,Master's,Y,N,99872,1986,Northeast,32409.37,Year,Y,Certified
EZYV18761,Asia,Bachelor's,Y,N,380,2007,South,97785.79,Year,Y,Certified
EZYV8425,Asia,Master's,N,N,1495,1986,Midwest,168833.22,Year,N,Certified
EZYV15353,Asia,High School,N,N,771,1989,Midwest,91614.6,Year,Y,Denied
EZYV745,North America,High School,Y,N,4181,2002,West,724.0276,Hour,Y,Certified
EZYV4376,Asia,Master's,Y,N,1837,2000,South,43769.73,Year,Y,Certified
EZYV549,South America,Master's,Y,Y,3198,2011,Northeast,53077.88,Year,Y,Certified
EZYV3200,North America,Bachelor's,Y,N,777,1998,South,677.0829,Hour,Y,Denied
EZYV24728,Oceania,Master's,N,N,100,2010,West,58598.03,Year,Y,Certified
EZYV10132,Europe,Bachelor's,N,N,1080,2004,Northeast,108924.14,Year,Y,Certified
EZYV5013,Asia,Master's,N,N,4120,1968,Midwest,268440.33,Year,Y,Certified
EZYV9867,Asia,Bachelor's,Y,N,1738,2005,Midwest,54687.3,Year,Y,Certified
EZYV2237,Asia,Bachelor's,Y,N,2782,1968,West,70219.01,Year,Y,Certified
EZYV3909,Asia,Bachelor's,N,N,1599,2013,West,146843.52,Year,Y,Denied
EZYV5615,Asia,Master's,Y,N,4341,1968,Northeast,77644.87,Year,N,Certified
EZYV5719,Asia,Master's,N,N,1918,2005,Midwest,120788.02,Year,Y,Certified
EZYV10645,Asia,Master's,Y,N,1711,1975,Northeast,57745.32,Year,Y,Certified
EZYV11228,Asia,High School,N,N,1341,2009,West,458.5898,Hour,Y,Denied
EZYV25185,Asia,Bachelor's,Y,N,4314,1991,South,55884.08,Year,Y,Certified
EZYV3339,North America,Doctorate,Y,N,1638,1991,Northeast,327.9435,Hour,Y,Certified
EZYV1686,Asia,Master's,Y,N,1627,1978,Midwest,122018.87,Year,Y,Certified
EZYV1207,North America,Bachelor's,Y,N,4057,1925,Midwest,2984.24,Year,Y,Certified
EZYV18283,Europe,Doctorate,Y,Y,1902,1999,Northeast,205901.68,Year,Y,Certified
EZYV7471,Europe,Doctorate,N,N,2610,2005,Northeast,6897.94,Year,Y,Certified
EZYV10766,Asia,Bachelor's,Y,N,3977,1958,Northeast,60427.61,Year,Y,Certified
EZYV321,South America,High School,Y,N,4153,2010,Island,135250.42,Year,Y,Certified
EZYV19621,Asia,Bachelor's,Y,N,1257,2009,South,36388.58,Year,Y,Certified
EZYV17177,Asia,Bachelor's,Y,N,5103,2007,South,84008.33,Year,Y,Certified
EZYV24246,Europe,Bachelor's,Y,N,296,2013,Northeast,130896.26,Year,Y,Denied
EZYV23193,Asia,High School,Y,N,1800,2003,Midwest,107147.5,Year,Y,Certified
EZYV5219,Asia,Master's,Y,N,1441,2007,Midwest,42148.89,Year,Y,Certified
EZYV17828,Asia,High School,Y,N,2838,1956,Northeast,110217.6,Year,Y,Certified
EZYV8710,Asia,Bachelor's,N,Y,2268,1858,South,284585.2,Year,Y,Certified
EZYV7610,North America,Bachelor's,Y,N,3368,1947,West,111.64,Hour,Y,Certified
EZYV5657,Asia,Master's,N,N,2932,2005,West,233642.47,Year,N,Certified
EZYV17275,North America,Master's,Y,N,2952,2012,Midwest,74093.77,Year,Y,Certified
EZYV6213,Asia,Bachelor's,Y,N,1596,2005,South,48569.51,Year,Y,Certified
EZYV23295,Europe,Bachelor's,Y,N,8016,1985,South,50120.5,Year,Y,Certified
EZYV2542,Asia,Bachelor's,Y,N,639,1989,Northeast,560.1519,Hour,Y,Certified
EZYV10051,Asia,Master's,Y,N,3769,1996,West,67609.96,Year,N,Certified
EZYV20582,Asia,Doctorate,N,N,3180,2010,South,24657.74,Year,Y,Certified
EZYV11335,Asia,High School,Y,N,27863,2006,South,72162.14,Year,Y,Denied
EZYV1118,Asia,High School,Y,N,4771,2004,South,43581.41,Year,Y,Certified
EZYV12927,North America,Bachelor's,N,N,1224,1997,South,269.8894,Hour,Y,Denied
EZYV2614,Asia,Bachelor's,N,N,4001,1989,South,113334.35,Year,N,Denied
EZYV19435,Europe,Doctorate,N,N,465,1956,Northeast,40267.59,Year,Y,Certified
EZYV17155,Europe,Bachelor's,N,N,16646,2003,Northeast,78754.27,Year,Y,Certified
EZYV7991,North America,Bachelor's,N,N,31005,2001,West,56545.48,Year,Y,Certified
EZYV15264,Asia,Bachelor's,Y,N,2714,1997,West,1174.1,Year,Y,Denied
EZYV13580,Asia,Master's,Y,N,47794,1989,South,38582.1,Year,Y,Certified
EZYV9373,Asia,Master's,N,N,989,2001,South,95942.26,Year,N,Certified
EZYV18870,South America,Master's,N,N,2792,2008,South,20280.05,Year,Y,Certified
EZYV14447,Asia,Master's,Y,N,4470,1984,Northeast,63850.11,Year,N,Certified
EZYV2844,Asia,Bachelor's,N,N,3074,2013,South,63030.76,Year,Y,Denied
EZYV15790,Asia,Bachelor's,Y,N,4835,1851,West,51974.49,Year,Y,Denied
EZYV6940,Asia,Master's,N,N,405,2007,Northeast,63996.05,Year,Y,Certified
EZYV24408,Asia,Bachelor's,N,N,2915,2012,South,189736.41,Year,Y,Certified
EZYV24519,Asia,Master's,Y,N,1441,1998,South,29247.44,Year,Y,Certified
EZYV17583,Asia,Bachelor's,N,N,2811,2001,Northeast,492.9138,Hour,Y,Denied
EZYV22375,Asia,Master's,N,N,854,2009,South,120958.4,Year,N,Certified
EZYV3799,North America,Bachelor's,N,Y,864,1915,South,157842.33,Year,Y,Denied
EZYV24977,Asia,Master's,N,N,3874,1912,Northeast,843.9736,Hour,Y,Denied
EZYV10023,Asia,Master's,Y,Y,27,2005,West,96587.9,Year,Y,Certified
EZYV25269,North America,Doctorate,Y,N,1693,1997,Northeast,123.25,Hour,Y,Denied
EZYV13557,Asia,High School,N,N,3833,1861,Midwest,62138.69,Year,Y,Denied
EZYV12753,Oceania,Bachelor's,N,N,1539,1976,South,83381.33,Year,N,Certified
EZYV6006,Europe,High School,Y,N,1100,2006,South,28235.14,Year,Y,Denied
EZYV22494,Asia,Bachelor's,N,N,476,2001,Northeast,91893.93,Year,Y,Certified
EZYV15250,Asia,Master's,Y,N,94336,1885,South,78306.07,Year,Y,Certified
EZYV23870,Asia,Master's,N,N,1341,1997,South,128985.38,Year,Y,Denied
EZYV16577,Europe,Bachelor's,Y,Y,2912,1997,Northeast,123966.37,Year,Y,Certified
EZYV24320,Asia,Doctorate,N,Y,841,1977,Northeast,93322.94,Year,Y,Certified
EZYV21715,Asia,Bachelor's,Y,N,666,1989,Northeast,176916.86,Year,Y,Certified
EZYV18945,Asia,High School,Y,N,1387,1998,Northeast,104584.35,Year,Y,Certified
EZYV9908,Asia,Master's,N,N,783,2006,Midwest,90245.38,Year,Y,Certified
EZYV23044,North America,Bachelor's,N,N,25983,1984,West,55997.53,Year,Y,Denied
EZYV15157,Europe,Bachelor's,Y,N,1505,1999,West,127490.32,Year,Y,Certified
EZYV13309,Asia,Master's,Y,N,528,2001,South,120.93,Hour,Y,Certified
EZYV2786,Oceania,Master's,Y,N,2315,2008,Midwest,60946.2,Year,Y,Certified
EZYV19898,Asia,Bachelor's,N,N,444,1989,Midwest,57570.44,Year,Y,Denied
EZYV25345,Asia,High School,Y,N,2989,1988,South,136839.82,Year,Y,Certified
EZYV5179,Africa,High School,N,N,645,1987,West,205.6246,Hour,Y,Denied
EZYV1717,Asia,Bachelor's,N,N,78,2012,West,25645.33,Year,Y,Denied
EZYV4535,Europe,Master's,N,N,1625,2004,South,30861.02,Year,Y,Certified
EZYV3387,Asia,Master's,Y,N,1157,2001,Midwest,75170.23,Year,Y,Certified
EZYV61,Asia,Master's,N,Y,5340,2010,West,67410.59,Year,Y,Denied
EZYV3093,Asia,Bachelor's,N,N,2634,1962,Midwest,60706.99,Year,Y,Denied
EZYV10892,Asia,Bachelor's,Y,N,606,2006,Northeast,181682.45,Year,N,Denied
EZYV10088,Asia,Doctorate,Y,N,724,1855,South,31.1755,Hour,Y,Certified
EZYV25458,Asia,Master's,Y,N,2257,2004,Midwest,26397.07,Year,Y,Certified
EZYV8827,Asia,Master's,Y,N,2305,2010,West,33598.68,Year,Y,Certified
EZYV9606,Asia,Bachelor's,Y,N,2480,2007,Northeast,91797.27,Year,Y,Certified
EZYV1227,Asia,Bachelor's,Y,Y,956,2007,Northeast,61071.62,Year,Y,Certified
EZYV13568,Asia,Master's,N,N,2169,1993,Midwest,94799.01,Year,Y,Denied
EZYV14186,Asia,Master's,Y,N,5069,1971,South,233.6391,Hour,Y,Certified
EZYV8251,Asia,Doctorate,Y,N,4307,1977,West,13372.93,Year,Y,Certified
EZYV7472,Europe,Bachelor's,Y,N,4681,1928,West,49865.19,Year,Y,Denied
EZYV4446,Asia,Bachelor's,N,N,3245,1994,Midwest,125070.57,Year,Y,Denied
EZYV10800,Europe,Master's,Y,N,220,1984,Northeast,105082.98,Year,Y,Certified
EZYV4106,Asia,Master's,Y,N,4089,1999,South,38769.09,Year,Y,Certified
EZYV11151,Europe,Master's,N,N,3718,1997,West,69024.54,Year,Y,Certified
EZYV8260,Asia,Master's,Y,N,4859,1994,West,143840.0,Year,Y,Certified
EZYV541,Africa,Master's,Y,N,4506,1949,West,82793.8,Month,Y,Certified
EZYV236,North America,High School,N,N,2147,1986,West,87390.54,Year,Y,Denied
EZYV23005,Africa,Doctorate,Y,N,54,1974,West,28954.98,Year,Y,Certified
EZYV5432,Asia,Bachelor's,Y,N,4512,1975,West,30755.28,Year,Y,Denied
EZYV21303,Asia,Bachelor's,Y,N,50031,1998,Northeast,83801.0,Year,Y,Certified
EZYV14153,Asia,Bachelor's,N,N,4401,2001,Midwest,112750.35,Year,Y,Denied
EZYV1610,Asia,Bachelor's,Y,Y,2414,1959,West,116315.86,Year,Y,Certified
EZYV8857,Asia,Doctorate,Y,N,192,1980,West,158883.48,Year,Y,Certified
EZYV25075,Asia,High School,Y,N,3498,2013,South,50288.99,Year,Y,Certified
EZYV20438,Asia,High School,N,N,3817,1996,Northeast,104342.21,Year,Y,Certified
EZYV8158,Europe,Master's,N,N,2683,1995,South,239.6427,Hour,Y,Denied
EZYV20170,Europe,Bachelor's,N,N,18551,1984,West,85581.84,Year,Y,Certified
EZYV21979,North America,Bachelor's,N,N,2153,1856,West,86018.9,Year,Y,Denied
EZYV12305,Europe,Bachelor's,N,N,4735,1991,West,85554.99,Year,Y,Certified
EZYV10516,Europe,Bachelor's,N,N,3130,2008,South,44888.99,Year,Y,Certified
EZYV22543,North America,Doctorate,Y,N,67756,1870,Island,118519.52,Year,Y,Certified
EZYV24179,Asia,Bachelor's,Y,N,1085,1999,West,13235.71,Year,Y,Denied
EZYV3742,Asia,Master's,Y,N,1433,1984,Midwest,126055.3,Year,Y,Certified
EZYV7823,Asia,Bachelor's,Y,N,48821,1989,Northeast,28035.83,Year,Y,Certified
EZYV12299,Asia,Master's,Y,N,137,1989,South,59770.45,Year,Y,Certified
EZYV12978,Asia,Bachelor's,N,N,1524,1928,West,72723.49,Year,Y,Denied
EZYV14897,Europe,Bachelor's,N,Y,1629,1855,Northeast,131630.7,Year,Y,Certified
EZYV19572,Asia,Master's,Y,N,949,1998,Northeast,137770.36,Year,N,Denied
EZYV4849,North America,Doctorate,Y,N,5483,1999,West,64955.57,Year,Y,Certified
EZYV15397,North America,Master's,Y,N,1730,2010,Midwest,104650.02,Year,N,Certified
EZYV4267,North America,High School,Y,Y,2882,1979,West,3867.25,Year,Y,Certified
EZYV15470,Asia,Doctorate,Y,N,1858,2010,Northeast,93504.8,Year,Y,Certified
EZYV4707,North America,Master's,Y,N,1198,1981,Northeast,11816.98,Year,Y,Certified
EZYV9690,Asia,Master's,Y,N,970,2005,South,215193.01,Year,N,Certified
EZYV9063,North America,High School,Y,N,1860,2005,South,60458.9,Year,Y,Certified
EZYV24726,Europe,High School,Y,N,5400,1978,West,56887.63,Year,Y,Certified
EZYV16122,Europe,Bachelor's,N,N,2778,1908,South,63642.68,Year,Y,Denied
EZYV6437,Europe,High School,Y,N,4392,1991,West,88650.62,Year,Y,Denied
EZYV21061,Asia,Master's,Y,Y,2493,2006,South,93522.28,Year,Y,Certified
EZYV2147,Asia,Master's,Y,N,2260,1983,South,39867.49,Year,Y,Certified
EZYV19631,Asia,Bachelor's,N,N,40,1855,Northeast,95866.31,Year,Y,Denied
EZYV25349,Asia,Bachelor's,Y,N,36,1993,Midwest,190311.67,Year,Y,Denied
EZYV11798,Asia,Bachelor's,Y,N,903,2011,West,73995.95,Year,Y,Certified
EZYV11451,Asia,Master's,N,N,327,2003,South,88255.78,Year,Y,Denied
EZYV22915,North America,Bachelor's,N,N,5366,1950,West,52533.23,Year,Y,Denied
EZYV21702,Asia,High School,Y,N,936,2004,Northeast,145363.9,Year,Y,Certified
EZYV15527,Asia,Master's,N,N,2374,2002,South,63915.14,Year,Y,Certified
EZYV15028,Asia,Master's,N,N,1514,1855,Northeast,33085.59,Year,Y,Denied
EZYV4180,Asia,Bachelor's,Y,N,2059,2013,West,530.4704,Hour,Y,Denied
EZYV23892,South America,Master's,Y,N,786,2004,Island,122506.94,Year,Y,Denied
EZYV22013,Asia,Bachelor's,N,N,2113,1998,South,117.65,Hour,Y,Denied
EZYV18089,Asia,Master's,Y,N,52,2006,Northeast,62327.78,Year,N,Certified
EZYV1791,Asia,High School,N,N,4058,2009,West,101347.24,Year,N,Denied
EZYV12484,Asia,Bachelor's,Y,Y,2342,1983,Northeast,86470.18,Year,Y,Denied
EZYV3772,Europe,High School,Y,Y,2167,2007,West,74543.24,Year,Y,Denied
EZYV7922,Asia,Bachelor's,Y,N,1540,1994,Northeast,76096.06,Year,Y,Certified
EZYV8150,Africa,Bachelor's,Y,N,2613,1980,West,50514.33,Year,Y,Denied
EZYV17827,Asia,Bachelor's,N,N,3600,1999,Island,137711.11,Year,Y,Certified
EZYV20400,Asia,Bachelor's,N,N,1280,1981,South,116393.31,Year,Y,Certified
EZYV15372,Asia,Bachelor's,N,N,5072,2000,Northeast,8230.36,Year,Y,Denied
EZYV5964,South America,Master's,Y,N,1826,2011,Northeast,9885.7,Year,Y,Certified
EZYV4846,Europe,Master's,Y,N,561,1999,West,140276.67,Year,Y,Certified
EZYV9458,North America,Bachelor's,Y,N,2446,1890,West,104715.65,Year,Y,Denied
EZYV12339,Europe,Doctorate,N,Y,641,1996,Northeast,45284.25,Year,Y,Certified
EZYV7406,Asia,Bachelor's,N,N,3917,1960,West,41589.69,Year,Y,Denied
EZYV11336,South America,Bachelor's,Y,Y,161,1957,Northeast,116.0,Hour,Y,Denied
EZYV4859,Africa,Master's,Y,N,4305,1935,West,105169.55,Year,Y,Certified
EZYV24593,Asia,Bachelor's,Y,N,599,1991,Midwest,77986.16,Year,Y,Certified
EZYV10482,Asia,Bachelor's,N,N,4164,2000,Midwest,103891.55,Year,Y,Certified
EZYV22342,Asia,Master's,N,N,318,1992,West,164.86,Hour,Y,Certified
EZYV17517,Asia,High School,Y,Y,5692,1985,South,26340.01,Year,Y,Denied
EZYV351,Asia,Master's,N,N,1894,1906,Northeast,106937.84,Year,Y,Denied
EZYV2769,Asia,Bachelor's,N,N,2391,1853,Northeast,34700.69,Year,Y,Denied
EZYV8682,Asia,Master's,Y,N,42,1986,South,66054.08,Year,N,Certified
EZYV15893,Asia,Bachelor's,N,N,1935,2013,Northeast,661.8469,Hour,Y,Denied
EZYV13262,Asia,High School,N,N,2011,1993,South,132241.21,Year,N,Denied
EZYV21675,North America,Bachelor's,Y,N,2036,1972,West,166233.77,Year,Y,Certified
EZYV12592,South America,Bachelor's,N,N,3850,1994,Midwest,942.7061,Hour,Y,Denied
EZYV1894,Europe,Bachelor's,Y,Y,3541,1986,South,66023.24,Year,Y,Certified
EZYV6564,Asia,Bachelor's,N,N,4065,2002,South,55541.17,Year,Y,Denied
EZYV13106,North America,High School,Y,N,22516,1946,West,18842.63,Year,Y,Denied
EZYV16088,Asia,High School,Y,N,3227,1992,South,48411.72,Year,Y,Denied
EZYV5915,Asia,Bachelor's,Y,N,1275,1999,Northeast,30797.94,Year,Y,Certified
EZYV8634,Asia,Master's,Y,N,2351,2001,Midwest,90022.59,Year,Y,Certified
EZYV6676,Asia,Bachelor's,Y,N,1198,1977,South,92156.82,Year,Y,Certified
EZYV10863,Asia,Bachelor's,Y,N,1456,1978,West,44180.77,Year,Y,Denied
EZYV19499,North America,Bachelor's,N,N,19825,2012,Northeast,141329.63,Year,Y,Denied
EZYV6917,Asia,Bachelor's,Y,N,1036,1967,Northeast,116941.02,Year,N,Denied
EZYV4033,Asia,Bachelor's,Y,N,1550,1996,West,148394.16,Year,Y,Certified
EZYV14579,Asia,Bachelor's,N,Y,3860,1994,West,27213.6,Year,Y,Denied
EZYV4693,Asia,High School,N,N,798,1987,South,184117.8,Year,Y,Denied
EZYV1878,Asia,Bachelor's,N,N,4589,2010,Midwest,51357.5,Year,Y,Certified
EZYV3045,Africa,Master's,N,N,79,1984,Island,95706.21,Year,Y,Denied
EZYV3230,Asia,Bachelor's,Y,N,1979,1993,Northeast,106885.13,Month,Y,Certified
EZYV111,North America,High School,Y,N,951,1956,Midwest,73957.17,Year,N,Certified
EZYV19517,Asia,High School,Y,N,3041,1842,Northeast,105151.34,Year,Y,Denied
EZYV9119,Europe,Doctorate,Y,N,2659,1997,West,83842.45,Year,Y,Certified
EZYV16218,North America,Master's,N,N,3445,2001,South,135.3,Hour,Y,Denied
EZYV9435,Asia,High School,Y,N,2034,1834,Northeast,82125.69,Year,N,Denied
EZYV19656,Asia,Bachelor's,Y,N,5471,2001,Northeast,120756.28,Year,Y,Certified
EZYV4820,Asia,Master's,N,N,162,2009,West,116.75,Hour,Y,Certified
EZYV17515,Asia,High School,Y,N,2286,2005,Midwest,111076.65,Year,Y,Certified
EZYV18579,Asia,Master's,N,N,2470,1983,West,10587.35,Year,N,Certified
EZYV1401,Asia,Doctorate,Y,N,2366,1998,West,98876.38,Year,Y,Certified
EZYV4636,Asia,Master's,Y,N,1537,2009,West,85477.04,Year,N,Certified
EZYV9693,Europe,Master's,N,Y,1606,1998,West,49801.16,Year,Y,Denied
EZYV20141,Asia,Bachelor's,Y,N,1461,2009,Northeast,46585.5,Year,Y,Certified
EZYV2476,Asia,Master's,Y,N,3690,2006,Midwest,68202.11,Year,N,Certified
EZYV5597,Africa,Master's,Y,N,1333,2003,Northeast,122902.21,Year,Y,Certified
EZYV21512,Europe,Bachelor's,Y,N,4261,2008,Northeast,72972.73,Year,Y,Denied
EZYV20774,Asia,Bachelor's,N,N,2439,2003,West,52221.09,Year,Y,Denied
EZYV14642,Europe,Bachelor's,Y,N,3467,1969,South,95091.66,Year,Y,Certified
EZYV3720,Asia,High School,Y,N,749,1939,West,36535.82,Year,Y,Denied
EZYV5285,Asia,High School,N,N,3958,1982,Northeast,185414.47,Year,Y,Denied
EZYV20587,North America,Master's,Y,N,4557,2008,Northeast,13994.66,Year,Y,Certified
EZYV5090,Asia,Bachelor's,N,N,2171,2003,Northeast,23131.78,Year,Y,Denied
EZYV181,Europe,Bachelor's,Y,Y,44069,2006,West,134350.49,Year,Y,Certified
EZYV20488,Asia,Bachelor's,N,N,3429,2006,Northeast,63246.24,Year,Y,Certified
EZYV6942,Asia,Master's,Y,N,1666,2007,South,102772.77,Year,Y,Certified
EZYV23800,Asia,High School,N,Y,199,1895,South,40882.79,Year,Y,Certified
EZYV24892,Asia,High School,N,Y,11322,1980,South,90084.04,Year,Y,Certified
EZYV15552,Asia,Master's,Y,N,3505,2011,Midwest,126371.14,Year,Y,Certified
EZYV6472,Asia,Bachelor's,N,N,3453,1971,Midwest,93375.5,Year,Y,Denied
EZYV11134,Asia,Bachelor's,N,N,392,1975,Midwest,151161.36,Year,Y,Certified
EZYV15967,Asia,Master's,Y,N,1375,1922,West,47372.4,Year,Y,Certified
EZYV8799,Asia,Bachelor's,Y,Y,1220,2005,South,84577.92,Year,Y,Denied
EZYV12826,Asia,Master's,Y,Y,4791,2008,South,143954.65,Year,Y,Denied
EZYV21787,Asia,Bachelor's,Y,N,814,1989,West,9367.78,Year,Y,Denied
EZYV23120,Asia,Master's,Y,Y,952,2003,Northeast,118838.04,Year,Y,Certified
EZYV5789,Asia,Master's,Y,N,188,2009,South,19906.42,Year,Y,Certified
EZYV8219,Asia,Master's,Y,N,687,2009,South,99065.5,Year,Y,Certified
EZYV24110,Asia,Doctorate,Y,Y,1657,2006,West,51157.34,Year,Y,Certified
EZYV9036,Europe,Bachelor's,Y,N,1985,2011,South,6697.24,Year,Y,Certified
EZYV21272,Asia,High School,Y,N,2353,1895,West,135437.65,Year,Y,Denied
EZYV11321,Africa,High School,Y,N,772,1986,Northeast,52696.67,Year,Y,Denied
EZYV24144,Asia,Master's,Y,N,5834,2003,West,82273.64,Year,Y,Certified
EZYV11594,Europe,High School,N,Y,111,1998,South,9731.67,Year,Y,Denied
EZYV5609,Europe,Master's,N,N,4216,1978,Northeast,13576.25,Year,Y,Certified
EZYV23222,Europe,Master's,Y,Y,206,1920,West,32648.34,Year,Y,Certified
EZYV19981,Asia,Master's,Y,N,1221,1999,South,25141.66,Year,Y,Certified
EZYV8035,Asia,Bachelor's,Y,N,2601,2009,Midwest,7489.34,Year,Y,Certified
EZYV625,Europe,Master's,N,N,869,2010,West,77912.67,Year,Y,Certified
EZYV23323,Asia,High School,N,Y,1657,1918,Northeast,156.3903,Hour,Y,Certified
EZYV13636,Asia,Bachelor's,N,N,2970,2012,Northeast,105352.89,Year,Y,Denied
EZYV5324,North America,Bachelor's,N,N,1926,2006,South,404.4565,Hour,Y,Certified
EZYV11242,Africa,Master's,Y,N,118278,1975,West,82761.01,Year,Y,Certified
EZYV22223,North America,Bachelor's,N,N,3190,1987,Northeast,723.6441,Hour,Y,Denied
EZYV13013,Europe,Bachelor's,N,N,5033,2007,Northeast,9662.34,Year,Y,Certified
EZYV13083,Asia,Bachelor's,Y,N,2242,1987,South,69246.29,Year,Y,Certified
EZYV21304,Europe,Bachelor's,N,N,252242,1899,West,39661.23,Year,Y,Certified
EZYV2553,Africa,Doctorate,N,N,3449,2009,Northeast,130701.58,Year,N,Denied
EZYV3034,Asia,Bachelor's,N,N,1324,1993,West,93520.66,Year,Y,Denied
EZYV7269,Europe,Doctorate,Y,N,1702,2000,Midwest,53770.0,Year,Y,Certified
EZYV8238,Asia,Master's,Y,N,1356,1990,South,82065.74,Year,Y,Certified
EZYV13644,Asia,Bachelor's,Y,N,2650,1893,West,1478.91,Year,Y,Denied
EZYV1107,Asia,Bachelor's,N,N,92872,1998,Midwest,126336.28,Year,Y,Certified
EZYV23235,Asia,Master's,Y,N,3786,1911,South,115617.47,Year,Y,Certified
EZYV10565,North America,Master's,Y,N,2524,2010,West,66276.1,Year,N,Certified
EZYV13061,North America,Bachelor's,Y,N,2773,1895,Midwest,69828.92,Year,Y,Certified
EZYV17724,Europe,High School,Y,N,3338,1988,Northeast,10405.83,Year,N,Denied
EZYV18562,Asia,High School,N,N,1902,1997,Midwest,94585.14,Year,Y,Certified
EZYV7335,Asia,Master's,Y,N,2716,1998,South,117117.21,Year,Y,Certified
EZYV16106,Asia,Bachelor's,N,N,2945,2010,South,10649.97,Year,N,Denied
EZYV14512,Asia,Bachelor's,Y,N,3197,2008,Midwest,89052.56,Year,Y,Denied
EZYV837,Asia,Master's,N,N,2309,1951,Northeast,10084.11,Year,Y,Denied
EZYV8576,Asia,Master's,N,N,2272,2001,Midwest,47636.12,Year,Y,Certified
EZYV13786,Asia,Bachelor's,Y,N,3576,2001,Northeast,34543.82,Year,Y,Certified
EZYV3843,South America,Bachelor's,Y,N,25914,2004,South,806.2222,Hour,Y,Denied
EZYV12400,South America,Bachelor's,Y,N,2949,2004,Northeast,99357.09,Year,N,Denied
EZYV1444,Asia,Master's,N,N,3159,2001,Northeast,104.49,Hour,Y,Denied
EZYV19939,Asia,High School,N,Y,83098,1972,South,143561.24,Year,Y,Certified
EZYV24640,Asia,Bachelor's,N,N,918,2007,South,196122.24,Year,N,Certified
EZYV7582,Asia,Bachelor's,Y,N,1883,1979,South,138.76,Hour,Y,Certified
EZYV17325,Asia,Bachelor's,N,N,842,1920,West,518.531,Hour,Y,Denied
EZYV17476,Asia,Doctorate,Y,N,1097,1981,South,536.553,Hour,Y,Denied
EZYV2942,Asia,Master's,N,N,4185,2005,Midwest,133470.92,Year,Y,Denied
EZYV14601,Europe,Bachelor's,Y,N,589,1972,West,18202.35,Year,Y,Certified
EZYV21447,Asia,Master's,Y,N,3675,1968,Northeast,43175.2,Year,Y,Certified
EZYV3498,Europe,High School,N,N,1341,2005,South,104041.86,Year,Y,Denied
EZYV14388,Asia,Bachelor's,N,N,342,1995,West,847.814,Hour,Y,Denied
EZYV20612,Asia,Master's,Y,N,619,1974,Midwest,63622.48,Year,N,Certified
EZYV5575,Asia,Master's,Y,N,3766,1968,South,74335.9,Year,N,Certified
EZYV14209,Asia,Bachelor's,Y,N,878,1987,South,120599.43,Year,Y,Certified
EZYV6010,Asia,Master's,Y,N,3967,2006,West,36902.54,Year,Y,Certified
EZYV1163,North America,Master's,Y,N,3515,2006,Northeast,102544.06,Year,N,Certified
EZYV10971,Asia,Bachelor's,Y,N,2712,1908,Northeast,52440.56,Year,Y,Certified
EZYV10632,Asia,Master's,N,Y,3340,2005,South,59774.48,Year,Y,Certified
EZYV302,Asia,Master's,N,N,1312,1998,South,93644.47,Year,Y,Certified
EZYV10474,Asia,Master's,Y,N,3749,2002,Northeast,8076.72,Year,Y,Certified
EZYV21911,North America,Bachelor's,Y,N,3024,1973,Midwest,10516.55,Year,Y,Denied
EZYV3030,Europe,Bachelor's,Y,N,1475,2012,West,18320.45,Year,Y,Certified
EZYV25176,Asia,Master's,N,N,4800,1986,West,13576.66,Year,Y,Denied
EZYV10954,Europe,Master's,N,N,1446,2000,West,511.5375,Hour,Y,Denied
EZYV19415,North America,Bachelor's,N,N,72,1979,Northeast,83425.0,Year,Y,Denied
EZYV1762,Asia,Master's,N,N,2423,1993,Northeast,58464.31,Year,N,Denied
EZYV19874,North America,Bachelor's,Y,N,1681,1977,South,782.8119,Hour,Y,Certified
EZYV25343,Asia,High School,Y,N,736,2010,South,181607.5,Year,Y,Denied
EZYV18001,Europe,Doctorate,Y,N,386,1993,Island,44820.86,Year,Y,Certified
EZYV8755,North America,Bachelor's,N,Y,7609,2006,South,85095.73,Year,Y,Certified
EZYV6094,Europe,Master's,Y,N,163,1980,South,6251.13,Year,Y,Certified
EZYV7839,Asia,Bachelor's,Y,N,1032,1919,Northeast,40965.8,Year,Y,Certified
EZYV20993,Asia,Bachelor's,N,N,4205,1948,Northeast,42927.96,Year,Y,Certified
EZYV19353,Asia,Doctorate,N,N,1187,1998,South,68860.5,Year,Y,Certified
EZYV21871,Europe,Bachelor's,Y,N,1191,1998,Northeast,85453.28,Year,Y,Certified
EZYV25062,Asia,Master's,Y,N,1751,2007,Island,152281.71,Year,Y,Certified
EZYV24812,Asia,High School,Y,N,638,2015,Midwest,47281.06,Year,Y,Certified
EZYV15417,Asia,High School,N,Y,5219,1954,West,126826.57,Year,Y,Denied
EZYV10773,North America,Bachelor's,Y,N,2721,2005,West,117435.29,Year,Y,Certified
EZYV15409,Asia,Bachelor's,Y,N,3853,2007,West,63638.38,Year,Y,Denied
EZYV19035,Asia,Bachelor's,N,Y,1470,2001,Midwest,88644.44,Year,Y,Denied
EZYV21635,Asia,Master's,N,N,1401,1993,Northeast,123118.78,Year,N,Denied
EZYV14938,North America,Master's,N,N,1960,1984,South,65672.81,Year,Y,Certified
EZYV14903,Asia,High School,N,N,2296,1999,Midwest,130510.28,Year,Y,Denied
EZYV13656,Asia,Master's,Y,N,2107,1890,South,19578.03,Year,Y,Certified
EZYV19100,North America,Master's,Y,N,3794,1998,West,56074.94,Year,Y,Certified
EZYV13733,Asia,Master's,Y,N,2961,2007,South,50648.58,Year,Y,Certified
EZYV17783,Asia,High School,N,N,637,1968,Midwest,51159.39,Year,Y,Certified
EZYV19462,Asia,Bachelor's,Y,N,2531,2004,South,56454.45,Year,Y,Certified
EZYV13417,Asia,Master's,Y,N,4952,1936,West,7084.3,Year,Y,Certified
EZYV15180,Asia,Bachelor's,N,N,1609,2010,South,36390.96,Year,Y,Certified
EZYV9466,Asia,Bachelor's,Y,N,741,1984,Northeast,4062.34,Year,Y,Denied
EZYV231,North America,High School,N,N,284,1982,West,808.582,Hour,Y,Denied
EZYV1739,Asia,Master's,N,N,3861,1985,Midwest,66445.59,Year,Y,Certified
EZYV24411,North America,Bachelor's,N,N,2393,2006,South,893.5919,Hour,Y,Denied
EZYV1884,Asia,Bachelor's,Y,N,1438,2003,West,111464.71,Year,Y,Certified
EZYV6747,Asia,Master's,Y,N,3135,1977,Midwest,24412.58,Year,Y,Certified
EZYV21591,Asia,Bachelor's,Y,N,612,1998,South,34017.38,Year,Y,Certified
EZYV10798,Europe,Master's,Y,N,2652,2005,West,27198.0,Year,Y,Certified
EZYV9094,Asia,Master's,Y,N,849,1993,Northeast,86389.93,Year,Y,Certified
EZYV18091,Asia,Bachelor's,N,N,162,2006,South,76181.99,Year,Y,Certified
EZYV10603,North America,Bachelor's,Y,N,1208,2005,Northeast,36344.87,Year,Y,Denied
EZYV4860,Asia,Master's,N,N,81614,2001,West,55398.75,Year,Y,Certified
EZYV18159,Asia,Bachelor's,N,Y,318,1961,Midwest,123125.64,Year,Y,Certified
EZYV25228,North America,Bachelor's,N,N,1505,2003,Midwest,124266.45,Year,N,Certified
EZYV6092,Asia,Master's,N,N,2973,1995,South,672.5571,Hour,Y,Certified
EZYV5426,North America,Doctorate,Y,N,4353,1998,South,7974.79,Year,Y,Certified
EZYV23156,Europe,Doctorate,Y,N,1688,1839,Northeast,109348.88,Year,Y,Certified
EZYV22640,Asia,Master's,N,N,3403,1968,South,12364.53,Year,Y,Certified
EZYV12,Asia,High School,Y,N,4069,2005,Northeast,70813.09,Year,Y,Denied
EZYV21843,Asia,Bachelor's,Y,N,4909,1986,West,9671.6,Year,Y,Certified
EZYV10578,Asia,Bachelor's,Y,N,1635,1979,West,75728.04,Year,Y,Denied
EZYV21819,Asia,Bachelor's,N,N,2197,2000,Northeast,40141.67,Year,Y,Certified
EZYV10095,Asia,Master's,Y,N,882,1968,West,107551.18,Year,Y,Certified
EZYV25236,Africa,Master's,N,N,4456,1982,South,128197.11,Year,Y,Certified
EZYV261,Asia,Bachelor's,N,N,1310,2007,South,141372.27,Year,Y,Certified
EZYV1373,Asia,Master's,N,N,347,1965,West,34468.68,Year,Y,Denied
EZYV14597,Europe,Master's,Y,N,5235,1991,West,70130.99,Year,Y,Certified
EZYV12360,South America,Master's,N,N,1032,1992,Northeast,103910.7,Year,N,Denied
EZYV10410,Asia,Master's,Y,N,1352,2006,Midwest,52521.86,Year,Y,Certified
EZYV1757,Asia,Master's,Y,N,1148,2004,Midwest,98408.54,Year,Y,Certified
EZYV5202,Asia,Master's,Y,N,1235,2012,West,139.8032,Hour,Y,Certified
EZYV18343,Europe,High School,N,N,3643,1914,Northeast,4321.77,Year,Y,Certified
EZYV8095,North America,Bachelor's,N,N,3327,2004,South,84501.04,Year,Y,Certified
EZYV18494,North America,Bachelor's,Y,Y,150,2005,South,84339.23,Year,Y,Denied
EZYV8946,Asia,Master's,Y,N,1054,1925,Midwest,246525.47,Year,N,Certified
EZYV14345,Europe,Bachelor's,N,Y,4425,2008,South,73657.29,Year,Y,Denied
EZYV13095,South America,Master's,Y,N,640,1920,West,60562.68,Year,Y,Denied
EZYV9885,Europe,Bachelor's,Y,N,984,1892,South,20643.7,Year,Y,Certified
EZYV8319,Asia,High School,N,N,728,1847,Northeast,57708.2,Year,Y,Denied
EZYV6468,Asia,Master's,Y,N,738,1932,South,36976.34,Year,Y,Certified
EZYV24673,Asia,Bachelor's,N,N,349,2004,South,58.5781,Hour,Y,Certified
EZYV2926,Asia,Bachelor's,Y,N,2280,1996,West,78636.21,Year,Y,Certified
EZYV24317,Asia,Bachelor's,N,N,1282,1981,Northeast,9581.59,Year,Y,Denied
EZYV10234,Africa,Bachelor's,N,N,63,1990,Northeast,697.8354,Hour,Y,Denied
EZYV18572,Asia,Bachelor's,Y,N,2952,1983,Island,120939.22,Year,N,Certified
EZYV11992,Europe,Bachelor's,Y,N,1640,1973,West,101978.99,Year,Y,Certified
EZYV3063,North America,Bachelor's,N,N,2958,2005,South,64913.28,Year,Y,Denied
EZYV783,Europe,Bachelor's,Y,N,4879,1998,Northeast,35244.7,Year,Y,Certified
EZYV7055,Asia,Master's,Y,N,1756,1978,Island,54159.43,Year,N,Certified
EZYV20617,Asia,Bachelor's,N,N,1209,2000,Northeast,52666.45,Year,Y,Certified
EZYV18792,Asia,Bachelor's,Y,N,741,1946,South,124957.72,Year,N,Denied
EZYV2993,Asia,High School,Y,N,1219,1996,West,58299.79,Year,Y,Denied
EZYV12586,Asia,Bachelor's,N,N,247,2001,Northeast,59328.04,Year,Y,Certified
EZYV19165,Asia,Bachelor's,Y,N,845,2004,Northeast,103554.93,Year,Y,Certified
EZYV12546,Asia,Bachelor's,Y,N,4755,1906,South,35191.22,Year,Y,Denied
EZYV24322,Europe,Doctorate,Y,N,534,1998,South,886.21,Year,Y,Certified
EZYV23534,Asia,High School,Y,N,760,1994,Midwest,95911.56,Year,Y,Certified
EZYV6431,Asia,Bachelor's,N,N,3291,1998,South,198517.74,Year,Y,Denied
EZYV14954,Asia,Master's,Y,N,2119,1908,South,142216.47,Year,Y,Certified
EZYV5843,Asia,Master's,Y,N,439,1997,Northeast,62864.96,Year,Y,Certified
EZYV11484,North America,Bachelor's,N,N,1450,1998,Northeast,52711.07,Year,Y,Certified
EZYV18807,Asia,Bachelor's,Y,Y,3698,1997,South,240153.33,Year,Y,Certified
EZYV25426,Asia,Master's,Y,N,358,1960,West,41827.63,Year,Y,Certified
EZYV11580,Asia,Bachelor's,N,Y,1981,1946,South,86679.11,Year,Y,Certified
EZYV19793,Asia,Master's,Y,N,3053,2004,Midwest,112358.6,Year,Y,Certified
EZYV14780,North America,Master's,Y,N,2727,2003,Midwest,10336.08,Year,Y,Certified
EZYV7265,Asia,Master's,N,N,1289,1941,Northeast,110763.34,Year,N,Certified
EZYV24003,Asia,High School,Y,N,2224,1999,Midwest,80961.86,Year,Y,Certified
EZYV24445,Asia,Master's,Y,N,2245,1956,West,106994.99,Year,N,Denied
EZYV10826,Asia,Bachelor's,Y,N,730,2007,Midwest,42054.93,Year,N,Certified
EZYV1285,Asia,Master's,N,N,283641,1996,Midwest,80991.08,Year,Y,Certified
EZYV17183,Asia,Bachelor's,Y,N,4702,1985,West,109371.04,Year,Y,Certified
EZYV11254,Asia,Master's,N,N,725,2005,South,22518.04,Year,Y,Certified
EZYV10352,Asia,Bachelor's,Y,N,4221,2014,Northeast,19395.62,Year,Y,Denied
EZYV19137,North America,Doctorate,Y,N,2499,1984,West,72778.76,Year,Y,Denied
EZYV13477,Asia,Master's,Y,N,1016,1998,Northeast,155696.68,Year,Y,Certified
EZYV1503,Asia,High School,Y,N,90791,1987,Northeast,139260.01,Year,Y,Denied
EZYV16725,North America,Doctorate,Y,N,1965,1997,South,128151.03,Year,N,Certified
EZYV21860,Asia,Bachelor's,N,N,1272,2011,Northeast,140159.53,Year,Y,Denied
EZYV12015,Europe,Bachelor's,Y,N,335,2001,South,74553.65,Year,Y,Certified
EZYV3066,Asia,Master's,N,Y,177,1942,South,135662.31,Year,Y,Denied
EZYV10840,Asia,Bachelor's,Y,N,3512,1965,Midwest,94322.48,Year,Y,Denied
EZYV1335,Europe,High School,Y,N,1274,2007,West,19170.82,Year,Y,Denied
EZYV18153,Asia,Bachelor's,N,N,1190,2013,South,85490.1,Year,Y,Denied
EZYV22643,Asia,Master's,Y,N,845,1994,West,131720.74,Year,Y,Certified
EZYV8819,Asia,Bachelor's,N,N,1460,2000,South,61037.51,Year,Y,Certified
EZYV25210,Asia,Bachelor's,Y,N,4735,1989,Northeast,18580.38,Year,Y,Denied
EZYV10925,Asia,Master's,Y,N,151090,2000,West,71869.19,Year,Y,Certified
EZYV17998,Asia,Master's,Y,Y,149,1977,South,159217.27,Year,Y,Certified
EZYV23034,Asia,Master's,N,N,726,1853,South,111084.42,Year,Y,Denied
EZYV17703,Asia,Bachelor's,N,N,603,1996,Northeast,559.5928,Hour,Y,Denied
EZYV7191,Asia,Bachelor's,N,Y,3074,2013,South,63326.99,Year,Y,Certified
EZYV18327,Africa,Master's,Y,N,5465,1993,Northeast,166153.15,Year,Y,Denied
EZYV23628,Asia,Bachelor's,N,N,3423,1990,Northeast,18746.56,Year,N,Denied
EZYV1006,Asia,Master's,N,N,957,2010,Northeast,537.2994,Hour,Y,Denied
EZYV20206,North America,Master's,Y,N,4161,1939,West,27471.58,Year,Y,Denied
EZYV15196,Europe,Master's,N,N,31115,2010,South,26560.21,Year,Y,Certified
EZYV20314,Asia,Bachelor's,N,N,543,1993,South,59835.54,Year,Y,Certified
EZYV11962,North America,Bachelor's,Y,N,1182,2010,Midwest,100352.79,Year,Y,Denied
EZYV23524,Asia,Bachelor's,Y,N,1181,2006,West,111890.07,Year,N,Certified
EZYV17573,Asia,Bachelor's,Y,N,4355,2001,Northeast,25828.57,Year,Y,Certified
EZYV2823,North America,Bachelor's,Y,N,484,1804,Midwest,116894.1,Year,N,Certified
EZYV11258,Europe,Doctorate,Y,N,4249,2014,Northeast,12299.95,Year,Y,Certified
EZYV15495,Asia,Master's,N,N,546,2007,Midwest,91851.79,Year,Y,Certified
EZYV5196,Europe,High School,Y,N,1220,2005,Midwest,26836.66,Year,Y,Denied
EZYV6398,Asia,High School,Y,N,2143,1889,Midwest,38503.62,Year,Y,Denied
EZYV14210,Asia,Master's,Y,N,3458,1997,South,29668.82,Year,N,Certified
EZYV13283,Asia,Master's,Y,N,4740,1994,South,43524.76,Year,Y,Certified
EZYV21670,Asia,High School,Y,N,20815,2001,Midwest,38296.33,Year,Y,Certified
EZYV5086,Europe,Bachelor's,N,N,5202,2009,South,30537.84,Year,Y,Certified
EZYV24436,Europe,Master's,N,Y,117494,1997,Midwest,64149.6,Year,Y,Certified
EZYV2846,Africa,Bachelor's,N,N,214,1929,West,212944.06,Year,Y,Denied
EZYV22291,Asia,Bachelor's,Y,N,251,1902,South,227133.68,Year,Y,Certified
EZYV24266,Asia,Master's,N,N,724,1988,Midwest,76057.98,Year,Y,Certified
EZYV14789,Asia,Doctorate,N,N,422,2003,Midwest,52550.31,Year,Y,Denied
EZYV16386,Africa,Master's,Y,N,615,1997,Midwest,72873.9,Year,Y,Certified
EZYV11222,Europe,Bachelor's,N,N,2674,1854,West,57862.23,Year,Y,Denied
EZYV9541,Asia,Master's,N,N,1768,2000,Midwest,103642.03,Year,Y,Certified
EZYV17227,Europe,Doctorate,Y,N,26646,1997,West,22750.98,Year,Y,Certified
EZYV924,Asia,Bachelor's,Y,N,3385,1997,Northeast,14671.65,Year,Y,Certified
EZYV19447,Asia,Master's,N,Y,1446,2006,South,115610.99,Year,Y,Certified
EZYV13126,Asia,Bachelor's,N,N,2065,1965,West,89707.68,Year,Y,Certified
EZYV3095,North America,Bachelor's,Y,N,77715,1878,South,529.3875,Hour,Y,Denied
EZYV9228,Asia,Bachelor's,N,Y,2471,1999,West,100860.9,Year,Y,Certified
EZYV19808,Asia,Master's,Y,N,1472,1986,South,161750.11,Year,N,Certified
EZYV21153,Asia,Bachelor's,Y,N,297,2007,South,66896.42,Year,Y,Certified
EZYV9521,Europe,Bachelor's,N,N,1661,2011,South,26060.06,Year,Y,Denied
EZYV18023,Asia,Bachelor's,Y,N,1027,2010,West,67260.79,Year,Y,Certified
EZYV16954,Asia,High School,N,N,797,1995,South,73673.0,Year,Y,Denied
EZYV3613,Europe,Doctorate,Y,Y,1806,1948,South,33094.26,Year,Y,Certified
EZYV2184,Asia,Master's,N,N,2206,1997,Northeast,109169.86,Year,N,Denied
EZYV22260,Asia,Bachelor's,Y,N,3461,1946,West,113120.97,Year,Y,Certified
EZYV9804,Europe,Bachelor's,Y,N,2802,2001,South,179740.31,Year,Y,Certified
EZYV14047,Asia,High School,N,N,1678,2009,Northeast,57170.01,Year,Y,Denied
EZYV12910,Asia,High School,Y,N,1281,2000,West,163184.52,Year,N,Denied
EZYV13114,Europe,Master's,Y,Y,2366,1999,Northeast,82804.13,Year,Y,Denied
EZYV11775,North America,High School,Y,N,1393,1852,South,116158.23,Year,Y,Denied
EZYV19414,North America,Master's,N,N,3588,2012,South,262.4586,Hour,Y,Certified
EZYV18833,Asia,Bachelor's,Y,N,362,2002,South,84874.38,Year,Y,Certified
EZYV13591,Asia,Master's,Y,N,2061,1947,Midwest,102828.79,Year,Y,Certified
EZYV17150,Europe,High School,Y,N,2920,2002,West,168336.18,Year,Y,Denied
EZYV17151,Asia,Bachelor's,Y,N,3976,1998,South,229208.81,Year,Y,Denied
EZYV16591,Asia,Bachelor's,N,N,2771,2007,South,153921.92,Year,Y,Certified
EZYV7208,Asia,Bachelor's,Y,N,3104,2004,Midwest,106409.82,Year,Y,Certified
EZYV7663,Asia,Bachelor's,Y,N,2313,2005,South,69039.77,Year,Y,Certified
EZYV24682,Asia,Bachelor's,N,N,222,2008,Northeast,42419.61,Year,Y,Certified
EZYV1801,Asia,Bachelor's,Y,N,4709,1995,West,52271.85,Year,Y,Certified
EZYV16726,Asia,Bachelor's,Y,N,4343,1880,Midwest,12559.14,Year,N,Denied
EZYV11273,Asia,Bachelor's,N,Y,280,1975,West,1066.19,Year,Y,Certified
EZYV20186,Asia,Bachelor's,Y,N,1276,1984,West,86755.56,Year,N,Certified
EZYV17994,Asia,Master's,N,N,6180,2009,South,61687.78,Year,N,Certified
EZYV9940,Europe,Master's,Y,N,1441,1982,South,22263.9,Year,Y,Certified
EZYV7275,Asia,Master's,N,N,721,2007,Northeast,61119.47,Year,N,Certified
EZYV25294,North America,Bachelor's,N,N,350,1996,South,154.53,Hour,Y,Denied
EZYV2575,Asia,Bachelor's,N,N,1897,1997,South,44447.67,Year,Y,Certified
EZYV616,Asia,Master's,Y,N,5474,1861,Northeast,47998.71,Year,Y,Certified
EZYV21669,Asia,Master's,N,N,1506,1960,South,99333.16,Year,N,Certified
EZYV13642,Europe,Master's,Y,N,3266,1985,West,19549.61,Year,Y,Certified
EZYV12395,Europe,Master's,Y,N,3076,2010,West,56401.69,Year,Y,Certified
EZYV21713,Asia,Master's,N,N,2016,2007,West,146849.82,Year,Y,Denied
EZYV14336,Africa,Master's,Y,N,1069,2001,West,150954.33,Year,Y,Certified
EZYV21507,Asia,Master's,N,Y,1828,2007,West,116162.85,Year,Y,Certified
EZYV23422,Asia,Bachelor's,Y,N,4287,2007,West,90100.4,Year,Y,Denied
EZYV19749,Asia,High School,N,N,3569,2013,Midwest,130753.83,Year,N,Denied
EZYV3679,Asia,Master's,Y,N,3521,2008,South,114031.24,Year,Y,Certified
EZYV9776,Asia,Bachelor's,Y,N,6794,1998,South,33164.83,Year,Y,Certified
EZYV8125,Asia,Bachelor's,N,N,558,1999,Northeast,88265.92,Year,Y,Denied
EZYV19837,Asia,Master's,Y,N,1784,1904,South,98244.09,Week,Y,Denied
EZYV262,Asia,Master's,N,Y,2854,1843,Northeast,138642.17,Year,Y,Denied
EZYV16419,Asia,Master's,Y,N,311,1962,Northeast,91917.15,Year,Y,Certified
EZYV15525,Asia,Master's,Y,N,3691,2001,South,147017.69,Year,Y,Certified
EZYV9046,Asia,High School,Y,N,4726,1988,Midwest,181.87,Year,Y,Denied
EZYV7257,North America,High School,Y,N,664,2012,Northeast,23565.43,Year,Y,Certified
EZYV15481,Asia,Bachelor's,Y,N,5490,2013,South,47270.46,Year,Y,Certified
EZYV17898,Europe,Bachelor's,Y,Y,2186,2007,Northeast,184556.44,Year,Y,Certified
EZYV10272,Europe,Bachelor's,N,Y,50,2009,Midwest,36025.97,Year,Y,Denied
EZYV14369,Asia,Master's,N,N,1285,1984,Midwest,67884.03,Year,Y,Certified
EZYV18796,Asia,Bachelor's,Y,Y,190,1994,South,62307.04,Year,Y,Denied
EZYV8936,Europe,Master's,Y,N,501,2004,Northeast,3249.72,Year,Y,Certified
EZYV4685,Europe,Doctorate,Y,N,4315,1868,South,135.17,Year,Y,Certified
EZYV17999,Asia,Master's,Y,N,4448,1945,South,727.0036,Hour,Y,Certified
EZYV19395,Asia,Bachelor's,Y,N,4460,1999,West,14134.99,Year,Y,Certified
EZYV21063,Asia,Master's,N,N,3056,2000,Northeast,11434.13,Year,Y,Denied
EZYV7623,Asia,High School,Y,N,2448,2008,Midwest,140511.78,Year,Y,Denied
EZYV107,Asia,Bachelor's,N,N,890,1981,West,64137.41,Year,Y,Denied
EZYV18168,Asia,Bachelor's,Y,N,3899,1939,Midwest,135156.71,Year,Y,Certified
EZYV2475,Asia,Doctorate,N,N,1001,2007,South,178.0827,Hour,Y,Certified
EZYV3870,South America,Bachelor's,N,N,4445,2003,Midwest,60319.9,Week,Y,Denied
EZYV10814,Asia,Bachelor's,N,N,3275,2006,Northeast,128330.67,Year,N,Denied
EZYV3627,Asia,Master's,N,N,510,2001,Northeast,60625.81,Year,Y,Denied
EZYV19995,Asia,Bachelor's,N,Y,3291,2000,Northeast,141162.58,Month,Y,Certified
EZYV586,Asia,High School,N,N,1850,2009,Northeast,71328.02,Year,Y,Denied
EZYV5883,Asia,Master's,Y,N,1908,1985,Northeast,53811.82,Year,Y,Certified
EZYV14144,South America,Bachelor's,Y,N,1387,1969,Midwest,75410.57,Year,Y,Certified
EZYV15664,Europe,Master's,N,N,4223,1984,West,69104.39,Year,Y,Certified
EZYV10537,Africa,Bachelor's,N,N,1551,2009,Northeast,75585.88,Year,Y,Certified
EZYV20043,Asia,Doctorate,N,Y,3141,1885,West,43925.57,Year,Y,Certified
EZYV21878,Europe,Master's,N,N,2576,1887,Northeast,50177.02,Week,Y,Certified
EZYV708,North America,Bachelor's,Y,N,970,1986,West,80373.13,Year,Y,Certified
EZYV8176,Asia,Master's,Y,N,3585,2008,Northeast,98998.56,Year,N,Certified
EZYV2970,Asia,High School,Y,N,1136,2004,Northeast,53973.31,Year,Y,Denied
EZYV5796,Asia,Master's,Y,N,4918,2003,West,78424.77,Year,Y,Certified
EZYV20538,Europe,Master's,Y,N,1582,1997,South,64495.7,Year,Y,Certified
EZYV10483,Asia,Bachelor's,N,Y,791,1855,South,78152.18,Year,Y,Certified
EZYV11767,Asia,Master's,Y,N,1939,1985,Midwest,145870.82,Year,Y,Certified
EZYV21798,North America,Master's,Y,N,1450,1976,Northeast,95958.84,Year,Y,Denied
EZYV18450,Asia,High School,N,N,2780,2013,West,77774.67,Year,Y,Certified
EZYV7387,Asia,Bachelor's,N,N,3847,1995,Northeast,89536.0,Year,Y,Certified
EZYV24385,Europe,Doctorate,Y,Y,2965,1960,West,16815.0,Year,Y,Certified
EZYV1583,Asia,Bachelor's,N,N,1426,2007,Midwest,99789.16,Year,Y,Certified
EZYV20620,North America,Bachelor's,N,N,5903,1986,Island,165628.74,Year,Y,Denied
EZYV531,Asia,Master's,Y,N,3238,1996,Northeast,73896.5,Year,Y,Certified
EZYV23792,Asia,Master's,Y,N,28870,2000,South,102438.68,Year,N,Certified
EZYV18329,Asia,Master's,Y,N,3271,2004,West,57462.43,Year,Y,Certified
EZYV6959,North America,Bachelor's,Y,N,170,1899,Northeast,30424.64,Year,Y,Denied
EZYV9825,Asia,Doctorate,N,N,2529,2012,West,13531.19,Year,Y,Certified
EZYV3176,Asia,Bachelor's,N,N,2382,1873,West,22056.23,Year,Y,Denied
EZYV17563,Asia,Bachelor's,Y,N,1531,2004,Northeast,221524.92,Year,Y,Certified
EZYV10120,South America,Bachelor's,N,Y,196,1989,West,104579.06,Year,Y,Denied
EZYV7064,South America,Master's,Y,N,3325,1934,Midwest,56716.29,Year,Y,Certified
EZYV20013,Asia,Bachelor's,Y,N,51,2007,Midwest,81750.32,Year,Y,Denied
EZYV13470,Asia,Master's,Y,N,2512,1929,South,107023.01,Year,Y,Certified
EZYV11073,Asia,Master's,N,N,1169,2001,Midwest,239894.57,Year,N,Certified
EZYV11342,Oceania,Bachelor's,Y,N,2244,1994,South,86803.98,Year,N,Certified
EZYV8629,Asia,Bachelor's,N,N,1124,1893,Midwest,46143.6,Year,Y,Certified
EZYV5570,Asia,Bachelor's,Y,N,2430,2005,South,14545.5,Year,Y,Certified
EZYV21531,Asia,Bachelor's,Y,N,3032,2003,South,53882.15,Year,Y,Certified
EZYV1379,Asia,Bachelor's,Y,N,127571,1911,West,103123.11,Year,Y,Certified
EZYV12256,Europe,Doctorate,Y,N,2625,2005,Northeast,87661.44,Year,Y,Certified
EZYV2498,Asia,Bachelor's,N,N,3518,1873,South,127084.5,Year,Y,Certified
EZYV4647,North America,Bachelor's,N,N,407,1838,South,103753.44,Year,Y,Denied
EZYV2300,Africa,Doctorate,N,N,3039,1964,West,22543.98,Year,Y,Denied
EZYV16293,North America,Master's,N,N,778,1874,Northeast,115.63,Hour,Y,Certified
EZYV11826,Asia,High School,N,N,1385,2012,South,29987.04,Year,Y,Denied
EZYV5526,North America,Bachelor's,Y,N,4432,1956,South,502.9275,Hour,Y,Denied
EZYV10248,Asia,Master's,Y,N,269,2013,West,108166.42,Year,Y,Certified
EZYV18545,Asia,High School,Y,N,1642,2005,Midwest,42929.18,Year,Y,Certified
EZYV21660,Europe,Bachelor's,Y,Y,1934,1995,South,91296.43,Year,Y,Certified
EZYV11522,Europe,High School,Y,N,4403,1925,Northeast,119133.21,Year,Y,Denied
EZYV24461,Asia,Master's,Y,N,2065,1985,South,124434.41,Year,N,Certified
EZYV20294,South America,Bachelor's,Y,N,879,1905,South,896.7055,Hour,Y,Certified
EZYV11284,Asia,Bachelor's,N,N,1596,2005,Midwest,119308.95,Year,Y,Certified
EZYV13878,Asia,Master's,Y,N,356,2001,West,158885.13,Year,N,Certified
EZYV164,Asia,Bachelor's,Y,N,816,1947,South,113212.16,Year,Y,Certified
EZYV12145,Asia,Master's,N,N,3877,1989,South,113554.17,Year,N,Denied
EZYV2298,Asia,High School,Y,N,633,2009,Northeast,89394.5,Week,Y,Denied
EZYV3412,North America,Bachelor's,N,N,3424,2009,Midwest,656.6898,Hour,Y,Denied
EZYV16129,Asia,High School,N,N,3903,1996,Midwest,100133.13,Year,Y,Certified
EZYV24766,North America,Bachelor's,Y,N,2794,2001,South,107104.72,Year,Y,Certified
EZYV9447,Asia,Bachelor's,N,N,1938,2000,Northeast,133514.87,Year,Y,Certified
EZYV14248,Europe,Bachelor's,N,N,1327,1997,West,13556.22,Year,Y,Certified
EZYV17116,Asia,Master's,N,N,766,1900,Midwest,146777.9,Year,Y,Certified
EZYV2671,North America,Master's,Y,N,2327,2006,Northeast,71716.87,Year,Y,Certified
EZYV6762,Asia,Master's,N,N,1880,1858,Northeast,7122.31,Year,Y,Certified
EZYV8671,Asia,High School,Y,N,2524,1991,South,113.09,Hour,Y,Denied
EZYV18934,Asia,Master's,N,N,348,1880,Northeast,159900.07,Year,N,Denied
EZYV22273,Europe,Master's,Y,Y,13382,1912,West,249452.91,Year,Y,Certified
EZYV11167,Asia,Bachelor's,Y,N,5670,2003,West,101125.76,Year,Y,Denied
EZYV25409,Africa,Master's,Y,Y,1671,1992,Midwest,55756.35,Year,Y,Certified
EZYV1028,Asia,Master's,Y,Y,770,1997,West,150091.79,Year,Y,Certified
EZYV25390,Asia,Bachelor's,Y,N,26031,2009,West,25357.4,Year,Y,Certified
EZYV15201,Asia,High School,N,Y,104262,1853,Midwest,53026.38,Year,Y,Denied
EZYV13820,North America,Bachelor's,Y,N,56287,2014,Northeast,111124.02,Year,N,Denied
EZYV11313,Asia,Master's,Y,N,1834,1995,South,832.6108,Hour,Y,Certified
EZYV2419,Asia,High School,N,N,2259,1998,Midwest,114808.95,Year,Y,Certified
EZYV5005,Europe,Master's,Y,N,402,1995,South,114753.26,Year,Y,Certified
EZYV23080,Asia,High School,Y,N,1305,1984,West,119568.11,Year,Y,Certified
EZYV15826,Asia,Master's,N,N,1878,2009,Midwest,36106.83,Year,Y,Certified
EZYV11614,Asia,High School,Y,N,304,2004,Northeast,110256.81,Year,Y,Denied
EZYV5606,Asia,Master's,N,N,2258,1998,Northeast,20013.09,Year,Y,Certified
EZYV385,Asia,Bachelor's,Y,N,720,2001,West,124317.33,Year,Y,Certified
EZYV14652,Europe,Bachelor's,N,N,1115,1997,Northeast,949.4941,Hour,Y,Denied
EZYV24201,North America,Master's,N,Y,234,1981,Midwest,41241.37,Year,Y,Denied
EZYV22378,Asia,Bachelor's,N,N,3731,1818,Midwest,16111.61,Year,Y,Denied
EZYV17477,North America,Bachelor's,N,N,4678,1988,Northeast,135817.09,Year,N,Denied
EZYV3107,Europe,Master's,Y,N,147,2007,Midwest,92462.43,Year,Y,Certified
EZYV20573,Asia,Bachelor's,Y,N,50,1998,South,63485.6,Year,Y,Denied
EZYV13463,North America,Master's,N,N,1463,1995,South,157909.49,Year,Y,Certified
EZYV11651,Asia,High School,Y,N,175,2003,Northeast,67010.19,Year,Y,Denied
EZYV20112,Asia,Bachelor's,Y,N,1959,2008,Northeast,50418.81,Year,Y,Certified
EZYV3780,Asia,Master's,N,N,4178,1988,Midwest,104572.62,Year,Y,Denied
EZYV8339,Asia,Master's,N,Y,996,1998,South,72550.43,Year,Y,Certified
EZYV15406,Asia,Master's,N,N,98,1810,Midwest,68068.25,Year,N,Certified
EZYV7170,Asia,Doctorate,N,N,1758,2004,Northeast,92411.35,Year,Y,Certified
EZYV18523,Asia,Bachelor's,N,N,3168,2010,West,6457.02,Year,Y,Certified
EZYV14713,Asia,Master's,N,N,6103,1971,West,84155.53,Year,Y,Certified
EZYV12211,Asia,Bachelor's,Y,N,6698,1997,South,123092.38,Year,Y,Certified
EZYV12178,South America,Bachelor's,Y,Y,1199,1968,West,7098.07,Year,Y,Certified
EZYV21741,Asia,Bachelor's,N,N,3055,2001,South,52185.85,Year,Y,Certified
EZYV14113,Asia,Master's,Y,N,3178,2001,Northeast,1056.95,Year,Y,Certified
EZYV352,Asia,Bachelor's,N,N,2280,2011,Midwest,37069.3,Year,Y,Certified
EZYV20593,Asia,Bachelor's,Y,N,1586,2003,West,5400.02,Year,Y,Denied
EZYV5468,Europe,High School,N,N,525,2008,West,123457.29,Year,Y,Denied
EZYV3753,Asia,Master's,Y,N,2374,1998,West,129632.27,Year,N,Certified
EZYV18784,Asia,Master's,Y,N,2506,2003,Northeast,58999.95,Year,Y,Certified
EZYV1964,Asia,Bachelor's,N,N,2240,1992,Northeast,36934.32,Year,Y,Denied
EZYV16623,Asia,Bachelor's,Y,N,746,1995,Northeast,81384.88,Year,Y,Certified
EZYV17492,Europe,Master's,N,N,2500,1915,West,49424.43,Year,N,Certified
EZYV12921,Asia,Bachelor's,N,N,1537,1997,South,110000.72,Year,Y,Denied
EZYV23540,Asia,High School,Y,N,2354,2007,Midwest,57658.1,Year,Y,Certified
EZYV23358,Europe,Doctorate,N,N,1942,1838,Northeast,58490.53,Year,Y,Certified
EZYV7153,Asia,Bachelor's,N,N,254,1977,West,615.3414,Hour,Y,Denied
EZYV24572,North America,Master's,Y,N,1226,2011,Island,87563.23,Year,Y,Certified
EZYV11179,South America,Master's,Y,N,1227,1999,South,31327.98,Year,Y,Certified
EZYV21259,Europe,Master's,Y,Y,277,1996,South,25331.81,Year,Y,Certified
EZYV9147,Asia,Master's,N,N,184,1981,Northeast,101731.52,Year,Y,Certified
EZYV3671,Asia,Bachelor's,Y,N,3974,1999,South,4007.1,Year,Y,Certified
EZYV20242,Asia,Bachelor's,N,N,1528,1998,Midwest,119876.47,Year,Y,Certified
EZYV11892,Asia,Master's,Y,N,830,1983,Midwest,91381.96,Week,Y,Certified
EZYV9064,Asia,Bachelor's,Y,N,2366,1997,West,90193.36,Year,Y,Certified
EZYV1588,Asia,Bachelor's,Y,N,718,2000,Northeast,49247.1,Month,Y,Certified
EZYV20863,North America,High School,Y,N,2294,1901,West,18643.35,Year,Y,Certified
EZYV6281,North America,Master's,Y,N,740,1993,Midwest,14036.3,Year,Y,Certified
EZYV15640,Asia,Master's,Y,N,1763,2004,Northeast,119236.35,Year,Y,Certified
EZYV12745,North America,Master's,N,N,1489,2003,South,23885.28,Year,Y,Certified
EZYV10113,North America,Doctorate,Y,N,776,1988,Northeast,126481.29,Year,Y,Certified
EZYV18871,North America,Bachelor's,Y,N,439,1925,South,115985.54,Year,N,Denied
EZYV1011,Europe,High School,N,Y,4223,1993,Midwest,144384.1,Year,Y,Certified
EZYV12229,South America,Master's,Y,N,5674,1999,West,42627.42,Year,Y,Denied
EZYV6563,Asia,Master's,N,N,1383,2004,Midwest,718.027,Hour,Y,Certified
EZYV2027,Asia,Bachelor's,N,N,338,2005,South,222730.57,Year,Y,Certified
EZYV3211,Europe,Bachelor's,Y,N,4235,2013,West,613.71,Year,Y,Certified
EZYV15923,Asia,Bachelor's,N,N,603,2004,Northeast,100684.95,Year,Y,Denied
EZYV9683,Asia,Bachelor's,Y,N,1415,1997,South,58187.75,Week,Y,Certified
EZYV4226,Asia,Master's,N,N,768,2002,Northeast,128.37,Hour,Y,Denied
EZYV16739,Asia,Master's,Y,N,1253,1982,West,59244.17,Year,Y,Certified
EZYV16788,North America,Master's,N,N,1413,1993,Northeast,48219.65,Year,Y,Certified
EZYV23206,Asia,Master's,Y,N,3713,1867,West,5297.8,Year,Y,Certified
EZYV6255,Europe,Master's,Y,N,2696,2002,West,31708.91,Year,Y,Certified
EZYV02,Asia,Master's,Y,N,2412,2002,Northeast,83425.65,Year,Y,Certified
EZYV21311,Europe,Master's,Y,N,2783,1998,South,67813.89,Year,Y,Certified
EZYV21422,Asia,Master's,N,N,1177,1998,West,122629.45,Year,Y,Denied
EZYV14681,Europe,Bachelor's,Y,N,2586,1999,Northeast,9801.82,Year,Y,Certified
EZYV16014,Oceania,Master's,N,N,16922,2003,West,43471.33,Year,Y,Certified
EZYV21838,Asia,Master's,Y,N,3405,2009,West,86129.67,Year,Y,Denied
EZYV11049,Asia,Bachelor's,Y,N,3232,2005,South,113268.46,Year,Y,Denied
EZYV4004,Europe,Master's,Y,N,126,2003,South,39685.37,Year,Y,Certified
EZYV24530,Asia,Bachelor's,Y,N,1666,2004,Northeast,121659.78,Year,Y,Denied
EZYV19936,Europe,Master's,Y,N,1207,1995,Northeast,109019.65,Year,Y,Denied
EZYV3956,North America,Master's,Y,N,1052,2012,Northeast,54020.8,Year,N,Certified
EZYV9916,Asia,Bachelor's,N,N,2332,1863,South,52517.06,Year,Y,Certified
EZYV7211,Asia,Bachelor's,Y,N,2841,1999,South,49817.21,Year,Y,Denied
EZYV23554,Asia,Master's,Y,N,679,2000,South,62007.94,Year,Y,Certified
EZYV12401,Asia,Master's,Y,N,3169,1968,Midwest,85415.78,Year,N,Certified
EZYV5932,Europe,Bachelor's,Y,N,3646,2007,West,56172.72,Year,Y,Certified
EZYV21289,North America,Master's,Y,N,85,1933,South,54259.68,Year,Y,Certified
EZYV13171,Asia,Bachelor's,Y,N,2274,1875,South,57490.42,Year,Y,Certified
EZYV20416,Europe,High School,N,Y,4204,2003,Northeast,152928.01,Year,Y,Certified
EZYV15380,Asia,Bachelor's,N,N,67698,2011,South,261554.61,Year,Y,Certified
EZYV16628,Asia,Bachelor's,Y,N,105495,1999,Midwest,120929.26,Year,Y,Denied
EZYV18640,Asia,Bachelor's,Y,Y,548,2010,West,100453.56,Year,Y,Denied
EZYV8333,Asia,Master's,Y,N,1192,1999,Midwest,119004.86,Year,Y,Certified
EZYV7486,Asia,Master's,N,N,3451,2011,Midwest,128852.61,Year,Y,Certified
EZYV3001,Asia,High School,Y,N,3138,2005,West,114979.89,Year,Y,Denied
EZYV6112,Europe,Doctorate,Y,N,1170,1997,West,6665.96,Year,Y,Certified
EZYV20075,Asia,Bachelor's,N,N,829,1988,Northeast,87549.33,Year,Y,Certified
EZYV17612,North America,Master's,Y,N,1989,1969,South,34518.25,Year,N,Certified
EZYV10285,Asia,Bachelor's,Y,N,2206,2010,Northeast,88292.44,Year,N,Denied
EZYV2346,Asia,Bachelor's,N,N,1169,1997,West,33869.98,Year,Y,Denied
EZYV6296,South America,Master's,N,N,932,1981,Northeast,85677.02,Year,Y,Certified
EZYV1842,Asia,Master's,Y,N,1124,2008,South,68680.66,Year,Y,Certified
EZYV4183,Asia,Master's,N,Y,451,1999,South,43535.81,Year,Y,Denied
EZYV12392,Asia,Master's,N,N,296,2003,Northeast,161303.75,Year,N,Certified
EZYV2857,Asia,Bachelor's,N,Y,20682,1997,Northeast,198071.34,Year,N,Denied
EZYV10920,Asia,Doctorate,N,N,605,1996,Northeast,17.4747,Hour,Y,Certified
EZYV2967,Asia,Bachelor's,N,N,2395,2008,South,74475.65,Year,Y,Denied
EZYV22819,Asia,Bachelor's,Y,N,3660,1947,Midwest,30798.27,Year,N,Certified
EZYV10061,Asia,Master's,N,N,64,1863,Northeast,675.3657,Hour,Y,Certified
EZYV6123,Asia,High School,Y,N,250,1998,South,116347.15,Year,N,Denied
EZYV9078,North America,Master's,Y,N,1306,1972,South,78592.4,Year,Y,Certified
EZYV4317,Europe,Master's,N,N,1122,2000,West,119860.3,Year,Y,Certified
EZYV13244,Europe,Master's,N,N,1863,1988,Midwest,22489.25,Year,Y,Denied
EZYV18994,Asia,Master's,Y,N,1499,1994,West,24917.84,Year,N,Certified
EZYV12354,North America,High School,N,Y,1941,2001,West,43859.11,Year,Y,Denied
EZYV3865,Europe,Doctorate,N,N,412207,1984,South,9789.32,Year,Y,Certified
EZYV4219,Asia,Bachelor's,Y,N,4116,2008,West,71500.57,Year,Y,Certified
EZYV3637,Asia,Master's,Y,N,3968,2001,Midwest,84472.54,Year,Y,Certified
EZYV9557,Asia,Bachelor's,Y,N,1124,2007,West,142375.23,Year,Y,Certified
EZYV23549,Asia,Bachelor's,Y,N,4047,2005,Northeast,85619.98,Year,Y,Certified
EZYV16879,Asia,Bachelor's,Y,Y,1173,2010,West,115305.96,Year,Y,Certified
EZYV14474,Asia,High School,N,N,1147,1995,Island,55253.09,Year,Y,Denied
EZYV2422,Asia,Master's,Y,N,1076,2011,West,33413.24,Year,Y,Certified
EZYV13163,Asia,Bachelor's,Y,N,2661,2008,Northeast,122814.02,Year,Y,Certified
EZYV20598,Europe,Bachelor's,N,N,2040,2006,West,24467.55,Year,Y,Certified
EZYV24074,North America,Bachelor's,Y,N,2595,2011,Northeast,114256.22,Year,Y,Denied
EZYV13358,Asia,Master's,Y,N,601,1998,Midwest,87628.76,Week,Y,Certified
EZYV18967,Asia,Master's,N,N,1182,2000,Midwest,100805.29,Year,N,Certified
EZYV17788,Europe,Master's,N,N,838,1994,West,78409.22,Year,Y,Certified
EZYV17285,Asia,Master's,N,Y,317,1999,Midwest,88237.89,Year,Y,Certified
EZYV15150,Asia,Bachelor's,Y,N,93525,2000,South,52726.73,Year,Y,Certified
EZYV9793,Asia,High School,Y,N,4171,2004,South,14666.85,Year,Y,Denied
EZYV21353,North America,Master's,Y,N,1735,1989,West,29970.61,Year,Y,Denied
EZYV7916,Asia,Master's,Y,N,3855,1996,South,28049.3,Year,Y,Certified
EZYV8790,Asia,Bachelor's,Y,N,52,1944,West,96635.78,Year,Y,Certified
EZYV5173,North America,Bachelor's,Y,N,3778,2010,Northeast,48782.02,Year,Y,Denied
EZYV23319,Asia,High School,Y,N,3948,1880,Northeast,80098.97,Year,Y,Certified
EZYV9014,North America,Bachelor's,Y,N,876,1968,South,44791.44,Year,Y,Denied
EZYV17388,North America,Bachelor's,N,N,3182,1977,Northeast,95796.28,Year,Y,Denied
EZYV15239,Europe,Master's,Y,Y,58059,1817,Midwest,29237.53,Year,Y,Certified
EZYV34,Asia,High School,N,N,2395,2000,South,81921.18,Year,Y,Certified
EZYV11245,Asia,Master's,N,N,14581,1975,West,33269.74,Year,Y,Denied
EZYV5868,Asia,Bachelor's,N,N,22126,2011,Northeast,37142.95,Year,Y,Certified
EZYV5499,Asia,Master's,Y,N,2022,1889,Northeast,72229.67,Year,Y,Certified
EZYV3365,Asia,Bachelor's,Y,N,682,1983,Midwest,73414.7,Week,Y,Certified
EZYV24525,South America,Master's,Y,N,966,1997,West,19988.02,Year,Y,Certified
EZYV22045,Asia,Master's,Y,N,35124,1998,Northeast,6818.27,Year,Y,Certified
EZYV3049,North America,Bachelor's,N,N,518,2012,Northeast,66410.77,Year,Y,Denied
EZYV16347,Asia,High School,N,N,2396,1991,Northeast,144551.3,Year,Y,Certified
EZYV18014,Asia,Doctorate,Y,N,2698,1999,South,63217.12,Year,Y,Certified
EZYV13056,Asia,Doctorate,Y,N,992,1977,South,85173.65,Year,Y,Certified
EZYV5142,Asia,High School,Y,N,259,1981,Midwest,88938.94,Year,Y,Denied
EZYV8105,Asia,Bachelor's,Y,N,3389,1885,Midwest,113151.51,Year,Y,Certified
EZYV22691,Asia,High School,N,N,3806,2001,Midwest,109006.49,Year,Y,Certified
EZYV5697,Europe,Master's,N,N,4101,2010,Northeast,54342.79,Year,N,Certified
EZYV11932,Asia,Bachelor's,Y,N,2533,2006,Northeast,69059.01,Year,Y,Certified
EZYV21618,Asia,Master's,Y,N,907,2009,South,74930.99,Year,Y,Certified
EZYV931,Asia,Bachelor's,Y,N,2083,1947,West,98871.58,Year,Y,Certified
EZYV4241,North America,Bachelor's,N,N,3738,1985,Midwest,981.709,Hour,Y,Denied
EZYV10260,Asia,Bachelor's,N,N,1454,1974,West,128.76,Hour,Y,Denied
EZYV457,Europe,Bachelor's,N,N,3542,1963,Northeast,248.6583,Hour,Y,Certified
EZYV5071,Asia,Master's,N,N,2346,1984,Midwest,76602.84,Year,Y,Certified
EZYV16661,Asia,Master's,N,N,2468,1941,West,118091.93,Year,Y,Certified
EZYV20071,Asia,Bachelor's,Y,N,3380,2011,West,118024.81,Year,Y,Certified
EZYV13554,Europe,Doctorate,Y,N,3421,1984,Northeast,87403.77,Year,Y,Certified
EZYV2516,Asia,Master's,N,N,2185,1997,Northeast,74163.03,Year,Y,Denied
EZYV4781,Asia,Master's,Y,N,4268,2008,South,228074.25,Year,N,Certified
EZYV7003,North America,Master's,N,N,4207,2000,West,81046.07,Year,Y,Denied
EZYV5377,Europe,Bachelor's,Y,N,1782,1852,West,52701.9,Year,Y,Certified
EZYV11838,Asia,Bachelor's,N,N,585,2013,West,1387.65,Year,Y,Denied
EZYV15203,Asia,Bachelor's,Y,N,1315,1999,West,154341.52,Year,Y,Certified
EZYV7325,Africa,Master's,N,N,3572,1989,Midwest,47428.58,Year,Y,Certified
EZYV17400,Asia,Master's,Y,N,4801,1977,Northeast,8123.95,Year,Y,Denied
EZYV8593,Asia,High School,Y,N,4189,2013,Midwest,18929.6,Year,Y,Denied
EZYV11850,North America,Doctorate,N,N,4149,1997,Northeast,87889.39,Year,Y,Certified
EZYV16449,North America,Master's,Y,N,1177,1979,Northeast,313.4667,Hour,Y,Certified
EZYV2796,Asia,Master's,Y,N,487,2004,South,81999.94,Year,Y,Certified
EZYV12713,Europe,Master's,N,N,1483,1911,South,95294.35,Year,Y,Certified
EZYV8865,Asia,Bachelor's,N,Y,286,1986,South,91934.83,Year,Y,Certified
EZYV5558,Africa,Master's,Y,N,5010,1996,Island,78560.27,Year,Y,Certified
EZYV7548,Asia,Bachelor's,Y,N,976,2007,West,100454.79,Year,Y,Certified
EZYV11730,Asia,High School,Y,N,1880,2003,West,231138.15,Year,Y,Denied
EZYV23399,Europe,Bachelor's,N,N,2816,1984,Northeast,29070.29,Year,Y,Certified
EZYV1969,Asia,Bachelor's,N,N,2677,1836,Midwest,124187.69,Year,Y,Certified
EZYV1743,Europe,Bachelor's,Y,N,2258,2004,West,136558.18,Year,Y,Certified
EZYV5298,Asia,Bachelor's,Y,N,1561,1981,Island,85567.54,Year,Y,Certified
EZYV24157,Asia,Bachelor's,N,N,642,1994,West,142223.08,Year,Y,Certified
EZYV17457,Asia,Bachelor's,Y,N,5130,1869,Northeast,19406.81,Year,Y,Denied
EZYV19721,Asia,Bachelor's,N,N,1018,2000,Northeast,42503.51,Year,Y,Denied
EZYV10339,Asia,Bachelor's,N,Y,30673,1948,West,47987.13,Year,Y,Denied
EZYV24294,South America,Bachelor's,N,N,4715,2002,West,6558.37,Year,Y,Denied
EZYV24691,Asia,Master's,Y,N,1513,1968,West,73839.7,Year,N,Certified
EZYV13276,Asia,Master's,Y,N,2824,2002,Midwest,155760.44,Year,Y,Certified
EZYV6972,Asia,Master's,N,Y,1178,2007,West,106075.96,Year,Y,Certified
EZYV5814,Asia,High School,Y,N,3223,1979,West,48050.55,Year,Y,Denied
EZYV21019,Asia,Bachelor's,Y,N,3639,2000,Northeast,68523.41,Year,Y,Certified
EZYV7614,South America,High School,Y,N,2459,1995,Northeast,206.3,Hour,Y,Certified
EZYV4301,Asia,High School,N,N,203,1998,South,86950.52,Year,Y,Denied
EZYV20945,Europe,Bachelor's,Y,N,2166,1999,Northeast,135251.21,Year,Y,Certified
EZYV17717,Asia,Bachelor's,Y,N,2158,1996,Midwest,93059.03,Year,Y,Denied
EZYV1502,Asia,Master's,Y,N,3724,1991,South,91667.05,Year,Y,Certified
EZYV22911,Asia,Bachelor's,Y,N,2066,1978,Midwest,149118.06,Year,Y,Certified
EZYV23303,Asia,Bachelor's,Y,N,5803,2012,South,36915.9,Year,N,Denied
EZYV6071,Asia,Bachelor's,N,N,3414,2003,Northeast,36686.03,Year,Y,Certified
EZYV6125,Asia,Master's,Y,N,2268,1995,South,70297.38,Year,Y,Certified
EZYV8648,South America,Master's,N,N,1823,2006,South,40462.56,Year,Y,Denied
EZYV16593,Asia,Bachelor's,Y,N,2952,1992,West,288.7112,Hour,Y,Denied
EZYV11011,Asia,Master's,Y,N,65,2005,Midwest,88493.66,Year,Y,Certified
EZYV10918,Asia,Master's,N,Y,2026,2006,South,162601.04,Year,Y,Certified
EZYV18847,South America,Doctorate,N,N,3138,1984,South,894.023,Hour,Y,Denied
EZYV7544,Asia,Bachelor's,Y,N,2090,1998,South,136671.18,Year,Y,Certified
EZYV1179,North America,Master's,Y,N,1409,2001,South,124682.1,Year,Y,Certified
EZYV6744,Asia,Master's,Y,N,2014,2002,South,74520.06,Year,Y,Certified
EZYV19882,Europe,Bachelor's,Y,N,1701,1991,West,92960.01,Year,Y,Certified
EZYV11635,North America,Master's,N,N,2782,2007,South,94083.76,Year,Y,Certified
EZYV6661,South America,High School,N,N,5398,2004,South,12338.34,Year,Y,Certified
EZYV10574,Asia,Master's,Y,N,4706,2000,Northeast,43273.12,Year,Y,Certified
EZYV15795,North America,Doctorate,Y,N,1473,2011,West,67057.63,Year,Y,Certified
EZYV1320,Asia,Bachelor's,N,N,2144,1850,Midwest,189888.19,Year,Y,Certified
EZYV726,North America,Master's,N,N,3425,2003,South,62003.23,Year,Y,Certified
EZYV18900,Asia,Bachelor's,Y,N,3366,1971,West,32481.62,Year,Y,Certified
EZYV14736,Asia,Master's,N,N,2219,2001,West,31020.2,Year,Y,Denied
EZYV21048,North America,Bachelor's,N,N,3574,2011,West,80366.28,Year,Y,Certified
EZYV5444,Africa,Master's,Y,N,869,1986,Northeast,59712.22,Year,Y,Certified
EZYV1159,South America,Master's,Y,N,815,1915,West,58311.87,Year,Y,Certified
EZYV14624,Asia,Doctorate,N,Y,2073,1999,Northeast,125086.67,Year,Y,Certified
EZYV23831,Asia,Bachelor's,Y,N,3772,2003,West,80221.72,Year,Y,Denied
EZYV2096,Asia,Bachelor's,Y,N,1564,1990,Northeast,208.5263,Hour,Y,Certified
EZYV23320,Asia,Bachelor's,Y,N,2767,1993,Northeast,37589.06,Year,Y,Certified
EZYV10366,North America,Master's,Y,N,2939,1985,South,52655.79,Year,N,Certified
EZYV320,North America,Doctorate,Y,Y,1615,1991,South,112655.02,Year,Y,Certified
EZYV2698,Asia,Master's,N,N,2389,2002,Midwest,90529.86,Year,Y,Denied
EZYV11211,Asia,Master's,Y,N,133132,1855,Northeast,120324.27,Year,Y,Certified
EZYV128,North America,Bachelor's,Y,N,23287,2007,South,75234.64,Year,N,Certified
EZYV23011,Europe,Bachelor's,Y,N,4056,1895,Northeast,8262.38,Year,Y,Certified
EZYV12169,North America,Master's,Y,N,2233,1914,West,136057.83,Year,Y,Certified
EZYV23741,Asia,High School,N,N,1211,1999,West,141057.72,Year,Y,Certified
EZYV20328,Asia,Master's,Y,N,2179,1981,Northeast,515.3992,Hour,Y,Denied
EZYV19899,Asia,Master's,Y,N,723,2006,West,266.7472,Hour,Y,Denied
EZYV22935,Europe,Bachelor's,N,N,1216,2012,West,207380.13,Year,Y,Certified
EZYV10462,Asia,Bachelor's,Y,N,2161,2003,South,107714.33,Year,Y,Certified
EZYV16402,Europe,Doctorate,Y,N,62,1974,West,42120.25,Year,Y,Certified
EZYV17446,Asia,Bachelor's,Y,N,1020,2006,Midwest,67631.94,Year,Y,Certified
EZYV4101,Asia,Master's,N,N,3066,2008,South,160513.08,Year,N,Denied
EZYV20383,Asia,Master's,Y,N,8366,1978,Midwest,119132.47,Year,N,Certified
EZYV15985,Asia,Bachelor's,Y,N,1694,1983,Northeast,62122.35,Year,Y,Certified
EZYV6507,Asia,Doctorate,N,N,2300,1997,Midwest,36226.59,Year,Y,Certified
EZYV17504,Asia,Bachelor's,N,N,141,1858,West,117476.5,Year,Y,Certified
EZYV12277,Asia,Bachelor's,Y,N,809,2003,South,57211.65,Year,Y,Certified
EZYV22475,Europe,Master's,Y,N,59872,2004,West,93267.31,Year,Y,Certified
EZYV3805,Asia,Master's,N,N,2921,2004,South,199735.07,Year,N,Denied
EZYV10849,Asia,Bachelor's,N,N,5210,1966,West,73056.2,Year,Y,Certified
EZYV8109,Asia,Master's,Y,N,1748,2000,Island,248608.01,Year,Y,Certified
EZYV10525,South America,Bachelor's,Y,N,3494,1961,West,95768.72,Year,Y,Certified
EZYV8253,Asia,Doctorate,Y,N,2272,2013,Northeast,29385.11,Year,Y,Certified
EZYV24921,Asia,Master's,N,Y,1528,1887,West,248375.16,Year,Y,Certified
EZYV5125,Asia,Master's,N,Y,607,2010,South,76079.65,Year,Y,Certified
EZYV1094,Europe,Bachelor's,Y,N,3434,2012,West,60799.95,Year,Y,Certified
EZYV14093,Asia,Bachelor's,Y,N,393,2005,West,51554.04,Year,Y,Certified
EZYV4976,Asia,Master's,Y,N,5232,1997,South,128923.23,Year,N,Certified
EZYV4765,Europe,High School,Y,N,3019,2010,West,14861.98,Year,Y,Denied
EZYV24196,South America,Doctorate,N,N,3445,1988,Northeast,58.7389,Hour,Y,Certified
EZYV4300,Asia,Master's,Y,N,91148,1998,West,132.82,Hour,Y,Certified
EZYV22210,Asia,Bachelor's,Y,Y,278,2009,Northeast,51392.45,Year,Y,Denied
EZYV9291,Europe,Bachelor's,Y,N,2446,1914,Northeast,42805.73,Year,Y,Denied
EZYV13998,South America,Bachelor's,Y,N,300,1987,South,109.13,Hour,Y,Denied
EZYV21403,Asia,Master's,Y,N,638,1996,South,100443.11,Year,Y,Certified
EZYV6391,North America,Bachelor's,Y,N,134,1989,West,105757.56,Year,Y,Certified
EZYV5217,Asia,Bachelor's,N,Y,4871,2000,Northeast,76118.76,Year,Y,Denied
EZYV18704,Asia,Bachelor's,Y,N,1596,1939,Northeast,45847.34,Year,Y,Certified
EZYV19709,Europe,Bachelor's,N,N,1006,1948,West,59396.17,Year,Y,Certified
EZYV21218,Asia,Bachelor's,N,Y,2237,1999,South,63269.11,Year,Y,Certified
EZYV10548,Asia,Bachelor's,Y,N,2840,1901,Midwest,21998.72,Year,Y,Denied
EZYV1844,Asia,Doctorate,Y,N,54598,1992,West,97368.15,Year,Y,Certified
EZYV11876,Asia,Bachelor's,N,N,1962,1981,West,94153.6,Year,Y,Denied
EZYV12132,Asia,Master's,Y,Y,2888,1996,South,78172.05,Year,Y,Certified
EZYV16155,Europe,Master's,N,N,3795,1804,South,52867.41,Year,Y,Denied
EZYV5458,North America,Bachelor's,N,Y,526,2007,Northeast,93347.63,Year,Y,Certified
EZYV9835,Asia,Bachelor's,N,N,3050,1987,South,72852.01,Year,Y,Denied
EZYV11686,Europe,Master's,N,N,2571,1988,West,28337.8,Year,Y,Certified
EZYV20999,Asia,Bachelor's,N,N,1263,1948,South,91209.93,Year,Y,Denied
EZYV18063,Asia,High School,N,N,1349,2003,Northeast,39.225,Hour,Y,Certified
EZYV6604,Asia,Bachelor's,Y,N,4417,1998,South,29836.17,Year,Y,Denied
EZYV22706,Europe,Master's,Y,N,3392,2000,West,23279.37,Year,Y,Certified
EZYV6434,Asia,High School,Y,Y,3611,2011,South,48036.95,Year,Y,Denied
EZYV3849,Asia,Master's,Y,N,2183,1855,South,105628.58,Year,Y,Certified
EZYV4223,Europe,Bachelor's,N,N,5216,1991,Midwest,60016.77,Year,Y,Certified
EZYV23042,Asia,Master's,N,N,2268,1850,South,24636.25,Year,Y,Certified
EZYV930,Asia,Master's,Y,N,4836,2005,Midwest,597.9,Year,Y,Certified
EZYV11904,Asia,Bachelor's,N,Y,373,2008,West,43709.58,Year,Y,Certified
EZYV23682,Europe,Master's,N,N,778,1884,Northeast,851.3546,Hour,Y,Denied
EZYV5753,Asia,Master's,N,Y,1768,1932,West,17592.44,Year,Y,Certified
EZYV12623,South America,Bachelor's,Y,Y,7659,2009,West,47960.43,Year,Y,Denied
EZYV22604,Africa,Master's,Y,N,2232,1934,Northeast,18417.85,Year,Y,Certified
EZYV3222,Europe,Bachelor's,N,N,10284,2001,South,117379.51,Year,Y,Certified
EZYV15190,Asia,Master's,Y,N,1010,2000,Northeast,115380.88,Year,Y,Certified
EZYV13761,Asia,Bachelor's,Y,N,4806,2000,Midwest,40247.39,Year,Y,Certified
EZYV21388,Asia,Master's,Y,N,1008,2004,Midwest,70030.81,Year,Y,Certified
EZYV19219,Europe,High School,Y,N,2536,1954,Midwest,163341.22,Year,Y,Certified
EZYV21148,Asia,Master's,N,N,4032,1856,Midwest,225324.61,Year,Y,Certified
EZYV417,Asia,Master's,Y,Y,690,2013,Northeast,79380.0,Year,Y,Certified
EZYV1872,Europe,Master's,N,N,183,1975,West,69076.34,Year,Y,Certified
EZYV8675,Europe,Bachelor's,Y,N,4507,2007,West,97820.14,Year,Y,Certified
EZYV22669,Asia,Master's,N,N,3800,2005,Northeast,50080.9,Year,N,Certified
EZYV22289,Asia,Bachelor's,Y,N,287,1999,South,87419.69,Year,Y,Certified
EZYV23590,North America,Master's,Y,N,2091,1946,South,78442.42,Year,N,Certified
EZYV25314,Asia,Doctorate,Y,N,419,1998,South,68360.3,Year,Y,Certified
EZYV6037,Europe,Doctorate,Y,N,3633,1978,Northeast,86920.45,Year,Y,Certified
EZYV11086,Asia,Master's,Y,N,1048,1987,Northeast,20197.99,Year,Y,Certified
EZYV15253,Asia,High School,Y,N,4444,1995,Midwest,81.5533,Hour,Y,Denied
EZYV4230,South America,Doctorate,Y,Y,873,1908,West,41570.13,Year,Y,Certified
EZYV3373,Asia,High School,Y,N,2786,1906,Midwest,100227.2,Year,Y,Denied
EZYV7740,Asia,Bachelor's,N,N,3348,1996,South,36451.65,Year,Y,Certified
EZYV7489,Europe,Doctorate,Y,N,4987,1999,Northeast,50758.41,Year,Y,Certified
EZYV4214,Asia,Master's,Y,N,2662,1848,South,123553.91,Year,N,Certified
EZYV24326,North America,High School,N,N,4060,1996,Midwest,30032.28,Year,N,Certified
EZYV16087,Asia,Doctorate,N,N,865,2010,South,73402.86,Year,Y,Certified
EZYV4668,North America,Master's,N,N,4380,2012,West,113428.22,Year,Y,Denied
EZYV3182,Asia,Bachelor's,Y,N,5572,2009,West,21556.66,Year,Y,Certified
EZYV2556,Asia,Master's,Y,N,1896,1995,Northeast,52219.23,Year,N,Certified
EZYV5037,Asia,Doctorate,Y,N,2536,1993,West,36556.75,Year,Y,Certified
EZYV15999,Asia,Doctorate,N,N,4264,1993,Northeast,28754.91,Year,Y,Certified
EZYV3881,Europe,Bachelor's,Y,N,1087,1984,South,350.9681,Hour,Y,Denied
EZYV14169,Asia,High School,Y,N,2872,2010,South,110859.54,Year,Y,Denied
EZYV20005,Asia,Bachelor's,Y,N,1241,2003,West,130983.03,Year,Y,Certified
EZYV15049,Asia,Master's,Y,N,342,1994,Northeast,29348.72,Year,Y,Certified
EZYV4996,Asia,Master's,N,N,232,1983,Midwest,96065.76,Year,Y,Certified
EZYV3430,Europe,Doctorate,Y,N,734,1980,South,50831.73,Year,Y,Certified
EZYV19827,Asia,Bachelor's,N,Y,2533,1996,West,132569.66,Year,Y,Certified
EZYV1314,Asia,Bachelor's,N,N,3081,1999,West,123023.1,Year,Y,Denied
EZYV5549,Asia,Master's,N,N,3176,2012,Northeast,107040.45,Year,N,Certified
EZYV19409,Asia,Bachelor's,N,N,1393,2001,West,118706.53,Year,N,Denied
EZYV6591,Europe,Bachelor's,N,Y,780,1944,Northeast,58230.32,Year,Y,Certified
EZYV9269,Asia,Bachelor's,Y,N,252,1997,Northeast,83428.96,Year,Y,Certified
EZYV10020,Asia,Bachelor's,Y,N,3200,1978,Midwest,128525.19,Year,Y,Certified
EZYV19784,Asia,Master's,N,N,71918,1985,Northeast,106138.36,Year,Y,Denied
EZYV330,Asia,Bachelor's,Y,N,2698,1970,West,34168.31,Year,Y,Certified
EZYV18778,Asia,Doctorate,N,N,4615,2008,Midwest,154189.31,Year,Y,Denied
EZYV18742,Asia,Bachelor's,N,N,2002,2007,South,96264.99,Year,N,Denied
EZYV461,Asia,Master's,N,N,922,1998,South,46080.75,Year,Y,Certified
EZYV8913,Asia,Master's,N,Y,645,1855,West,128544.2,Year,Y,Certified
EZYV14802,Asia,High School,Y,N,650,1998,Island,27336.97,Year,Y,Denied
EZYV1512,Europe,Master's,Y,N,1497,1997,West,8533.38,Year,Y,Certified
EZYV14391,Asia,Bachelor's,Y,N,1411,1975,South,86292.69,Year,Y,Denied
EZYV16621,Asia,Bachelor's,Y,N,272,2005,South,121.6,Hour,Y,Certified
EZYV21968,South America,Doctorate,Y,N,903,1979,West,16491.08,Year,Y,Certified
EZYV22196,North America,High School,Y,N,3382,1993,Northeast,13632.09,Year,Y,Certified
EZYV8584,Asia,Master's,Y,N,2020,1999,South,119.79,Hour,Y,Certified
EZYV21141,Asia,Master's,N,N,3040,2001,Midwest,97134.47,Year,Y,Certified
EZYV8496,Asia,Bachelor's,N,N,408,1999,South,88593.58,Year,Y,Denied
EZYV24559,Asia,Master's,Y,Y,2770,1999,West,101089.03,Year,Y,Certified
EZYV1147,Europe,Bachelor's,Y,N,1508,2006,South,51448.54,Year,Y,Certified
EZYV3926,Asia,Bachelor's,Y,N,205,1890,Midwest,121183.02,Year,Y,Certified
EZYV16403,Asia,Doctorate,N,N,341,1992,Midwest,58483.77,Year,N,Certified
EZYV14237,North America,Bachelor's,N,N,3261,1977,South,39431.89,Year,N,Certified
EZYV1076,North America,Bachelor's,Y,N,3584,2005,West,74007.49,Year,Y,Denied
EZYV20483,North America,Bachelor's,N,N,2584,1900,South,6.3305,Hour,Y,Denied
EZYV23309,South America,Bachelor's,Y,N,5307,1849,Northeast,41794.14,Year,Y,Certified
EZYV17784,North America,High School,N,N,16832,1977,Northeast,145395.19,Year,Y,Certified
EZYV9708,Asia,Master's,N,N,4559,2010,Northeast,130289.74,Year,Y,Certified
EZYV2688,Europe,Bachelor's,Y,N,162,2001,Northeast,38377.19,Month,Y,Certified
EZYV7318,North America,High School,Y,N,877,2015,Island,140961.13,Year,Y,Certified
EZYV17555,North America,Master's,N,N,1819,1986,South,130465.35,Year,N,Denied
EZYV1467,South America,Master's,Y,N,6019,2000,Northeast,29272.61,Year,Y,Certified
EZYV14847,Asia,Master's,Y,N,1210,2004,Midwest,25513.92,Year,N,Certified
EZYV4767,Asia,Bachelor's,N,N,838,2000,Northeast,94134.87,Year,Y,Denied
EZYV3634,North America,High School,Y,N,79838,2005,Northeast,133646.94,Year,N,Certified
EZYV11301,Europe,Bachelor's,Y,N,1566,2006,West,12956.83,Year,Y,Certified
EZYV24997,Asia,Bachelor's,Y,Y,36,2000,West,161397.13,Year,Y,Denied
EZYV19281,North America,Master's,N,N,73571,2007,South,345.4089,Hour,Y,Denied
EZYV2599,Asia,High School,Y,N,21708,2008,South,115528.53,Year,Y,Denied
EZYV5866,Asia,Master's,Y,N,900,2005,Midwest,133664.86,Year,Y,Certified
EZYV14782,Asia,Master's,N,N,4094,1993,South,641.4029,Hour,Y,Denied
EZYV7485,Asia,Bachelor's,N,N,106968,1995,Midwest,108522.28,Year,Y,Denied
EZYV6319,Asia,Bachelor's,N,N,86,1884,West,30859.56,Year,Y,Denied
EZYV12050,Asia,Master's,Y,N,868,1981,West,69289.5,Year,Y,Certified
EZYV18292,Asia,Bachelor's,Y,N,1451,1939,West,133750.85,Year,Y,Certified
EZYV16161,Asia,Master's,N,N,4206,1853,South,130565.83,Year,N,Certified
EZYV20739,Europe,High School,N,N,1554,1969,Midwest,106.07,Hour,Y,Certified
EZYV7786,Europe,High School,Y,N,135656,2009,West,21571.68,Year,Y,Denied
EZYV2965,Asia,Master's,Y,N,6682,2012,West,70337.13,Year,Y,Certified
EZYV12137,Asia,Master's,Y,Y,308,2008,South,4602.21,Year,Y,Certified
EZYV8366,South America,High School,N,N,2017,2000,West,906.9008,Hour,Y,Certified
EZYV17467,Europe,Master's,N,N,962,2001,Northeast,189846.91,Year,Y,Denied
EZYV4783,Asia,Master's,Y,N,329,2010,West,83319.98,Year,Y,Certified
EZYV18448,Asia,Bachelor's,N,N,14011,2003,Northeast,33169.75,Year,Y,Certified
EZYV16877,Asia,Master's,N,N,4448,1997,South,66212.41,Year,N,Certified
EZYV9704,Asia,Bachelor's,N,N,770,1988,South,327.6123,Hour,Y,Denied
EZYV20264,Europe,Master's,N,N,3518,1983,South,792.3641,Hour,Y,Denied
EZYV4247,Asia,Bachelor's,Y,N,3063,1887,South,851.4694,Hour,Y,Denied
EZYV10253,Europe,Master's,Y,N,2211,1997,Midwest,99662.91,Year,N,Certified
EZYV24878,Asia,Bachelor's,Y,Y,2860,1975,South,116287.31,Year,Y,Denied
EZYV18364,Asia,Bachelor's,Y,N,1566,2005,West,29491.07,Year,Y,Denied
EZYV14150,Asia,Bachelor's,N,N,2088,1998,Northeast,65101.58,Year,Y,Denied
EZYV10723,Asia,Bachelor's,Y,N,3230,1875,South,133638.43,Year,Y,Certified
EZYV10435,Asia,Doctorate,Y,N,1347,1996,Midwest,55369.9,Year,Y,Certified
EZYV11424,South America,Bachelor's,N,N,1900,2001,South,112556.69,Year,Y,Denied
EZYV14217,Europe,Bachelor's,Y,N,4420,1968,West,3361.35,Year,Y,Certified
EZYV22871,Asia,Bachelor's,Y,Y,1047,2008,South,88790.21,Year,Y,Certified
EZYV10408,North America,Master's,N,N,1157,2001,Island,466.3655,Hour,Y,Denied
EZYV9516,Asia,Master's,Y,N,2022,1953,Northeast,93877.27,Year,Y,Certified
EZYV24502,North America,Doctorate,N,N,2517,1961,South,80705.19,Year,Y,Certified
EZYV4048,North America,Bachelor's,Y,N,1186,1872,Northeast,72586.51,Year,N,Certified
EZYV11375,Asia,Master's,N,N,1703,2003,Midwest,122260.05,Year,Y,Certified
EZYV15918,Asia,Master's,Y,N,315,2012,South,17991.33,Year,Y,Certified
EZYV14585,North America,Master's,N,N,2574,1999,Midwest,91679.8,Year,N,Certified
EZYV2340,Asia,Master's,Y,N,188650,1977,South,64787.51,Year,Y,Certified
EZYV23460,North America,Doctorate,Y,N,64,2005,Northeast,96.0576,Hour,Y,Denied
EZYV3774,Asia,Master's,Y,N,2858,1956,Midwest,77835.18,Year,N,Certified
EZYV5230,Asia,Master's,N,Y,4473,1983,Northeast,163519.84,Year,Y,Certified
EZYV594,Asia,High School,N,N,1643,1998,Northeast,862.3799,Hour,Y,Denied
EZYV2312,Europe,Bachelor's,Y,N,4793,2009,South,38861.86,Year,Y,Certified
EZYV1347,Asia,Master's,N,N,56,2001,West,51.6812,Hour,Y,Denied
EZYV13391,North America,Doctorate,N,Y,2391,1986,Midwest,107719.6,Year,N,Denied
EZYV10977,Europe,Bachelor's,Y,N,2175,1890,West,26619.76,Year,Y,Denied
EZYV17922,Asia,Bachelor's,N,N,2838,2003,Northeast,88695.99,Year,Y,Certified
EZYV4225,Europe,Master's,Y,N,3260,2000,Midwest,7407.65,Year,Y,Certified
EZYV9626,Asia,Doctorate,N,N,194,1994,West,187776.64,Year,Y,Certified
EZYV1318,Asia,Bachelor's,Y,N,3353,1995,Northeast,116498.7,Year,Y,Certified
EZYV6822,Asia,Bachelor's,N,N,2452,1984,West,123963.22,Year,Y,Denied
EZYV7180,Asia,Master's,Y,N,5312,1968,South,24022.87,Year,Y,Certified
EZYV17498,Asia,Master's,N,Y,212,1908,South,57836.71,Year,Y,Certified
EZYV17733,Europe,Bachelor's,N,N,550,2008,West,109752.6,Year,Y,Denied
EZYV5290,Asia,High School,Y,N,2806,2004,South,77975.57,Year,Y,Denied
EZYV21976,Asia,Master's,N,N,4789,1998,Midwest,137190.68,Year,N,Certified
EZYV16302,North America,Doctorate,Y,N,2976,1958,West,301.3199,Hour,Y,Certified
EZYV12333,Asia,Master's,Y,N,3734,2001,South,115995.98,Year,Y,Certified
EZYV4858,Europe,Bachelor's,N,N,11724,1969,West,82503.81,Year,Y,Certified
EZYV19864,Asia,Master's,Y,N,1747,2000,Northeast,94363.43,Year,Y,Certified
EZYV17986,Europe,Bachelor's,Y,N,838,1862,South,70530.13,Year,Y,Certified
EZYV18926,Asia,High School,N,N,305,2008,Northeast,138553.53,Year,Y,Denied
EZYV19875,Asia,Master's,N,N,2265,1979,West,39086.19,Year,Y,Denied
EZYV2105,Asia,Doctorate,N,N,385,2010,Northeast,4868.49,Year,Y,Denied
EZYV3007,Asia,Bachelor's,N,N,374,1867,Northeast,61689.62,Year,Y,Denied
EZYV12334,North America,Master's,Y,N,4169,1997,Northeast,37873.4,Year,Y,Certified
EZYV7243,Asia,Master's,Y,N,636,2007,West,95806.22,Year,N,Certified
EZYV24913,Asia,Bachelor's,Y,N,3377,1998,Midwest,119232.94,Year,Y,Certified
EZYV23497,Europe,Doctorate,Y,Y,41770,2002,West,44778.81,Year,Y,Certified
EZYV7077,North America,Bachelor's,N,N,379,2007,South,718.6797,Hour,Y,Certified
EZYV19140,Asia,Master's,Y,N,4876,2008,South,29887.03,Year,Y,Certified
EZYV13541,Asia,Master's,Y,N,2107,2005,Northeast,92931.53,Year,Y,Certified
EZYV17934,Asia,Master's,Y,N,4834,1989,South,44716.35,Year,Y,Certified
EZYV22894,Asia,Bachelor's,Y,N,1396,2006,West,94110.23,Year,Y,Denied
EZYV1963,Europe,Master's,Y,Y,3624,1914,Northeast,13062.09,Year,Y,Certified
EZYV22574,North America,Doctorate,N,N,1088,1991,West,135438.36,Year,Y,Certified
EZYV24200,North America,Master's,Y,N,4119,1968,Northeast,62485.92,Year,Y,Certified
EZYV10592,Asia,Bachelor's,N,N,3915,1993,South,108679.02,Year,Y,Denied
EZYV3689,Asia,Bachelor's,Y,N,838,1949,South,108660.31,Year,Y,Certified
EZYV10385,Asia,High School,Y,N,1519,1902,Northeast,105031.67,Year,Y,Denied
EZYV23533,Asia,Bachelor's,Y,N,2664,1998,Midwest,64132.08,Year,N,Denied
EZYV23520,Asia,Master's,Y,N,4572,2011,South,73677.6,Year,Y,Certified
EZYV19372,Asia,Master's,Y,N,114,2008,West,287191.2,Year,Y,Certified
EZYV18734,Asia,Bachelor's,Y,N,1165,2001,West,176756.44,Year,Y,Denied
EZYV7719,Asia,Bachelor's,Y,N,2857,1997,South,393.4729,Hour,Y,Denied
EZYV7422,Asia,Master's,Y,N,2579,1998,South,58253.11,Year,Y,Certified
EZYV9528,Europe,Bachelor's,N,N,2157,2010,West,27027.46,Year,Y,Certified
EZYV139,Asia,Bachelor's,Y,N,1195,1914,Midwest,108519.14,Year,Y,Certified
EZYV15878,Europe,Doctorate,N,Y,766,1993,West,32035.12,Year,Y,Certified
EZYV16360,Asia,Master's,Y,N,3668,2007,Northeast,126684.93,Year,Y,Certified
EZYV16253,North America,Master's,N,N,3360,2002,Northeast,885.354,Hour,Y,Denied
EZYV17867,South America,Bachelor's,N,N,1403,2006,Midwest,126174.98,Year,Y,Certified
EZYV8170,Europe,Master's,N,N,3821,1999,South,104308.07,Year,N,Denied
EZYV7061,Asia,Bachelor's,Y,N,2921,1981,South,81971.34,Year,Y,Certified
EZYV20670,Asia,Master's,N,N,1036,2004,Midwest,115854.5,Year,Y,Certified
EZYV11004,Asia,Bachelor's,Y,N,1815,1996,South,38440.07,Year,Y,Certified
EZYV8294,Asia,Master's,Y,N,1359,1907,West,70715.59,Year,Y,Certified
EZYV2111,Asia,Doctorate,N,N,1802,1881,South,551.779,Hour,Y,Certified
EZYV11947,Asia,Bachelor's,Y,N,8441,1987,South,25100.45,Year,Y,Denied
EZYV16636,Asia,High School,Y,N,1501,1946,Northeast,3764.82,Year,Y,Certified
EZYV13263,Asia,Bachelor's,Y,N,3506,2001,Midwest,88399.65,Year,Y,Certified
EZYV1832,Europe,Doctorate,N,N,3824,1817,South,50394.26,Year,Y,Certified
EZYV8726,Asia,Doctorate,N,Y,3466,1946,Northeast,20263.02,Year,Y,Certified
EZYV3745,Asia,Master's,N,N,169,1981,West,141527.39,Year,N,Denied
EZYV15045,Asia,Bachelor's,Y,N,879,1961,South,68421.06,Year,Y,Certified
EZYV15768,Asia,Master's,N,N,256,2009,Northeast,152.7813,Hour,Y,Denied
EZYV18777,Europe,Bachelor's,Y,Y,325,2011,West,68399.86,Year,Y,Certified
EZYV21235,Asia,Doctorate,N,N,3284,2013,Midwest,127370.6,Year,Y,Certified
EZYV10580,Asia,Master's,Y,N,877,1962,Midwest,729.8391,Hour,Y,Certified
EZYV21586,Asia,Master's,Y,N,2716,1870,South,328.1364,Hour,Y,Denied
EZYV4649,Asia,High School,N,N,3886,2009,South,88732.97,Year,Y,Denied
EZYV15325,Asia,High School,Y,N,640,2012,Midwest,39103.3,Year,Y,Denied
EZYV18975,North America,Master's,N,N,38774,2004,Northeast,12435.83,Year,Y,Denied
EZYV22552,South America,Doctorate,Y,N,12071,1925,West,34971.14,Year,Y,Certified
EZYV12791,Europe,High School,Y,Y,131829,2012,Midwest,109806.09,Year,Y,Denied
EZYV1896,Asia,High School,Y,N,4520,2008,South,23183.23,Year,Y,Certified
EZYV22282,Asia,Master's,Y,N,1439,1987,Northeast,116534.17,Year,Y,Certified
EZYV11136,Asia,Bachelor's,Y,Y,3494,1977,Northeast,65972.28,Year,Y,Certified
EZYV14496,Asia,Bachelor's,Y,N,4756,2006,West,57285.77,Year,Y,Denied
EZYV7643,Asia,Bachelor's,Y,N,4524,1922,Northeast,23122.84,Year,Y,Certified
EZYV10284,Asia,Master's,Y,N,641,1984,Midwest,41305.69,Year,Y,Certified
EZYV3617,Europe,Doctorate,Y,N,4330,2013,West,23728.73,Year,Y,Certified
EZYV4697,Asia,Bachelor's,Y,N,2964,1919,West,137878.09,Year,Y,Certified
EZYV10627,Europe,High School,N,Y,5247,2001,Midwest,109205.89,Year,N,Denied
EZYV22416,Asia,Bachelor's,Y,N,1391,2010,Northeast,5070.17,Year,Y,Certified
EZYV1019,Asia,High School,Y,N,681,1983,West,44219.35,Year,Y,Denied
EZYV25383,Europe,Doctorate,N,N,1110,1995,West,1955.69,Year,Y,Certified
EZYV8433,North America,Bachelor's,N,N,33,1943,South,123130.98,Year,N,Denied
EZYV17570,Asia,Bachelor's,Y,N,153,2000,Midwest,114277.01,Year,Y,Certified
EZYV21624,Asia,Master's,N,N,1923,1999,South,151690.85,Month,Y,Certified
EZYV1924,Europe,Bachelor's,Y,N,999,1875,South,90323.48,Year,Y,Certified
EZYV1476,Asia,Bachelor's,N,Y,527,1843,South,63376.55,Year,Y,Certified
EZYV22811,Asia,Doctorate,Y,N,122,1993,Northeast,75445.21,Year,Y,Certified
EZYV7333,Europe,Doctorate,N,N,2321,2009,West,11641.4,Year,Y,Certified
EZYV14994,Asia,Bachelor's,Y,N,4255,2001,West,43594.41,Year,Y,Certified
EZYV22927,Asia,Bachelor's,N,N,1027,1971,Northeast,765.5967,Hour,Y,Denied
EZYV14517,Asia,Bachelor's,Y,N,1352,2005,Northeast,43605.12,Year,Y,Denied
EZYV2301,Europe,Bachelor's,Y,N,349,2003,West,41441.39,Year,Y,Denied
EZYV8595,Asia,Bachelor's,N,N,173,2004,Midwest,224366.03,Year,Y,Certified
EZYV12754,Asia,Bachelor's,Y,Y,1110,2005,South,71285.93,Year,Y,Certified
EZYV13872,Asia,Bachelor's,Y,N,2477,2006,South,134954.86,Year,Y,Certified
EZYV10204,Asia,Master's,Y,N,436,2013,South,1592.93,Year,N,Certified
EZYV2732,Europe,Doctorate,Y,N,2329,1922,West,78331.19,Year,Y,Certified
EZYV6405,Asia,Bachelor's,N,N,352,1957,Midwest,391.8694,Hour,Y,Denied
EZYV6960,Asia,Bachelor's,Y,Y,822,2007,South,89820.6,Year,Y,Certified
EZYV5197,Asia,Master's,Y,N,3357,1992,Northeast,105187.89,Year,N,Certified
EZYV7837,Europe,Master's,Y,N,3442,2010,West,10167.89,Year,Y,Certified
EZYV5109,Asia,Bachelor's,Y,N,4774,1998,Northeast,27784.03,Year,Y,Certified
EZYV17885,Asia,High School,Y,N,3606,2008,Midwest,137728.03,Year,Y,Certified
EZYV23574,Asia,Bachelor's,N,N,1074,2004,Midwest,522.3493,Hour,Y,Denied
EZYV15272,Asia,Bachelor's,N,N,1045,2006,West,72808.08,Year,N,Denied
EZYV2307,Asia,Bachelor's,N,N,1390,1869,Midwest,57223.18,Year,Y,Certified
EZYV24925,North America,Master's,N,N,4427,1990,Island,57435.68,Year,Y,Certified
EZYV13693,Asia,Bachelor's,N,N,3428,1984,Northeast,22628.53,Year,Y,Denied
EZYV9276,North America,High School,Y,N,57070,1995,Northeast,339.0696,Hour,Y,Certified
EZYV5812,Asia,Master's,Y,N,160,2006,Midwest,54076.88,Year,N,Certified
EZYV1659,Asia,Bachelor's,N,Y,1624,1985,South,35241.52,Year,Y,Certified
EZYV6298,North America,Bachelor's,Y,N,4234,2007,West,4399.44,Year,Y,Certified
EZYV8161,Europe,Master's,Y,N,951,1999,South,8431.77,Year,Y,Certified
EZYV24992,Asia,Doctorate,N,Y,649,2004,South,78029.15,Year,Y,Certified
EZYV6739,Europe,Bachelor's,Y,N,1160,1980,West,126921.34,Year,Y,Certified
EZYV24183,North America,Bachelor's,Y,N,1582,1974,South,68323.32,Year,Y,Denied
EZYV13623,Asia,Bachelor's,Y,N,4729,2011,South,106944.39,Year,Y,Denied
EZYV21216,Europe,Doctorate,Y,N,918,2005,Northeast,50714.64,Year,Y,Certified
EZYV16681,Asia,Master's,Y,N,1441,1925,Midwest,157124.12,Year,Y,Certified
EZYV17267,Asia,Master's,Y,N,2963,1968,South,63688.74,Year,Y,Certified
EZYV4519,Asia,Bachelor's,Y,N,202,1998,Midwest,51149.81,Year,Y,Denied
EZYV5002,Asia,Bachelor's,Y,N,1630,2013,West,115977.83,Year,Y,Denied
EZYV18372,Asia,Bachelor's,Y,N,2229,1838,Northeast,5616.11,Year,Y,Certified
EZYV7184,Oceania,Master's,N,Y,6159,1988,Midwest,87111.61,Year,Y,Certified
EZYV15220,Asia,Bachelor's,N,N,1742,1950,Northeast,153.0232,Hour,Y,Denied
EZYV18865,Asia,Master's,N,N,3715,1926,West,25062.41,Year,Y,Certified
EZYV20527,Asia,Master's,N,N,1207,1885,South,149166.98,Year,Y,Denied
EZYV22317,Asia,High School,Y,N,5593,1979,Northeast,73934.9,Year,Y,Certified
EZYV18411,Europe,High School,Y,N,5026,2012,West,19758.71,Year,Y,Certified
EZYV3350,Asia,Bachelor's,Y,N,3826,2010,South,43516.43,Year,N,Certified
EZYV12006,Oceania,Bachelor's,Y,N,292,2004,West,120535.9,Year,Y,Certified
EZYV16459,Europe,Master's,Y,N,3574,1985,West,9329.26,Year,Y,Certified
EZYV21212,Europe,Master's,Y,N,982,1997,Midwest,171220.38,Year,Y,Certified
EZYV19129,Europe,Bachelor's,N,N,5501,2003,Northeast,42332.42,Year,Y,Certified
EZYV17493,Asia,Bachelor's,Y,N,5054,1999,Midwest,31332.61,Year,Y,Certified
EZYV21196,Asia,Master's,Y,N,2070,1987,Island,244049.04,Year,Y,Certified
EZYV22447,North America,High School,Y,N,1843,2005,Midwest,53067.46,Year,Y,Certified
EZYV13510,Europe,Bachelor's,N,N,1861,2014,Northeast,94251.51,Year,Y,Certified
EZYV8117,Asia,Master's,Y,N,1467,1931,South,58560.83,Year,Y,Certified
EZYV1819,Europe,High School,Y,N,867,2013,West,68909.11,Year,Y,Denied
EZYV1518,Asia,Master's,Y,N,3388,1946,South,36576.86,Year,Y,Certified
EZYV3806,Asia,Bachelor's,N,N,1483,1996,South,65381.12,Year,Y,Denied
EZYV24491,South America,High School,Y,Y,1477,2004,West,92861.12,Year,Y,Certified
EZYV16413,Asia,Bachelor's,N,N,1940,2013,Northeast,970.1795,Hour,Y,Denied
EZYV11256,Europe,Master's,Y,N,1599,1819,West,78197.33,Year,Y,Certified
EZYV10052,Europe,Doctorate,Y,Y,1835,2007,West,42002.41,Year,Y,Certified
EZYV3245,North America,Master's,Y,N,3868,1993,Northeast,52337.5,Year,Y,Certified
EZYV8104,Asia,High School,Y,N,605,1997,Midwest,27952.3,Year,Y,Denied
EZYV6373,Asia,Bachelor's,N,N,1269,1892,Northeast,115494.19,Year,Y,Denied
EZYV5428,North America,High School,N,N,880,1940,Midwest,118982.42,Year,Y,Certified
EZYV5553,Europe,Master's,Y,N,901,2007,Northeast,27836.68,Year,Y,Certified
EZYV4239,Europe,Doctorate,Y,N,3354,2000,Northeast,6558.09,Year,Y,Certified
EZYV5818,Europe,Doctorate,N,N,518,2005,West,19034.39,Year,Y,Certified
EZYV1870,Asia,Master's,N,N,1730,2012,Northeast,135257.97,Year,Y,Denied
EZYV24370,Asia,Bachelor's,N,N,5480,1991,West,871.6897,Hour,Y,Denied
EZYV25083,Europe,Master's,Y,N,1674,1972,West,44712.12,Year,Y,Certified
EZYV17427,Asia,Master's,Y,N,2111,1998,Island,61464.44,Year,Y,Certified
EZYV16455,Asia,Master's,Y,N,3080,1989,Northeast,133958.61,Year,Y,Certified
EZYV7128,North America,Master's,Y,N,1349,2013,South,69.6449,Hour,Y,Certified
EZYV15297,Asia,Bachelor's,Y,N,2422,1994,Northeast,8815.62,Year,Y,Denied
EZYV7310,Asia,Master's,Y,N,4271,2007,West,37769.87,Year,Y,Certified
EZYV10993,Asia,Doctorate,N,Y,1019,1997,West,93896.64,Year,Y,Certified
EZYV10063,Asia,Bachelor's,Y,N,1846,2007,West,106672.56,Year,Y,Denied
EZYV435,Asia,Master's,Y,N,1451,2009,South,129450.64,Year,N,Certified
EZYV1808,North America,Bachelor's,N,N,1983,2004,West,18998.82,Year,Y,Denied
EZYV25096,Europe,Doctorate,N,N,2530,1947,Island,43947.32,Year,Y,Certified
EZYV10361,Europe,Master's,Y,N,1770,1930,Island,45445.88,Year,Y,Certified
EZYV5536,Asia,Master's,N,N,1674,2009,Midwest,56137.95,Year,Y,Certified
EZYV689,Asia,Bachelor's,N,N,677,1989,South,110050.54,Year,Y,Certified
EZYV12720,North America,Bachelor's,Y,N,1085,1973,Northeast,56727.4,Year,Y,Denied
EZYV11683,North America,Bachelor's,N,N,650,2014,Northeast,145452.0,Year,N,Denied
EZYV1847,Asia,Bachelor's,Y,N,1424,2007,Northeast,28196.8,Year,Y,Certified
EZYV709,Oceania,Bachelor's,N,N,3227,1928,Midwest,92422.74,Year,Y,Certified
EZYV11976,North America,Bachelor's,N,N,3665,1998,Midwest,49055.63,Week,Y,Certified
EZYV5067,Asia,Doctorate,N,N,3263,1987,West,49904.17,Year,Y,Certified
EZYV23650,Europe,Bachelor's,N,Y,1237,1972,South,129105.3,Year,Y,Certified
EZYV2876,Asia,High School,Y,N,1034,1900,West,46493.93,Year,Y,Denied
EZYV15873,North America,Doctorate,N,N,2848,2006,South,1913.76,Year,Y,Certified
EZYV7527,North America,Bachelor's,Y,Y,2098,1969,South,124947.51,Year,Y,Denied
EZYV14293,Europe,Master's,Y,N,4493,2013,West,44728.73,Year,Y,Certified
EZYV3615,Asia,Master's,Y,N,360,1982,West,121159.56,Year,Y,Certified
EZYV9958,Asia,Master's,N,Y,2819,1998,South,82403.05,Year,Y,Certified
EZYV24352,Asia,Bachelor's,Y,N,4564,2001,South,96684.13,Year,Y,Certified
EZYV14535,Asia,Bachelor's,Y,N,42998,2002,West,13081.34,Year,Y,Certified
EZYV16282,Asia,Bachelor's,N,N,2496,1847,South,811.4968,Hour,Y,Denied
EZYV21206,North America,Master's,Y,N,4482,1911,Northeast,22955.19,Year,Y,Certified
EZYV8980,Asia,Bachelor's,N,N,288,1989,South,821.4668,Hour,Y,Certified
EZYV25371,North America,Doctorate,N,N,3399,2009,Northeast,73252.96,Year,Y,Certified
EZYV8722,Asia,High School,N,Y,1803,1890,West,22910.89,Year,Y,Denied
EZYV5207,Asia,High School,N,N,1426,2000,Island,110830.21,Year,Y,Denied
EZYV1012,Asia,Master's,N,N,2138,1984,Northeast,112115.11,Year,N,Denied
EZYV11690,Asia,Bachelor's,Y,N,1396,2006,South,115215.06,Year,Y,Denied
EZYV17586,Asia,Bachelor's,Y,N,452,2004,South,86668.71,Year,Y,Certified
EZYV23867,Europe,High School,Y,N,1301,2005,Northeast,76983.32,Year,Y,Certified
EZYV5602,Asia,Bachelor's,Y,N,448,1989,Midwest,64357.65,Year,Y,Certified
EZYV24103,Europe,Doctorate,N,Y,3444,1881,Northeast,31419.87,Year,Y,Certified
EZYV11595,North America,Bachelor's,Y,N,3341,2000,West,21557.85,Year,Y,Certified
EZYV4342,Asia,Master's,Y,N,3691,2008,Midwest,132121.62,Year,Y,Certified
EZYV15315,Asia,Bachelor's,Y,N,218,2008,Midwest,99881.53,Year,Y,Certified
EZYV4932,Asia,High School,N,N,173070,1985,Northeast,201239.27,Year,Y,Denied
EZYV25009,Asia,Master's,N,N,1325,1972,South,52969.43,Year,Y,Denied
EZYV24063,Asia,Bachelor's,N,N,541,2005,South,96549.18,Year,Y,Denied
EZYV22732,North America,High School,N,Y,3931,1994,Northeast,77351.54,Year,Y,Denied
EZYV05,Africa,Master's,Y,N,1082,2005,South,149907.39,Year,Y,Certified
EZYV6710,Europe,Master's,N,N,3352,1979,South,83353.6,Year,Y,Denied
EZYV1168,South America,Master's,Y,N,1917,1912,South,75368.28,Year,Y,Certified
EZYV2253,Asia,Master's,Y,N,4916,2004,West,42032.03,Year,Y,Certified
EZYV18687,Asia,Master's,N,N,1845,1997,South,85.7085,Hour,Y,Denied
EZYV10392,Africa,Master's,N,N,863,2005,West,91605.86,Year,Y,Certified
EZYV5539,Asia,Bachelor's,Y,N,5734,1986,South,1761.19,Year,Y,Certified
EZYV12092,Asia,Master's,N,N,1271,2001,Midwest,122025.87,Year,Y,Denied
EZYV22719,Asia,Bachelor's,Y,N,2210,2006,Northeast,183741.59,Year,Y,Denied
EZYV5307,North America,Bachelor's,Y,N,4432,1946,Northeast,87214.24,Year,N,Certified
EZYV22166,Asia,Bachelor's,N,N,100,2005,South,150.3805,Hour,Y,Certified
EZYV1293,Europe,Master's,Y,N,508,2001,West,33206.02,Year,Y,Certified
EZYV22681,South America,Bachelor's,Y,N,320,1986,West,49745.51,Year,Y,Certified
EZYV2713,Asia,Bachelor's,N,N,3529,2007,South,100989.94,Year,Y,Denied
EZYV14743,North America,Doctorate,Y,N,6506,1992,West,60173.66,Year,Y,Denied
EZYV18972,South America,High School,N,N,1997,2010,South,67389.17,Year,Y,Certified
EZYV7030,Asia,Bachelor's,Y,N,3084,1981,West,100173.93,Year,Y,Certified
EZYV13458,North America,Master's,Y,N,532,1939,West,124604.5,Year,N,Denied
EZYV367,Asia,Master's,Y,N,5483,2003,West,48943.43,Year,Y,Certified
EZYV7371,Oceania,Master's,Y,N,226,1888,South,5050.02,Year,N,Denied
EZYV24333,Asia,High School,N,Y,1967,1948,Northeast,39926.46,Year,Y,Certified
EZYV5027,Europe,Doctorate,N,N,4296,2008,South,6941.67,Year,Y,Certified
EZYV20106,Asia,Bachelor's,Y,N,917,2002,West,20975.02,Year,Y,Denied
EZYV13166,North America,Bachelor's,N,N,2401,2013,South,120852.02,Year,Y,Denied
EZYV17019,Asia,Bachelor's,Y,N,804,2007,South,90012.05,Year,Y,Certified
EZYV16768,Europe,Master's,Y,N,4073,1969,West,77618.22,Year,Y,Denied
EZYV10011,Asia,Master's,Y,N,2344,1985,Midwest,849.9988,Hour,Y,Certified
EZYV16436,Asia,Bachelor's,Y,N,5976,2001,Northeast,7973.67,Year,Y,Certified
EZYV7995,North America,Master's,N,N,403,1974,Northeast,64693.73,Year,N,Certified
EZYV2159,Asia,Bachelor's,Y,Y,4991,1923,South,84930.67,Year,Y,Certified
EZYV17660,Europe,High School,Y,N,67735,1997,Northeast,23541.77,Year,Y,Denied
EZYV5048,Asia,Master's,Y,N,3983,1997,Northeast,17874.54,Year,Y,Certified
EZYV24422,North America,Bachelor's,Y,N,2970,2012,West,161328.47,Year,Y,Certified
EZYV21129,Asia,Bachelor's,N,N,941,1989,South,64296.24,Year,Y,Certified
EZYV19553,Asia,Master's,N,N,459,1985,Northeast,124893.09,Week,Y,Certified
EZYV5353,Europe,Doctorate,N,N,4063,2007,West,27334.14,Year,Y,Certified
EZYV22174,Europe,High School,Y,N,782,2000,West,47583.64,Year,Y,Certified
EZYV21931,Asia,Bachelor's,N,N,2823,2004,West,109432.61,Year,Y,Certified
EZYV17030,Europe,Bachelor's,Y,Y,3133,1998,South,48218.06,Year,Y,Certified
EZYV4159,Asia,Master's,Y,N,1163,1988,Midwest,106675.81,Year,Y,Certified
EZYV14423,North America,Master's,Y,N,578,1990,Northeast,123845.84,Month,Y,Denied
EZYV23689,North America,Bachelor's,Y,N,2294,1978,West,53810.56,Year,Y,Certified
EZYV2000,Asia,High School,Y,N,1879,2008,Midwest,90443.24,Year,Y,Certified
EZYV23289,North America,Master's,Y,N,3282,1994,West,4474.76,Year,Y,Denied
EZYV21534,Europe,Master's,N,Y,2076,1978,South,83999.53,Year,Y,Certified
EZYV15178,Europe,Doctorate,Y,N,1758,1884,West,104140.23,Year,Y,Certified
EZYV10404,Asia,High School,Y,N,2160,1995,Midwest,100249.19,Year,Y,Denied
EZYV13594,Asia,Master's,Y,Y,1973,2009,Northeast,36557.42,Year,Y,Denied
EZYV15742,North America,Master's,Y,N,2457,1966,Northeast,99573.51,Year,Y,Certified
EZYV22622,Europe,Master's,N,N,458,2012,Northeast,29355.85,Year,Y,Certified
EZYV10484,Asia,Bachelor's,N,N,270,1983,West,75549.71,Year,Y,Certified
EZYV14867,Asia,Doctorate,Y,Y,1997,1869,Midwest,185576.22,Year,Y,Certified
EZYV14703,Asia,Master's,N,Y,2398,1961,West,58407.62,Year,Y,Certified
EZYV8924,Europe,Bachelor's,Y,Y,2072,1993,Northeast,90363.69,Year,Y,Certified
EZYV9833,Asia,Bachelor's,Y,N,372,2005,West,72152.99,Year,Y,Denied
EZYV3165,Asia,Bachelor's,Y,N,5025,2000,West,141649.16,Year,Y,Certified
EZYV21456,Asia,Bachelor's,Y,N,6077,2011,Northeast,27556.25,Year,Y,Certified
EZYV6228,Asia,Master's,Y,N,926,1997,Midwest,136085.67,Year,Y,Certified
EZYV4743,Europe,Bachelor's,Y,N,671,1998,Midwest,19167.17,Year,Y,Certified
EZYV21362,South America,High School,Y,N,2189,1995,Midwest,148772.46,Week,Y,Certified
EZYV23209,Asia,Bachelor's,N,N,3466,1949,West,56306.07,Year,Y,Denied
EZYV10411,Asia,Bachelor's,N,N,3376,2000,West,338.8448,Hour,Y,Denied
EZYV18332,Asia,Doctorate,Y,N,1064,2004,Northeast,45506.36,Year,Y,Certified
EZYV11157,Asia,Master's,Y,N,1763,1920,Midwest,14745.12,Year,Y,Certified
EZYV7019,Asia,Master's,Y,N,3887,1994,West,29538.15,Year,Y,Certified
EZYV6445,Asia,Bachelor's,N,N,4312,2006,West,108182.8,Week,Y,Denied
EZYV16054,Asia,Master's,N,N,2298,1934,Midwest,100367.76,Year,Y,Denied
EZYV13259,Asia,Master's,Y,N,2603,1983,Midwest,24022.13,Year,Y,Certified
EZYV1288,Asia,Master's,Y,N,4935,2010,Northeast,153215.2,Year,N,Certified
EZYV12497,Asia,Bachelor's,Y,N,868,2000,South,88752.49,Year,Y,Denied
EZYV21258,Asia,Master's,N,N,427,1990,Midwest,216225.65,Year,Y,Denied
EZYV13164,Europe,Master's,N,Y,3337,2006,South,64201.33,Year,Y,Certified
EZYV16870,North America,Master's,N,N,1202,2007,West,104671.51,Year,N,Certified
EZYV11649,North America,Master's,Y,N,1220,1999,South,82367.6,Year,Y,Certified
EZYV2633,North America,Master's,Y,N,526,2014,South,43300.57,Year,Y,Certified
EZYV4947,South America,Bachelor's,Y,N,3289,1985,West,36512.38,Year,Y,Certified
EZYV16289,Asia,Bachelor's,Y,N,1668,2004,Northeast,56342.83,Year,Y,Denied
EZYV8590,Asia,Doctorate,N,N,2880,2008,Midwest,101447.99,Year,Y,Certified
EZYV14993,Asia,Bachelor's,N,N,154,2008,Northeast,130081.59,Year,Y,Certified
EZYV4788,Asia,Bachelor's,Y,N,2749,1984,Midwest,104702.88,Year,Y,Certified
EZYV19694,North America,Master's,N,N,1541,1999,Northeast,724.7312,Hour,Y,Denied
EZYV15607,Europe,Bachelor's,Y,Y,1716,2004,West,16435.33,Year,Y,Denied
EZYV24089,North America,Master's,Y,N,21717,2002,Island,89145.33,Year,Y,Certified
EZYV13503,Asia,Bachelor's,Y,N,5129,1933,Northeast,11202.84,Year,Y,Denied
EZYV2258,Asia,Doctorate,Y,N,632,1976,West,9289.46,Year,Y,Certified
EZYV10618,North America,Bachelor's,Y,N,983,2009,Northeast,177034.63,Year,Y,Certified
EZYV14722,South America,Master's,Y,N,1989,2000,Midwest,140500.24,Year,Y,Certified
EZYV718,North America,Master's,Y,N,4794,1994,West,126746.79,Year,Y,Certified
EZYV21924,Asia,Master's,Y,N,514,2005,South,80769.27,Year,N,Certified
EZYV2309,Asia,Bachelor's,Y,N,1509,1997,South,39596.67,Year,Y,Certified
EZYV21488,Asia,Master's,N,N,2071,2003,West,986.8139,Hour,Y,Certified
EZYV2009,North America,Doctorate,N,N,1127,2008,West,64748.42,Year,Y,Denied
EZYV24763,Asia,Bachelor's,Y,N,979,1919,Northeast,53604.22,Week,Y,Denied
EZYV21255,Asia,Master's,N,N,1034,2006,West,20587.69,Year,Y,Denied
EZYV10131,Asia,High School,N,N,1011,1841,Midwest,114375.93,Year,N,Denied
EZYV24260,Asia,Master's,Y,N,4180,1960,Island,58998.76,Year,Y,Denied
EZYV13707,Asia,Master's,Y,N,2654,2005,South,109318.99,Year,N,Certified
EZYV14858,Africa,Master's,N,N,4291,2001,West,5627.66,Year,Y,Certified
EZYV1167,Asia,Master's,Y,N,3414,1999,Midwest,42033.2,Year,Y,Certified
EZYV13216,Asia,Bachelor's,Y,N,2695,2011,West,70015.5,Year,Y,Certified
EZYV5292,Asia,Master's,N,N,3346,1998,West,106798.73,Year,Y,Certified
EZYV8668,Asia,Bachelor's,Y,N,1571,1977,Midwest,4646.41,Year,Y,Certified
EZYV19736,Asia,Master's,N,N,3247,1881,Northeast,46568.56,Year,Y,Denied
EZYV21836,Asia,Bachelor's,Y,N,1244,1991,Northeast,41634.32,Year,Y,Certified
EZYV20405,Asia,Bachelor's,N,N,2263,2004,Northeast,121614.59,Year,N,Denied
EZYV11291,Asia,Master's,Y,N,621,1985,Midwest,100448.17,Year,Y,Certified
EZYV260,Asia,Bachelor's,Y,N,955,1998,West,56422.81,Year,Y,Certified
EZYV15584,Asia,Bachelor's,N,N,985,1997,South,28006.13,Year,N,Certified
EZYV17914,North America,Bachelor's,Y,N,4699,2005,South,7452.71,Year,Y,Certified
EZYV20946,Asia,Master's,Y,N,2115,1992,South,37157.58,Year,N,Certified
EZYV4761,South America,Master's,N,N,287,1932,West,37760.1,Year,Y,Denied
EZYV25360,Asia,Bachelor's,Y,Y,548,2011,Northeast,68510.75,Year,Y,Denied
EZYV18597,Asia,Master's,N,N,3392,1980,South,53403.81,Year,Y,Denied
EZYV22136,Asia,Master's,Y,N,52,2013,Midwest,112522.99,Year,N,Certified
EZYV15208,Asia,High School,Y,N,4025,1850,Midwest,79377.75,Year,Y,Denied
EZYV21143,Asia,High School,N,N,699,2011,South,133819.93,Year,Y,Certified
EZYV18352,Asia,High School,Y,N,3090,1977,South,120934.05,Year,Y,Certified
EZYV18151,South America,Bachelor's,Y,N,922,1986,Northeast,18854.43,Year,Y,Certified
EZYV6452,Europe,Doctorate,N,N,3635,1990,West,37019.67,Year,Y,Certified
EZYV1749,Asia,Master's,Y,N,1690,1823,South,23753.01,Year,Y,Certified
EZYV471,Asia,Bachelor's,Y,Y,758,1996,Island,50293.83,Year,Y,Certified
EZYV7338,Asia,Bachelor's,Y,N,2470,2012,Midwest,79713.99,Year,Y,Certified
EZYV19584,Asia,Master's,Y,N,2733,1999,Northeast,39442.97,Year,N,Certified
EZYV14692,Asia,Master's,N,N,2296,1887,Midwest,98799.23,Year,Y,Certified
EZYV9107,Asia,Doctorate,Y,N,3521,1986,South,54567.03,Year,Y,Certified
EZYV9730,Europe,High School,Y,N,792,1912,Northeast,66078.14,Year,Y,Denied
EZYV9080,Asia,Master's,N,Y,2714,2013,Northeast,103859.43,Year,Y,Certified
EZYV3112,Europe,Master's,N,N,1600,1968,Midwest,414.5323,Hour,Y,Certified
EZYV15494,North America,High School,N,N,3692,1947,South,21268.18,Year,Y,Denied
EZYV13661,Asia,Master's,Y,N,2106,2003,Midwest,98486.25,Year,Y,Certified
EZYV3359,Asia,Bachelor's,Y,Y,2336,1978,West,101202.11,Year,Y,Certified
EZYV18774,Asia,Master's,Y,N,55504,1970,South,166748.4,Year,N,Certified
EZYV5089,Asia,Master's,Y,N,3169,1995,Midwest,36721.72,Year,Y,Certified
EZYV527,North America,Master's,N,N,1190,1996,South,786.5458,Hour,Y,Certified
EZYV13069,Europe,Doctorate,N,N,1911,1992,Midwest,18527.01,Year,Y,Certified
EZYV10332,Europe,Bachelor's,Y,N,1128,2013,South,77891.11,Year,Y,Certified
EZYV12451,Asia,Bachelor's,N,N,3481,1869,Northeast,64130.42,Year,Y,Certified
EZYV15185,Asia,Master's,Y,Y,588,1838,Northeast,102876.51,Year,Y,Certified
EZYV680,Asia,Bachelor's,N,N,26126,1997,Northeast,65393.27,Year,Y,Denied
EZYV8193,Asia,Bachelor's,N,Y,2295,2003,West,107842.63,Year,Y,Certified
EZYV333,South America,Bachelor's,Y,N,2969,1923,West,62586.7,Year,Y,Denied
EZYV3848,Asia,Bachelor's,N,N,5888,2005,Midwest,15418.27,Year,Y,Denied
EZYV729,Asia,High School,Y,Y,4792,2008,West,17561.48,Year,Y,Denied
EZYV2452,Asia,Master's,Y,N,3688,2005,Northeast,96787.67,Year,Y,Certified
EZYV10005,Asia,Bachelor's,N,N,1976,2009,West,210460.6,Year,Y,Certified
EZYV6555,Asia,Doctorate,Y,Y,2858,1864,South,112976.88,Year,Y,Certified
EZYV11462,Asia,Bachelor's,N,N,82,2001,West,61386.2,Year,Y,Certified
EZYV3435,Asia,Master's,N,N,4307,2000,South,144637.17,Year,Y,Denied
EZYV1321,Asia,Bachelor's,Y,N,3175,2005,South,104952.54,Year,Y,Certified
EZYV24503,Asia,High School,Y,N,1612,1951,Northeast,530.9247,Hour,Y,Denied
EZYV22542,Asia,Bachelor's,N,N,3954,1998,Northeast,129.47,Hour,Y,Certified
EZYV22371,Asia,Master's,N,N,2491,1993,South,115773.56,Year,N,Denied
EZYV24715,Asia,High School,Y,N,3262,2006,West,47341.75,Year,Y,Certified
EZYV24746,Asia,Bachelor's,N,N,144,1998,South,49781.39,Year,Y,Denied
EZYV13279,Asia,Master's,Y,N,4988,2004,Midwest,79609.23,Year,N,Denied
EZYV16513,Asia,Master's,N,N,946,1979,Northeast,36250.42,Year,Y,Certified
EZYV13154,South America,Master's,N,Y,346,2012,South,33778.48,Year,Y,Denied
EZYV3715,Asia,Bachelor's,N,N,4133,2005,West,109442.71,Year,Y,Denied
EZYV23416,North America,Doctorate,Y,N,3285,2000,West,78089.1,Year,Y,Certified
EZYV13401,Asia,Bachelor's,Y,Y,825,2003,Northeast,77788.33,Year,Y,Certified
EZYV9631,Asia,Master's,Y,N,456,1979,Northeast,36030.0,Year,Y,Certified
EZYV22101,Europe,Bachelor's,N,N,1258,2010,West,11681.2,Year,Y,Certified
EZYV15333,Europe,Bachelor's,Y,N,5585,2008,South,42792.93,Year,Y,Certified
EZYV25283,South America,High School,Y,N,2145,1996,South,13590.39,Year,Y,Denied
EZYV11912,Asia,Bachelor's,Y,N,393,1962,West,68353.24,Year,Y,Certified
EZYV7862,Asia,High School,Y,N,801,2008,Midwest,86278.28,Year,Y,Denied
EZYV6593,Europe,Master's,N,N,5374,2000,Northeast,61046.15,Year,Y,Certified
EZYV14927,Asia,Bachelor's,N,N,3340,1968,Northeast,98159.23,Year,Y,Denied
EZYV9651,Asia,Master's,Y,N,4481,2005,West,29360.93,Year,Y,Certified
EZYV22703,Europe,Master's,Y,N,2632,1997,Northeast,91721.82,Year,Y,Certified
EZYV12035,Asia,Bachelor's,N,N,506,1889,Midwest,163461.61,Year,Y,Certified
EZYV10607,Asia,Bachelor's,Y,N,3649,2005,Northeast,26349.42,Year,Y,Certified
EZYV24097,Asia,High School,N,N,376,2003,Midwest,154251.91,Year,Y,Denied
EZYV25141,North America,Master's,N,N,2806,1984,West,52041.32,Year,Y,Certified
EZYV13777,Asia,Master's,Y,N,438,2010,South,782.8674,Hour,Y,Certified
EZYV9087,Asia,Bachelor's,N,N,15,1921,Midwest,103573.96,Year,Y,Denied
EZYV4525,Asia,Master's,Y,N,270,1851,South,92599.64,Year,Y,Certified
EZYV21147,Asia,Master's,N,N,5752,2004,West,91930.57,Year,Y,Certified
EZYV23956,Asia,Bachelor's,Y,N,259,1968,West,94321.19,Year,Y,Certified
EZYV16655,Asia,Bachelor's,N,N,2535,1911,South,128883.16,Year,Y,Denied
EZYV14243,North America,Bachelor's,Y,N,515,1999,South,70378.88,Year,Y,Certified
EZYV23137,Asia,Master's,N,N,2792,1928,West,65715.59,Year,Y,Certified
EZYV22765,North America,Bachelor's,N,N,1456,2009,South,111813.72,Year,N,Denied
EZYV25128,Asia,Master's,N,N,1939,2007,Midwest,112912.83,Year,Y,Certified
EZYV17299,Asia,Bachelor's,Y,N,1597,1849,West,22274.19,Year,Y,Certified
EZYV3026,Asia,Master's,Y,N,3578,1962,Northeast,117026.92,Year,Y,Certified
EZYV13142,Africa,Master's,N,N,1092,1930,West,306.9744,Hour,Y,Certified
EZYV6331,Asia,Bachelor's,N,N,414,2000,West,298520.02,Year,Y,Certified
EZYV677,Asia,Bachelor's,N,N,987,1968,Midwest,98467.88,Year,Y,Certified
EZYV712,Asia,Bachelor's,N,Y,2064,2008,Northeast,128946.06,Year,Y,Denied
EZYV20458,North America,High School,N,N,1403,2013,West,76392.47,Year,Y,Denied
EZYV3103,Asia,Bachelor's,Y,N,2927,2004,Midwest,181691.66,Year,Y,Certified
EZYV2233,Asia,Bachelor's,Y,N,964,1996,Midwest,97618.82,Year,Y,Certified
EZYV8290,Asia,Bachelor's,Y,N,238,2004,Northeast,12599.57,Year,Y,Denied
EZYV2061,Asia,Bachelor's,Y,N,2667,1963,Midwest,69085.63,Year,Y,Certified
EZYV11602,Asia,Bachelor's,Y,N,777,1954,South,8290.07,Year,Y,Certified
EZYV24581,North America,Doctorate,Y,Y,3922,2011,South,50126.67,Year,Y,Certified
EZYV24357,Asia,Master's,Y,N,2164,1975,Northeast,67253.22,Year,Y,Certified
EZYV22693,Europe,Doctorate,Y,Y,3591,2012,West,82442.3,Year,Y,Certified
EZYV25078,Asia,Master's,N,N,1935,1882,Midwest,127246.72,Year,Y,Denied
EZYV7148,Europe,Master's,Y,N,958,2006,West,108691.93,Year,Y,Certified
EZYV5129,Asia,Bachelor's,Y,N,1858,1868,Midwest,202917.69,Year,Y,Certified
EZYV19048,Asia,Master's,Y,N,959,1967,West,32718.74,Month,Y,Certified
EZYV11015,Asia,Master's,N,N,4493,2013,Midwest,96280.2,Week,Y,Certified
EZYV14683,Europe,Bachelor's,Y,N,2945,1920,South,167385.56,Year,Y,Certified
EZYV21294,Asia,Master's,N,N,2797,2007,West,105099.3,Year,N,Denied
EZYV343,North America,Bachelor's,Y,N,25805,2002,South,25512.46,Year,Y,Certified
EZYV23854,Asia,Bachelor's,Y,N,2246,1998,Midwest,89.7288,Hour,Y,Denied
EZYV5879,Asia,High School,Y,N,1143,1988,Northeast,724.9628,Hour,Y,Denied
EZYV4517,Asia,Master's,N,N,3123,2004,Northeast,69258.94,Year,Y,Denied
EZYV1209,North America,Master's,N,N,1479,2007,Midwest,108823.15,Year,Y,Certified
EZYV7052,Asia,Master's,N,N,422,2011,South,459.6712,Hour,Y,Certified
EZYV19965,Asia,Bachelor's,Y,N,78,1963,South,357.0275,Hour,Y,Denied
EZYV794,Asia,Master's,Y,N,4005,2008,Northeast,87966.47,Year,Y,Certified
EZYV14393,South America,Master's,Y,N,8983,2003,Northeast,986.1032,Hour,Y,Certified
EZYV18853,North America,Bachelor's,N,N,658,1991,South,690.4362,Hour,Y,Denied
EZYV25015,North America,Master's,N,N,2935,1986,West,24554.76,Year,Y,Denied
EZYV2543,Asia,Doctorate,Y,N,120,1868,Northeast,22518.47,Year,Y,Certified
EZYV24062,Asia,Master's,N,N,900,1962,West,128104.61,Year,Y,Denied
EZYV10935,North America,Master's,Y,N,3356,1960,South,38988.27,Year,Y,Certified
EZYV18673,Asia,High School,Y,N,3551,2003,Midwest,66951.02,Year,Y,Certified
EZYV11637,Asia,Master's,Y,N,2536,1957,South,121205.71,Year,N,Certified
EZYV23745,Asia,Master's,Y,N,646,2010,West,73823.71,Year,Y,Denied
EZYV11718,Asia,Master's,Y,N,1087,1986,West,120654.44,Year,Y,Certified
EZYV5758,Europe,Bachelor's,N,N,2682,1996,Midwest,108165.63,Year,Y,Certified
EZYV15988,Asia,Bachelor's,Y,N,1006,1849,West,95773.39,Year,Y,Certified
EZYV23675,Asia,Bachelor's,N,N,1862,1948,Northeast,652.6848,Hour,Y,Denied
EZYV2327,Asia,Master's,Y,N,3490,2010,South,135799.42,Year,Y,Certified
EZYV10694,Asia,Bachelor's,Y,N,473,2006,Northeast,820.8629,Hour,Y,Denied
EZYV6987,Asia,High School,Y,N,3535,1838,South,67475.63,Year,N,Denied
EZYV889,Europe,Bachelor's,Y,N,1772,1852,West,85647.06,Year,Y,Denied
EZYV21483,Europe,Bachelor's,Y,N,3108,2012,Northeast,29476.78,Year,Y,Certified
EZYV6758,Asia,Master's,Y,N,341,1987,Midwest,86975.7,Year,Y,Certified
EZYV19811,Asia,Bachelor's,Y,N,376,1988,Northeast,1778.33,Year,Y,Denied
EZYV5776,Asia,Master's,N,N,2781,2003,Northeast,95914.42,Year,Y,Certified
EZYV15896,North America,Master's,Y,N,683,1955,West,51709.97,Year,Y,Certified
EZYV12222,Asia,Doctorate,N,N,10738,1853,Midwest,46727.57,Year,Y,Certified
EZYV21522,Asia,High School,N,N,2098,2007,South,41583.37,Year,Y,Certified
EZYV23463,Asia,High School,Y,N,2326,1991,West,89870.87,Year,Y,Denied
EZYV18607,Asia,High School,N,Y,429,1963,South,67638.51,Year,Y,Certified
EZYV14662,Africa,High School,Y,N,1429,2008,Midwest,130441.34,Year,Y,Denied
EZYV18213,Asia,Bachelor's,N,Y,2651,1998,South,145551.82,Year,Y,Certified
EZYV19867,Asia,Master's,Y,N,2995,2006,Midwest,51016.04,Year,Y,Certified
EZYV10561,Asia,High School,Y,N,117,2001,Northeast,80947.69,Year,Y,Denied
EZYV20032,North America,Master's,N,N,3651,2010,West,48220.39,Year,Y,Denied
EZYV22648,Asia,Bachelor's,N,N,4990,1997,South,250319.73,Year,N,Certified
EZYV17778,Europe,Bachelor's,Y,Y,740,1972,West,40647.39,Year,N,Certified
EZYV7996,Asia,Master's,Y,N,3716,2013,South,66792.43,Year,Y,Certified
EZYV19046,South America,Master's,Y,N,1067,1975,Midwest,91013.86,Year,Y,Certified
EZYV13678,South America,Master's,Y,N,2884,2010,West,373.16,Year,Y,Certified
EZYV5063,Asia,Master's,Y,N,5685,1854,Midwest,99679.29,Year,Y,Certified
EZYV16612,Asia,Bachelor's,Y,N,1192,2000,Northeast,99990.96,Year,Y,Certified
EZYV23989,North America,Master's,N,N,2250,1969,South,321.4051,Hour,Y,Certified
EZYV19014,Asia,High School,Y,N,6129,1998,South,107631.38,Year,Y,Certified
EZYV22589,Asia,Master's,N,N,1381,2011,West,697.38,Hour,Y,Denied
EZYV16395,Asia,High School,Y,N,19331,2001,Midwest,1212.96,Year,Y,Certified
EZYV19143,Asia,Bachelor's,Y,N,1355,1997,South,14119.05,Year,Y,Certified
EZYV11641,Asia,Master's,Y,N,3840,2005,Midwest,108306.06,Year,Y,Certified
EZYV18992,Asia,Master's,Y,N,795,1977,South,447.3704,Hour,Y,Certified
EZYV10689,Asia,Master's,Y,N,210,1994,Midwest,112842.28,Year,Y,Certified
EZYV12643,Asia,High School,Y,N,1663,2005,Midwest,50344.6,Year,Y,Denied
EZYV25034,North America,Bachelor's,Y,N,188,1991,South,160230.41,Year,Y,Denied
EZYV121,North America,Master's,N,N,2334,1971,South,160676.39,Year,N,Certified
EZYV11743,Asia,Master's,N,Y,1755,1956,West,122903.03,Year,Y,Certified
EZYV3582,North America,Master's,N,N,2176,1975,South,85089.37,Year,N,Denied
EZYV5721,South America,Doctorate,N,Y,310,1985,Northeast,356.8087,Hour,Y,Certified
EZYV5312,South America,Bachelor's,N,Y,1255,2008,Northeast,74551.9,Year,Y,Denied
EZYV12771,Asia,Bachelor's,Y,Y,2170,2006,South,1349.49,Year,Y,Certified
EZYV15557,Asia,High School,Y,N,619,2007,South,47672.29,Year,Y,Denied
EZYV25300,Asia,Master's,Y,N,1543,2000,West,90636.54,Year,Y,Certified
EZYV12340,Asia,Master's,Y,Y,1871,1986,South,22630.87,Year,Y,Certified
EZYV10065,Africa,Master's,N,N,2824,1997,Midwest,8327.36,Year,Y,Certified
EZYV3187,Europe,Bachelor's,Y,N,525,1968,West,41442.51,Year,Y,Denied
EZYV23413,Asia,Bachelor's,Y,N,86,1957,Northeast,15413.23,Year,Y,Certified
EZYV4072,Asia,High School,Y,N,2998,2015,West,28874.04,Year,Y,Denied
EZYV4659,North America,Bachelor's,N,N,2239,1966,West,32853.44,Year,Y,Denied
EZYV4450,Europe,Bachelor's,N,N,4763,1927,West,61881.35,Year,Y,Certified
EZYV13020,Asia,Bachelor's,N,N,2610,1902,South,92096.84,Year,Y,Denied
EZYV24087,Europe,Doctorate,Y,N,6237,1980,South,107488.23,Year,Y,Certified
EZYV12248,North America,Master's,Y,N,2318,1948,South,449.4514,Hour,Y,Denied
EZYV20720,Europe,Bachelor's,N,N,483,2007,West,685.5338,Hour,Y,Denied
EZYV8175,Europe,Bachelor's,N,N,5117,1984,West,60624.78,Year,Y,Denied
EZYV3255,Europe,Bachelor's,Y,N,1391,1990,West,62700.13,Year,Y,Certified
EZYV13723,Asia,Master's,Y,N,2192,2006,Northeast,80880.59,Year,Y,Certified
EZYV15376,Asia,Master's,Y,N,1425,2010,Northeast,132339.35,Year,Y,Certified
EZYV952,Asia,Bachelor's,Y,N,708,2007,South,138315.14,Year,Y,Certified
EZYV12291,North America,Bachelor's,Y,N,2659,2003,West,54830.84,Year,Y,Certified
EZYV10999,Europe,Master's,Y,N,1068,1998,South,12994.79,Year,Y,Certified
EZYV1563,North America,Bachelor's,Y,N,4562,2008,West,185986.4,Year,Y,Denied
EZYV5000,Europe,Bachelor's,Y,Y,1578,2000,West,74366.23,Year,Y,Certified
EZYV8783,Asia,Bachelor's,Y,N,628,1997,South,106795.83,Year,N,Certified
EZYV9587,Asia,Master's,N,N,4076,1976,Northeast,120183.84,Year,Y,Certified
EZYV20833,Asia,Bachelor's,N,Y,4024,1861,South,64451.25,Year,Y,Certified
EZYV2412,Asia,High School,N,N,270,2012,Midwest,18408.1,Year,Y,Certified
EZYV18305,Asia,Bachelor's,Y,N,649,2005,West,5597.36,Year,Y,Certified
EZYV23965,Asia,Master's,Y,N,1878,2009,Midwest,41347.86,Year,Y,Certified
EZYV18956,Asia,Bachelor's,Y,N,753,2011,West,123555.45,Year,N,Denied
EZYV12783,Asia,Master's,Y,N,2739,2000,Midwest,70652.83,Year,Y,Certified
EZYV14432,South America,Bachelor's,N,N,294,2001,South,214.93,Hour,Y,Denied
EZYV8968,Asia,Bachelor's,N,N,16752,2007,South,58703.59,Year,Y,Denied
EZYV6672,North America,Master's,Y,N,11088,1993,Northeast,92669.02,Year,N,Denied
EZYV925,Asia,Master's,Y,N,409,1971,South,68952.04,Year,Y,Certified
EZYV12722,Europe,Bachelor's,Y,N,4310,2010,Midwest,121.65,Year,Y,Certified
EZYV4324,Asia,High School,Y,Y,943,1858,West,189017.09,Year,Y,Denied
EZYV16823,Asia,High School,Y,N,893,2013,South,28670.65,Year,Y,Certified
EZYV16606,North America,Master's,Y,N,4697,2010,Northeast,67251.53,Year,Y,Denied
EZYV19053,Europe,Bachelor's,N,N,1570,2003,West,69085.07,Year,Y,Certified
EZYV9006,North America,Master's,Y,N,5052,2003,Northeast,30244.62,Year,N,Certified
EZYV1527,Asia,Bachelor's,N,N,2076,1947,Northeast,90217.9,Year,Y,Denied
EZYV13314,Asia,Master's,N,N,5037,1869,Midwest,110692.91,Week,Y,Certified
EZYV14934,Asia,Master's,Y,N,1011,1997,Northeast,135378.5,Year,Y,Certified
EZYV13795,Asia,Master's,Y,N,918,1999,Midwest,114810.63,Year,Y,Certified
EZYV20146,Asia,Bachelor's,Y,N,5476,1968,Northeast,10904.53,Year,Y,Certified
EZYV14764,Asia,Master's,Y,Y,1922,2010,South,115031.65,Year,Y,Certified
EZYV24257,Asia,Bachelor's,N,N,1658,2010,Northeast,522.13,Year,Y,Denied
EZYV22878,Africa,Master's,N,N,1801,1838,South,87511.34,Year,Y,Certified
EZYV7983,Asia,Master's,N,N,3471,1963,Northeast,145739.79,Year,N,Certified
EZYV11033,Asia,Bachelor's,N,N,886,1993,Midwest,637.4872,Hour,Y,Certified
EZYV15050,Asia,Bachelor's,N,N,3439,2009,Northeast,100770.58,Year,Y,Certified
EZYV10703,Asia,Bachelor's,N,N,1341,2005,South,153054.1,Year,N,Certified
EZYV17434,Asia,Bachelor's,Y,N,216,2012,South,43000.39,Year,Y,Denied
EZYV11349,Asia,Bachelor's,Y,N,3750,1997,Northeast,29544.2,Year,Y,Certified
EZYV17945,Asia,High School,Y,N,3771,1998,West,34957.73,Year,Y,Denied
EZYV4457,Europe,Doctorate,Y,Y,2952,1989,Northeast,3781.71,Year,Y,Certified
EZYV17730,Asia,Bachelor's,N,N,150,1998,Northeast,25540.46,Year,Y,Denied
EZYV17260,Africa,Master's,Y,N,1706,1987,Northeast,50958.91,Year,Y,Certified
EZYV21800,Europe,Master's,Y,N,3993,2012,Northeast,25274.38,Year,Y,Certified
EZYV2872,Europe,Master's,N,N,4463,1885,West,92313.87,Year,Y,Certified
EZYV8276,Asia,Master's,Y,N,320,1963,West,120670.38,Year,Y,Certified
EZYV5890,Asia,Master's,N,N,1097,1997,Northeast,82650.58,Year,N,Certified
EZYV11453,Europe,Doctorate,Y,N,1503,1887,Northeast,99964.36,Year,Y,Certified
EZYV24737,Asia,Master's,N,N,471,2001,South,179426.93,Year,Y,Certified
EZYV6029,Asia,Master's,N,N,3647,2002,Northeast,228805.91,Year,Y,Certified
EZYV10365,Europe,Bachelor's,N,N,3717,2000,West,21220.01,Year,Y,Certified
EZYV20529,North America,Master's,N,N,3422,1995,Northeast,395.9807,Hour,Y,Certified
EZYV20211,Asia,Bachelor's,N,N,2317,2003,South,98170.66,Year,Y,Denied
EZYV5265,Asia,Bachelor's,Y,N,1987,2000,West,59319.95,Year,Y,Certified
EZYV4818,Asia,Master's,Y,N,2173,2013,South,22076.95,Year,Y,Certified
EZYV1067,Asia,Master's,N,N,4505,2013,Midwest,54700.7,Year,Y,Certified
EZYV5517,North America,Bachelor's,N,N,1268,1999,West,31368.12,Year,Y,Denied
EZYV10273,Asia,Master's,Y,N,623,1993,Northeast,83980.34,Year,Y,Certified
EZYV20047,Africa,Master's,Y,N,5165,1968,Midwest,42608.7,Year,Y,Certified
EZYV20779,Asia,Master's,N,N,117,2010,South,60121.7,Year,Y,Denied
EZYV3462,Asia,Bachelor's,Y,N,3872,2012,Northeast,92577.4,Year,Y,Certified
EZYV11918,Asia,Bachelor's,Y,N,116,1858,Northeast,451.6964,Hour,Y,Denied
EZYV18216,Europe,High School,Y,N,2504,2011,Northeast,21119.55,Year,Y,Certified
EZYV15267,Asia,Bachelor's,N,N,1949,1911,Northeast,26833.19,Week,Y,Denied
EZYV24982,Africa,Master's,Y,N,2345,1999,Northeast,66512.86,Year,Y,Certified
EZYV3478,Asia,Bachelor's,N,N,4027,2001,Northeast,109.76,Hour,Y,Denied
EZYV16894,Asia,Bachelor's,Y,N,716,1939,West,71705.73,Year,Y,Certified
EZYV14917,Asia,Bachelor's,Y,N,27068,2005,South,61388.04,Year,Y,Certified
EZYV1853,Europe,Doctorate,N,N,1906,1999,West,60137.61,Year,Y,Certified
EZYV703,Asia,Doctorate,Y,Y,1130,1992,South,26097.45,Year,Y,Certified
EZYV13645,Asia,Master's,Y,N,2860,2001,Midwest,83565.7,Year,Y,Certified
EZYV12098,Asia,Bachelor's,N,N,25158,2006,Midwest,146954.81,Year,Y,Denied
EZYV9846,Asia,High School,Y,N,864,1954,South,95377.75,Year,Y,Denied
EZYV15234,Asia,Bachelor's,Y,N,516,1997,South,431.4548,Hour,Y,Denied
EZYV15926,Asia,Master's,Y,N,403959,1994,South,58681.61,Year,Y,Certified
EZYV5706,Asia,Master's,N,N,2537,1966,West,67384.42,Year,N,Certified
EZYV24415,Europe,Bachelor's,N,Y,10004,1971,South,88113.67,Year,Y,Certified
EZYV4759,Asia,Bachelor's,N,Y,112,1998,South,96928.66,Year,Y,Certified
EZYV5145,Asia,Bachelor's,N,Y,1577,2003,West,78203.13,Year,Y,Certified
EZYV24614,Asia,Bachelor's,Y,N,2474,1978,West,76098.74,Year,Y,Certified
EZYV16164,Europe,Bachelor's,N,N,3986,2000,West,15907.15,Year,Y,Certified
EZYV18393,Asia,Bachelor's,N,N,1776,2007,Northeast,147.41,Hour,Y,Denied
EZYV14999,Asia,Bachelor's,N,Y,2293,2007,Northeast,64686.95,Year,Y,Denied
EZYV11384,North America,Master's,Y,N,4885,2000,West,61184.07,Year,Y,Denied
EZYV14023,Asia,Bachelor's,N,Y,-11,1946,Northeast,108403.56,Year,Y,Certified
EZYV13501,Africa,High School,Y,N,2290,1968,South,99280.11,Year,Y,Denied
EZYV11520,Asia,Master's,Y,N,2372,2005,Northeast,102686.23,Year,Y,Certified
EZYV12550,Asia,Bachelor's,Y,N,1468,2010,Northeast,761.15,Year,Y,Certified
EZYV21025,North America,High School,Y,N,164,1978,Northeast,55339.35,Year,Y,Certified
EZYV11458,Asia,Bachelor's,Y,N,6272,1975,Northeast,125311.45,Year,Y,Certified
EZYV9110,Asia,Bachelor's,Y,N,16005,2013,Northeast,79631.5,Year,Y,Certified
EZYV5889,Asia,Bachelor's,Y,N,1241,1988,Northeast,115712.11,Year,N,Certified
EZYV13315,Asia,Master's,Y,N,13047,1863,Midwest,123222.87,Year,N,Certified
EZYV22049,Africa,Bachelor's,Y,N,691,2009,Northeast,64972.41,Year,Y,Certified
EZYV10878,Asia,High School,Y,Y,1845,1973,South,65864.8,Year,Y,Denied
EZYV2751,Asia,High School,Y,N,2916,2006,Midwest,107979.79,Year,Y,Denied
EZYV10151,Asia,Bachelor's,Y,N,3525,1970,Island,289878.68,Year,Y,Denied
EZYV14370,Asia,Master's,N,N,1318,2001,Midwest,71754.9,Year,Y,Certified
EZYV6030,Europe,Master's,N,Y,741,1988,South,31972.08,Year,Y,Certified
EZYV20595,Asia,Master's,N,N,3873,2005,South,238778.59,Year,N,Certified
EZYV20602,Asia,Bachelor's,Y,Y,3922,2001,West,615.32,Year,Y,Denied
EZYV7649,Asia,Master's,N,N,90161,2005,West,113079.71,Year,N,Certified
EZYV10883,Europe,High School,N,N,1468,1994,Northeast,10772.92,Year,Y,Denied
EZYV7267,Asia,Bachelor's,Y,N,2176,2006,South,70343.71,Year,Y,Denied
EZYV20018,Asia,High School,Y,Y,942,1974,West,23433.48,Year,Y,Certified
EZYV9490,Asia,Master's,N,N,4809,2004,West,130446.31,Year,Y,Certified
EZYV5545,Asia,Bachelor's,Y,N,10413,2004,South,75998.86,Week,Y,Certified
EZYV16657,Asia,Master's,N,N,133342,2008,Midwest,94515.74,Year,N,Denied
EZYV19383,Asia,Bachelor's,Y,N,997,1979,Midwest,189249.05,Year,Y,Certified
EZYV5670,Asia,Master's,N,N,1475,2009,Midwest,124830.48,Year,Y,Certified
EZYV2529,Europe,Doctorate,Y,Y,3723,1998,West,50812.14,Year,Y,Certified
EZYV376,North America,Master's,Y,N,94411,1977,Northeast,50067.16,Year,Y,Certified
EZYV16031,Europe,Master's,Y,N,3867,2010,South,59062.81,Year,Y,Certified
EZYV3347,Asia,Master's,Y,N,2008,2000,South,168064.4,Year,N,Certified
EZYV21244,Europe,Master's,Y,N,1550,1996,Northeast,90216.04,Year,Y,Certified
EZYV1907,Asia,High School,N,N,2748,1994,Northeast,66762.26,Year,N,Denied
EZYV14123,Asia,Bachelor's,N,Y,1929,2006,South,144482.16,Year,Y,Certified
EZYV17626,Asia,Master's,N,N,12590,1998,South,297589.88,Year,Y,Certified
EZYV14429,Asia,Master's,Y,N,1809,1953,West,54549.18,Year,Y,Certified
EZYV23111,North America,Bachelor's,Y,N,854,1998,Northeast,444.8257,Hour,Y,Denied
EZYV20616,Europe,Master's,Y,N,2581,1999,West,34476.22,Year,Y,Certified
EZYV13043,Asia,Bachelor's,N,N,5210,1976,South,112602.99,Year,N,Denied
EZYV25461,Europe,Master's,Y,Y,413,1997,West,8263.47,Year,Y,Certified
EZYV20983,South America,Doctorate,Y,N,185,1970,West,27702.73,Year,Y,Certified
EZYV18451,Asia,Bachelor's,Y,Y,2453,1998,South,72900.62,Year,Y,Certified
EZYV16890,Asia,Bachelor's,Y,N,4411,1965,Northeast,95176.6,Year,Y,Certified
EZYV13680,Europe,High School,N,Y,1419,1985,West,37633.61,Year,Y,Denied
EZYV7004,Asia,Master's,Y,N,4279,2009,Midwest,113687.61,Year,Y,Certified
EZYV9209,Europe,Master's,Y,N,460,2006,West,150.4,Hour,Y,Certified
EZYV82,Asia,Master's,Y,N,4036,2001,South,113882.38,Year,Y,Certified
EZYV14469,Asia,High School,Y,Y,2604,1837,Midwest,40866.87,Year,Y,Denied
EZYV16482,Asia,Master's,Y,N,856,1998,South,102813.82,Year,Y,Certified
EZYV9807,Europe,Doctorate,N,N,2251,1995,West,88719.11,Year,Y,Certified
EZYV24649,Asia,Bachelor's,Y,N,62,2006,South,56247.3,Year,Y,Certified
EZYV25171,Asia,Bachelor's,Y,N,2623,1998,Northeast,72050.75,Year,Y,Certified
EZYV21885,Europe,High School,Y,N,1792,2012,Island,72288.61,Year,Y,Certified
EZYV24300,Asia,Bachelor's,N,N,1475,2000,Midwest,44989.55,Year,Y,Denied
EZYV5875,Asia,Bachelor's,N,N,2850,1993,Island,38998.57,Year,Y,Certified
EZYV702,Asia,High School,Y,N,1698,1975,West,51177.11,Year,Y,Denied
EZYV7742,North America,Master's,Y,N,987,1962,Island,37963.15,Year,Y,Denied
EZYV24879,Asia,Master's,N,N,1733,1831,South,951.7682,Hour,Y,Certified
EZYV1759,Asia,Bachelor's,N,N,638,1988,West,66518.06,Year,Y,Denied
EZYV13491,Asia,Master's,N,N,446,1855,West,91396.81,Year,N,Certified
EZYV500,Asia,Bachelor's,N,N,553,1979,South,61744.57,Year,N,Certified
EZYV21114,North America,Bachelor's,N,N,4685,1994,South,153.73,Hour,Y,Denied
EZYV20010,Asia,Bachelor's,Y,N,48,1988,Northeast,61870.48,Year,Y,Denied
EZYV16256,Asia,Master's,Y,N,863,2001,West,58404.72,Year,Y,Certified
EZYV16935,Asia,High School,N,N,3348,1997,West,73155.88,Year,Y,Denied
EZYV11263,Asia,Doctorate,Y,N,2079,1977,South,20193.89,Year,Y,Certified
EZYV8211,North America,High School,Y,N,2917,2004,West,51600.36,Year,Y,Certified
EZYV20261,Asia,High School,Y,N,545,1987,Midwest,27180.1,Year,Y,Certified
EZYV23699,Asia,Master's,Y,N,1536,2005,South,134451.67,Year,N,Denied
EZYV9471,South America,Bachelor's,Y,N,523,1993,West,198976.98,Year,Y,Denied
EZYV6156,Europe,Bachelor's,Y,N,2444,1971,West,54488.31,Year,Y,Certified
EZYV223,Europe,Doctorate,N,N,2468,1991,West,195404.0,Year,Y,Certified
EZYV24717,Europe,Master's,N,N,5266,2003,West,28421.02,Year,Y,Denied
EZYV16233,Asia,Master's,N,N,1641,1838,Island,101267.72,Year,N,Certified
EZYV21785,Asia,Bachelor's,N,N,1793,1993,West,58816.38,Year,Y,Certified
EZYV3535,Asia,Master's,Y,N,26716,2007,West,84301.78,Year,Y,Certified
EZYV499,Asia,Bachelor's,N,N,1110,1963,South,97931.99,Month,Y,Certified
EZYV21703,Asia,High School,Y,N,3660,2010,South,230.7013,Hour,Y,Denied
EZYV19294,Asia,Master's,N,N,1459,1996,Midwest,162053.91,Year,Y,Certified
EZYV15687,Asia,Bachelor's,N,N,3587,1957,South,44316.89,Year,Y,Certified
EZYV13060,Asia,Bachelor's,Y,N,880,1998,South,157.66,Hour,Y,Denied
EZYV11207,Asia,Master's,Y,N,439,2000,Midwest,171777.29,Year,Y,Certified
EZYV22389,Asia,Master's,Y,N,-14,1986,South,17893.11,Year,Y,Certified
EZYV20278,Asia,Doctorate,Y,N,1119,2007,West,126099.74,Year,Y,Certified
EZYV23606,Asia,Master's,Y,N,3232,1991,South,76685.37,Year,Y,Certified
EZYV14111,Asia,Bachelor's,N,N,622,1997,Northeast,33827.47,Year,Y,Certified
EZYV17280,Asia,Master's,Y,N,150,2013,South,58578.32,Year,Y,Certified
EZYV10037,Europe,Bachelor's,Y,N,2678,1994,Northeast,95042.33,Year,Y,Certified
EZYV21508,Asia,Master's,N,N,556,2008,South,196.669,Hour,Y,Denied
EZYV14044,North America,Master's,Y,N,2684,1981,South,44425.75,Week,Y,Certified
EZYV2894,Asia,Master's,Y,N,184,2005,Northeast,90314.44,Year,Y,Certified
EZYV6482,Asia,Doctorate,Y,N,3715,1956,South,15082.76,Year,Y,Certified
EZYV24350,Oceania,High School,Y,N,2146,1953,Northeast,699.7387,Hour,Y,Denied
EZYV4208,Europe,High School,Y,N,2889,2004,West,20862.62,Year,Y,Denied
EZYV19236,Europe,High School,N,N,64632,1991,Midwest,50483.86,Year,Y,Certified
EZYV9444,Europe,Bachelor's,N,Y,3662,1980,South,77311.14,Year,Y,Certified
EZYV11075,Europe,Master's,Y,N,1704,1971,Midwest,97838.47,Year,Y,Certified
EZYV87,Asia,High School,N,N,1255,1989,Northeast,79813.05,Year,N,Denied
EZYV23058,Asia,Bachelor's,N,N,662,1971,South,142190.29,Year,Y,Certified
EZYV15057,Asia,High School,Y,N,2524,2015,Northeast,89344.1,Year,Y,Denied
EZYV3684,Asia,Doctorate,Y,N,44,1960,South,128371.16,Year,Y,Certified
EZYV11739,Asia,High School,N,N,619,1993,Northeast,484.6503,Hour,Y,Denied
EZYV3515,Asia,Master's,N,N,43845,2000,Midwest,126322.08,Year,Y,Denied
EZYV14854,North America,Master's,Y,N,1518,1889,Midwest,121356.52,Year,Y,Certified
EZYV19536,Asia,Master's,N,N,1032,2004,Island,42537.27,Year,Y,Denied
EZYV5600,Asia,High School,Y,N,4752,1992,Northeast,90297.88,Year,Y,Denied
EZYV3941,Asia,Bachelor's,Y,Y,1861,1941,Northeast,122770.0,Year,Y,Certified
EZYV402,Asia,Bachelor's,Y,Y,1000,1848,West,103200.45,Year,Y,Certified
EZYV17258,Asia,Master's,Y,N,575,1939,West,103497.27,Year,Y,Denied
EZYV15136,Asia,Master's,Y,N,305,2009,Northeast,318.5846,Hour,Y,Certified
EZYV12304,Europe,Bachelor's,N,N,2090,1999,South,40138.45,Year,Y,Certified
EZYV17078,North America,Bachelor's,N,Y,7457,1994,West,111418.62,Year,Y,Denied
EZYV8959,Oceania,Bachelor's,N,N,592,1994,Midwest,269645.3,Year,Y,Certified
EZYV3097,Europe,High School,Y,N,3850,1977,West,187.42,Hour,Y,Denied
EZYV22069,North America,Master's,Y,Y,1841,2005,South,105585.95,Year,Y,Certified
EZYV11416,Asia,Master's,Y,N,1925,1972,South,111123.75,Year,Y,Certified
EZYV12988,North America,Master's,Y,N,716,2003,West,140313.93,Year,N,Certified
EZYV19891,Asia,Master's,Y,N,1654,2002,South,77528.21,Year,Y,Certified
EZYV11525,Asia,Bachelor's,Y,N,2970,1998,Northeast,10551.83,Year,Y,Denied
EZYV4258,South America,Master's,Y,N,142,1981,Northeast,503.1522,Hour,Y,Denied
EZYV1596,Asia,Bachelor's,Y,N,5319,1838,Northeast,137449.34,Year,N,Certified
EZYV1601,North America,Bachelor's,N,N,3065,1973,Midwest,174495.55,Year,N,Certified
EZYV3969,Asia,Master's,Y,N,2804,1998,South,84304.97,Year,Y,Certified
EZYV22204,Europe,Bachelor's,N,N,276,2001,Midwest,28468.87,Year,Y,Certified
EZYV25291,Europe,Doctorate,Y,N,3357,1923,South,86778.04,Month,Y,Denied
EZYV20128,Europe,Bachelor's,Y,N,5209,2004,West,99258.63,Year,Y,Certified
EZYV6611,Asia,Bachelor's,Y,Y,1498,1843,Northeast,237715.74,Year,Y,Certified
EZYV12652,Asia,Bachelor's,N,N,1119,1983,West,92216.5,Year,Y,Denied
EZYV24671,Asia,Master's,N,Y,1430,2005,West,100461.45,Year,Y,Certified
EZYV18085,Asia,Master's,Y,N,1023,1997,Midwest,68021.59,Year,Y,Certified
EZYV14777,South America,Bachelor's,N,N,355,1993,Midwest,81457.08,Year,Y,Certified
EZYV3502,Asia,High School,Y,N,1666,2015,South,107548.52,Year,Y,Denied
EZYV13288,Europe,Doctorate,Y,N,1721,1995,Northeast,100848.26,Year,Y,Certified
EZYV22895,North America,Master's,Y,N,5937,1944,Midwest,105842.33,Year,N,Denied
EZYV25043,Europe,Bachelor's,Y,Y,2234,2014,West,55261.71,Year,Y,Certified
EZYV3499,Europe,High School,Y,Y,3412,2000,West,59768.48,Year,Y,Denied
EZYV13746,Asia,Master's,N,N,45,2007,Midwest,122759.79,Year,Y,Certified
EZYV14497,Asia,Bachelor's,N,N,1621,2010,South,85271.22,Year,Y,Certified
EZYV4703,Europe,High School,Y,N,2144,1998,South,2880.94,Year,Y,Denied
EZYV9809,North America,High School,Y,N,2473,1999,Midwest,65.1106,Hour,Y,Denied
EZYV1734,Asia,Master's,Y,N,2701,1946,South,80461.55,Year,Y,Certified
EZYV20324,Asia,Master's,Y,N,4435,2006,West,53192.22,Year,Y,Denied
EZYV20045,Asia,Bachelor's,Y,N,3596,1987,West,105574.74,Year,Y,Certified
EZYV20930,Asia,Bachelor's,Y,N,2952,2000,West,318.6943,Hour,Y,Denied
EZYV25194,Asia,High School,Y,N,1409,1991,West,148070.58,Year,N,Certified
EZYV6552,Asia,Master's,Y,N,1704,2009,Midwest,132503.77,Year,Y,Certified
EZYV10584,Asia,High School,Y,N,334,1996,Midwest,125352.49,Year,Y,Denied
EZYV13566,Asia,Bachelor's,N,N,1247,2006,South,80520.19,Year,Y,Denied
EZYV4604,Asia,Bachelor's,N,N,2357,2006,Midwest,29254.71,Year,Y,Denied
EZYV16983,North America,Master's,N,N,5603,1856,West,74323.08,Year,Y,Certified
EZYV1855,Asia,Master's,Y,N,320,1994,Northeast,104717.32,Year,N,Certified
EZYV3766,Asia,Master's,N,N,876,1998,Midwest,126098.49,Year,Y,Denied
EZYV24708,Asia,Bachelor's,N,N,3267,2006,Midwest,106366.52,Year,Y,Certified
EZYV10821,Africa,Bachelor's,N,N,2651,2006,West,268713.5,Year,Y,Certified
EZYV23108,Asia,Doctorate,Y,N,27264,1989,South,85824.55,Year,Y,Certified
EZYV12085,Europe,Doctorate,Y,N,8808,1991,Northeast,3879.69,Year,Y,Certified
EZYV5774,Europe,Bachelor's,Y,N,3574,2000,Northeast,649.44,Year,Y,Certified
EZYV9224,Asia,High School,Y,N,5367,2002,South,62518.04,Year,N,Denied
EZYV1192,Asia,High School,Y,N,829,1984,Northeast,58960.93,Year,Y,Denied
EZYV7849,Asia,Bachelor's,N,N,993,1983,South,152313.45,Year,Y,Certified
EZYV14768,Asia,Bachelor's,N,Y,510,2013,West,34479.01,Year,Y,Denied
EZYV6230,Asia,Bachelor's,N,Y,16748,1980,West,281418.03,Year,Y,Certified
EZYV16996,Asia,Bachelor's,Y,N,4202,1999,South,112151.1,Year,Y,Certified
EZYV21236,Asia,Bachelor's,N,N,5588,1998,South,66435.87,Year,N,Certified
EZYV17520,Asia,Master's,Y,N,2326,2005,Midwest,43662.44,Year,Y,Certified
EZYV7571,Asia,Master's,N,N,417,2000,Midwest,7861.09,Year,Y,Certified
EZYV5096,North America,Master's,N,N,1983,1985,West,100055.59,Year,N,Certified
EZYV3224,Asia,Bachelor's,Y,N,2462,1900,Northeast,37000.62,Year,Y,Certified
EZYV23075,Asia,Master's,Y,N,1413,1986,South,116851.17,Year,N,Certified
EZYV16105,Asia,Doctorate,Y,N,6586,2004,West,25820.86,Year,Y,Certified
EZYV6928,Asia,Bachelor's,Y,Y,2701,2010,Northeast,82468.86,Year,Y,Denied
EZYV4938,Asia,Bachelor's,N,N,11041,1832,South,761.4506,Hour,Y,Denied
EZYV20228,Europe,Doctorate,N,N,3305,1999,Northeast,62361.21,Year,Y,Certified
EZYV13570,Asia,Bachelor's,Y,N,387,2002,Northeast,20809.11,Year,Y,Denied
EZYV6206,Asia,Master's,N,N,4137,1869,West,95645.29,Year,Y,Certified
EZYV25132,Asia,Master's,Y,N,1302,1952,South,37507.75,Year,Y,Certified
EZYV15280,Europe,Bachelor's,Y,N,962,2010,Northeast,197.25,Year,Y,Certified
EZYV1060,Asia,Bachelor's,Y,N,1105,2001,Northeast,81359.35,Year,Y,Certified
EZYV10167,Africa,Master's,Y,N,1143,1929,West,59661.77,Year,Y,Certified
EZYV8396,Asia,Bachelor's,Y,N,4329,1884,Northeast,97432.62,Year,Y,Denied
EZYV2503,Asia,Bachelor's,Y,Y,2672,1897,West,107252.41,Year,Y,Certified
EZYV7830,Asia,Master's,N,N,4193,1999,Midwest,20500.39,Year,Y,Certified
EZYV14949,Asia,Master's,Y,N,2635,1988,South,10456.15,Year,Y,Certified
EZYV13757,North America,Bachelor's,N,N,23617,1911,Midwest,129434.63,Year,N,Certified
EZYV10647,North America,Master's,Y,N,14047,2003,Midwest,183734.26,Year,Y,Certified
EZYV7721,Asia,Bachelor's,Y,N,985,1970,Northeast,55503.15,Year,Y,Certified
EZYV15352,Asia,Master's,N,N,377,2008,Northeast,72180.16,Year,N,Certified
EZYV8499,Europe,Master's,Y,N,3354,1983,West,46471.14,Year,Y,Certified
EZYV20209,Asia,Bachelor's,N,N,734,1979,Island,125499.14,Year,Y,Certified
EZYV188,Europe,High School,Y,N,600,2009,Northeast,138032.0,Year,Y,Denied
EZYV9351,Asia,Master's,Y,N,4700,1998,Midwest,45285.51,Year,Y,Certified
EZYV19797,Oceania,Bachelor's,Y,N,4981,1994,West,1382.29,Year,Y,Denied
EZYV15503,Asia,Bachelor's,Y,N,1842,2005,South,738.9792,Hour,Y,Denied
EZYV5240,Asia,Bachelor's,Y,N,61191,2015,West,86234.01,Year,Y,Certified
EZYV14101,Europe,Master's,Y,Y,2927,2008,South,144506.3,Year,Y,Certified
EZYV3996,Europe,Doctorate,Y,N,1652,1997,Northeast,63277.1,Year,Y,Certified
EZYV5106,Europe,Bachelor's,N,N,2036,1965,Northeast,24993.65,Year,Y,Certified
EZYV23069,Europe,Master's,Y,N,4646,1998,South,81863.3,Year,Y,Certified
EZYV23117,Asia,Master's,N,N,1607,1933,South,82449.72,Year,N,Certified
EZYV22822,North America,Bachelor's,Y,N,5582,1999,Northeast,32124.5,Year,Y,Certified
EZYV2254,Asia,Bachelor's,Y,N,1747,1999,South,139734.32,Year,Y,Certified
EZYV15097,Asia,High School,Y,N,3692,2013,Northeast,170.9434,Hour,Y,Denied
EZYV3067,Europe,High School,N,N,1635,1975,Northeast,43866.54,Year,Y,Denied
EZYV19624,North America,Bachelor's,N,N,3940,1923,Midwest,733.4222,Hour,Y,Certified
EZYV1995,South America,Doctorate,Y,N,4368,1994,Northeast,70884.34,Year,Y,Certified
EZYV19329,Asia,High School,N,N,1943,1937,West,83274.88,Year,Y,Certified
EZYV3867,North America,Master's,Y,N,1789,2012,Midwest,109671.18,Year,Y,Certified
EZYV24619,Asia,Master's,N,N,6109,1985,South,77170.45,Year,N,Certified
EZYV10581,North America,Master's,Y,N,929,1985,Island,48516.08,Year,Y,Certified
EZYV6582,North America,Bachelor's,N,N,1425,2004,South,2373.08,Year,Y,Certified
EZYV25067,Asia,High School,Y,N,5815,2012,West,754.63,Year,Y,Certified
EZYV3011,Asia,Bachelor's,Y,N,3244,1946,South,140268.39,Year,Y,Certified
EZYV20343,Europe,Doctorate,N,N,2406,2010,West,13008.4,Year,Y,Certified
EZYV9206,Asia,Master's,N,N,649,2009,South,77776.04,Year,Y,Certified
EZYV7217,Asia,Bachelor's,Y,N,3268,2002,West,99514.5,Year,Y,Certified
EZYV18350,Asia,Master's,Y,N,4860,1995,Midwest,85183.73,Year,Y,Certified
EZYV21083,Asia,Bachelor's,N,N,310,1864,Midwest,37325.28,Year,Y,Certified
EZYV25251,Asia,Master's,N,N,4389,1899,South,114515.24,Year,N,Denied
EZYV20505,Asia,Master's,Y,N,1539,2010,West,97621.2,Year,Y,Certified
EZYV19779,Asia,Bachelor's,N,N,198,1948,West,75590.73,Year,Y,Certified
EZYV21440,South America,Doctorate,N,N,4332,1999,Midwest,64222.42,Year,Y,Certified
EZYV2296,Asia,Master's,Y,N,1278,2008,West,101011.92,Week,Y,Certified
EZYV9406,Asia,Bachelor's,N,N,2041,2009,West,130429.73,Year,Y,Denied
EZYV7536,Asia,Bachelor's,N,N,1136,1984,West,90722.04,Year,Y,Denied
EZYV22916,Europe,Doctorate,Y,N,1194,1913,West,44192.7,Year,Y,Certified
EZYV4602,Asia,Doctorate,Y,N,2308,1973,West,31334.06,Year,Y,Certified
EZYV1936,Asia,Bachelor's,N,N,3449,1998,South,108618.71,Year,Y,Certified
EZYV4892,Europe,High School,N,Y,1945,2010,South,25676.21,Year,Y,Denied
EZYV2515,South America,Doctorate,Y,N,854,1996,South,86736.35,Year,Y,Certified
EZYV9446,North America,Bachelor's,N,N,724,1970,Northeast,14319.02,Year,Y,Certified
EZYV4718,North America,Doctorate,N,N,1003,1932,West,66929.9,Year,N,Denied
EZYV16946,Asia,High School,Y,N,4043,1895,South,38308.17,Year,Y,Certified
EZYV20091,Asia,Bachelor's,Y,N,2831,1990,Northeast,67482.36,Year,Y,Certified
EZYV13040,Asia,Bachelor's,Y,N,3242,2013,West,85050.38,Year,Y,Certified
EZYV22598,Asia,Doctorate,N,N,2377,1989,Northeast,58088.92,Year,Y,Certified
EZYV3054,Asia,High School,N,N,13502,1993,Midwest,116669.49,Year,Y,Denied
EZYV3989,Africa,High School,N,N,2365,1885,South,596.5164,Hour,Y,Denied
EZYV227,North America,Master's,N,N,20,1997,Midwest,138925.72,Year,N,Certified
EZYV2854,Asia,Bachelor's,N,Y,1960,1997,West,38618.71,Year,Y,Denied
EZYV25404,Asia,Bachelor's,Y,N,5050,2001,West,9284.17,Year,Y,Denied
EZYV12413,Asia,Bachelor's,Y,N,3000,1853,South,6597.07,Year,Y,Denied
EZYV22261,Asia,Doctorate,N,N,1577,1998,Northeast,322.3961,Hour,Y,Denied
EZYV985,Asia,Master's,N,N,63,1997,Northeast,78553.09,Year,Y,Denied
EZYV10641,Asia,Bachelor's,N,N,3815,2011,South,133569.33,Year,N,Certified
EZYV10201,Asia,Master's,Y,N,4246,1960,South,90247.32,Year,Y,Certified
EZYV722,Asia,Master's,Y,N,3815,1987,Northeast,14742.8,Year,Y,Certified
EZYV4856,North America,Master's,N,N,2557,1985,Midwest,129615.66,Year,N,Certified
EZYV12932,Asia,Master's,N,N,919,1905,Midwest,72289.98,Year,N,Denied
EZYV23160,Asia,High School,Y,N,1908,1999,West,45240.97,Year,Y,Denied
EZYV6763,Asia,High School,N,N,10337,1999,Midwest,259277.18,Year,Y,Denied
EZYV9098,Asia,Master's,N,N,377,1838,Midwest,74541.55,Year,Y,Certified
EZYV21809,Asia,Bachelor's,Y,N,1128,1992,South,102.0197,Hour,Y,Denied
EZYV24414,Asia,Bachelor's,N,N,198,1942,Northeast,43842.44,Year,Y,Denied
EZYV4087,Asia,Doctorate,Y,N,1869,1986,Northeast,14199.08,Year,Y,Certified
EZYV17138,South America,Master's,Y,N,101,1946,Midwest,111392.4,Year,Y,Certified
EZYV14690,Asia,High School,Y,N,3304,1992,South,60157.79,Year,Y,Denied
EZYV23149,Asia,High School,Y,N,5835,1998,Northeast,44978.42,Year,Y,Certified
EZYV809,Asia,Bachelor's,Y,N,1809,2008,West,80375.25,Year,Y,Certified
EZYV10026,Asia,Bachelor's,Y,N,2426,1995,Northeast,105353.74,Year,Y,Certified
EZYV6588,Europe,High School,Y,N,1534,1998,South,58941.04,Year,Y,Denied
EZYV25318,Europe,Bachelor's,Y,N,1152,2013,South,49941.93,Year,Y,Denied
EZYV1437,Asia,Bachelor's,N,N,1724,1932,West,109641.36,Year,Y,Denied
EZYV9430,Europe,Master's,Y,N,4813,2013,Northeast,57216.92,Year,Y,Certified
EZYV21298,Asia,High School,N,N,251,1986,South,130886.71,Year,Y,Certified
EZYV19218,Asia,Master's,N,N,3472,2004,South,440.757,Hour,Y,Denied
EZYV3850,Asia,Bachelor's,Y,N,705,1989,Northeast,29979.87,Year,Y,Denied
EZYV13312,Asia,Bachelor's,Y,N,5621,1837,Northeast,49594.52,Year,N,Certified
EZYV7735,North America,Bachelor's,N,N,1752,1986,South,42808.77,Year,Y,Certified
EZYV23330,North America,Bachelor's,Y,N,3993,2001,Northeast,65896.44,Year,Y,Certified
EZYV1977,Asia,Bachelor's,Y,N,3146,2008,West,46635.58,Year,Y,Certified
EZYV22386,Asia,Doctorate,Y,N,301,1993,Northeast,108906.09,Year,Y,Certified
EZYV5420,Europe,High School,N,N,2664,1989,South,96882.01,Year,Y,Denied
EZYV108,Asia,Bachelor's,Y,N,2002,2006,South,66295.43,Year,Y,Certified
EZYV20831,South America,Bachelor's,Y,N,521,1984,Northeast,97623.28,Year,Y,Certified
EZYV22234,South America,High School,Y,N,138,1933,Northeast,676.6595,Hour,Y,Denied
EZYV14281,Asia,Master's,Y,N,1409,2009,South,88653.35,Year,Y,Certified
EZYV3912,Asia,Bachelor's,Y,N,1248,2001,South,123346.27,Year,Y,Certified
EZYV15690,Asia,High School,N,N,177,1944,Northeast,66197.61,Year,Y,Denied
EZYV21426,Asia,Bachelor's,N,N,1173,1983,Midwest,117042.12,Year,Y,Certified
EZYV3309,Asia,Bachelor's,N,Y,2940,2007,Northeast,68888.26,Year,Y,Denied
EZYV16407,North America,High School,Y,N,26297,1981,Northeast,65264.79,Year,Y,Certified
EZYV4234,Asia,Bachelor's,Y,N,2177,1960,West,93206.46,Year,Y,Denied
EZYV21594,Asia,Bachelor's,Y,N,2593,1994,West,126892.33,Year,Y,Certified
EZYV19856,Europe,Master's,N,N,5752,1987,West,48492.48,Year,Y,Certified
EZYV16236,Asia,Master's,Y,N,1104,2008,South,143798.9,Year,Y,Certified
EZYV22813,Asia,Bachelor's,Y,N,261,2002,Northeast,56509.49,Year,Y,Certified
EZYV2030,Asia,Master's,Y,N,2497,1984,Midwest,7671.23,Year,Y,Certified
EZYV15310,Asia,Master's,N,N,943,1902,Midwest,126106.35,Year,Y,Certified
EZYV4143,Asia,Bachelor's,N,N,3819,1960,West,44095.87,Year,Y,Denied
EZYV21997,Africa,Master's,N,Y,909,2011,Midwest,122181.7,Year,N,Denied
EZYV9468,Asia,Master's,N,N,4896,1984,South,160820.42,Year,N,Certified
EZYV24837,Asia,Bachelor's,Y,N,4307,2001,West,24705.95,Year,Y,Certified
EZYV11783,Asia,Master's,Y,N,932,1996,South,17813.51,Year,Y,Certified
EZYV6359,North America,Bachelor's,N,N,3178,1999,Northeast,129798.65,Year,Y,Denied
EZYV14312,Asia,Bachelor's,Y,N,1297,1989,West,84192.19,Year,Y,Certified
EZYV12878,Asia,Master's,N,N,1917,2008,Midwest,30765.39,Year,Y,Certified
EZYV23861,Europe,Bachelor's,N,N,2682,2008,West,95481.66,Year,Y,Certified
EZYV1866,Asia,Master's,Y,N,2557,1978,Midwest,25742.05,Year,Y,Certified
EZYV3566,Europe,High School,N,Y,3892,2007,Midwest,93750.89,Year,Y,Denied
EZYV6027,Asia,Master's,Y,N,442,1981,South,114331.5,Year,Y,Certified
EZYV9302,Asia,Bachelor's,N,Y,1194,2012,South,29667.71,Year,Y,Denied
EZYV15464,Asia,Doctorate,Y,N,2450,1923,Northeast,79771.94,Year,Y,Certified
EZYV4793,Asia,Bachelor's,Y,N,4329,2002,South,106686.74,Year,Y,Certified
EZYV15252,Asia,Master's,Y,N,4425,2005,South,157326.55,Year,Y,Certified
EZYV6923,Asia,Bachelor's,Y,N,3517,1995,Island,83232.17,Year,Y,Certified
EZYV10157,North America,Master's,N,N,5119,1847,Northeast,50997.67,Year,Y,Certified
EZYV23671,North America,High School,Y,N,4253,2003,Northeast,7849.6,Year,Y,Certified
EZYV2949,Asia,Bachelor's,Y,N,4227,1997,Northeast,107853.38,Year,Y,Certified
EZYV10202,Asia,High School,Y,N,1208,1996,Midwest,132786.18,Year,Y,Denied
EZYV9165,South America,Bachelor's,Y,N,8832,1920,Midwest,67487.33,Year,Y,Certified
EZYV6709,North America,Master's,Y,N,4687,1997,Northeast,88765.44,Year,Y,Certified
EZYV18861,Asia,Master's,Y,N,3709,1984,West,107667.61,Year,Y,Certified
EZYV3814,North America,Master's,N,N,4521,1965,South,82094.94,Year,N,Denied
EZYV5684,Europe,Bachelor's,N,Y,4359,1975,South,11411.13,Year,Y,Certified
EZYV8154,Asia,Master's,N,N,1526,2001,Midwest,52960.56,Year,N,Certified
EZYV4299,Europe,Bachelor's,N,N,4212,1982,Midwest,128894.18,Year,Y,Certified
EZYV17339,Asia,High School,N,N,628,1997,Northeast,58839.51,Year,Y,Certified
EZYV5350,Europe,Doctorate,Y,N,2816,1928,Northeast,15209.37,Year,Y,Certified
EZYV18542,Europe,High School,Y,N,2365,1897,Northeast,33622.03,Year,Y,Certified
EZYV21308,Europe,Bachelor's,Y,Y,338,1947,South,99831.62,Year,Y,Certified
EZYV8708,Asia,Master's,Y,N,3022,1978,Northeast,8531.85,Year,Y,Certified
EZYV2383,Asia,Bachelor's,N,N,52,2007,West,168949.07,Year,Y,Denied
EZYV12875,Asia,Bachelor's,Y,N,207,2001,South,3364.63,Year,Y,Certified
EZYV14365,Asia,Master's,Y,N,2190,1839,West,56618.56,Year,Y,Certified
EZYV13801,Asia,Master's,N,N,1687,1997,Northeast,840.2316,Hour,Y,Denied
EZYV15737,Asia,Bachelor's,Y,N,1403,1999,Northeast,61831.45,Year,Y,Certified
EZYV23374,Asia,Bachelor's,Y,N,21152,1997,West,60371.56,Year,Y,Certified
EZYV15589,Asia,Bachelor's,Y,N,3791,1985,South,19411.33,Year,Y,Denied
EZYV20382,Asia,Master's,Y,N,281,2005,West,118507.67,Year,Y,Denied
EZYV24598,Asia,Doctorate,N,N,763,1999,South,437.498,Hour,Y,Denied
EZYV11796,Asia,Master's,Y,N,1694,1998,Midwest,230566.11,Year,Y,Certified
EZYV1880,Asia,Master's,N,N,1126,1998,Midwest,35008.36,Year,Y,Certified
EZYV13836,Asia,Master's,Y,N,390,1992,South,110849.22,Year,N,Certified
EZYV23162,North America,Bachelor's,Y,N,3495,1817,Northeast,76214.74,Year,Y,Certified
EZYV19667,Asia,Bachelor's,Y,N,2638,1998,Midwest,76621.73,Year,Y,Denied
EZYV22753,North America,Master's,Y,N,849,2012,Northeast,77535.05,Year,Y,Certified
EZYV22486,Asia,High School,N,Y,1459,1999,West,191628.84,Year,Y,Certified
EZYV4296,North America,Bachelor's,N,Y,2072,1981,West,171016.37,Year,Y,Denied
EZYV19532,Asia,Master's,N,N,6776,1945,West,131583.9,Year,Y,Certified
EZYV13673,Asia,Bachelor's,Y,N,672,1998,Midwest,66360.94,Year,Y,Certified
EZYV19052,Asia,Master's,N,N,1877,1981,Midwest,230431.69,Year,Y,Certified
EZYV10002,North America,Master's,Y,N,2136,1998,Northeast,61843.69,Year,Y,Denied
EZYV11642,Asia,Master's,N,N,1850,2005,Midwest,204380.65,Year,N,Denied
EZYV22324,Asia,High School,Y,N,1059,2000,Northeast,59.015,Hour,Y,Denied
EZYV14651,Asia,Master's,Y,N,353,1999,South,120312.37,Year,N,Certified
EZYV18894,Asia,High School,N,Y,5299,2005,South,77567.79,Year,Y,Denied
EZYV22518,Asia,High School,N,N,1789,1997,Midwest,75130.94,Year,Y,Certified
EZYV16743,Asia,Bachelor's,Y,N,5177,1889,South,149936.09,Year,N,Certified
EZYV44,North America,Master's,Y,N,2582,1989,South,54614.42,Year,Y,Certified
EZYV19184,Asia,Bachelor's,N,Y,113,1989,South,116120.04,Year,Y,Certified
EZYV13967,Asia,Master's,Y,N,687,1991,Midwest,50793.15,Year,Y,Certified
EZYV19587,Asia,High School,Y,N,3047,2005,Midwest,40080.63,Year,Y,Denied
EZYV9922,North America,Doctorate,Y,N,1447,1988,Northeast,71441.63,Year,Y,Certified
EZYV12567,Asia,Master's,Y,N,934,1992,Northeast,228734.21,Year,Y,Certified
EZYV12467,Asia,Bachelor's,N,N,1111,2015,Northeast,310.26,Hour,Y,Denied
EZYV20726,Europe,Bachelor's,N,N,1139,1961,Midwest,53269.84,Year,Y,Certified
EZYV17168,Europe,Doctorate,N,N,3062,1837,West,64323.52,Year,Y,Certified
EZYV14870,North America,High School,N,N,2553,2001,South,124525.43,Year,Y,Denied
EZYV25249,Asia,Bachelor's,N,N,2705,1959,West,115260.73,Year,Y,Denied
EZYV9427,Asia,Master's,N,N,295,2008,West,35077.39,Year,Y,Certified
EZYV17241,Asia,Master's,Y,N,1385,1984,West,120122.87,Year,Y,Certified
EZYV18510,Europe,Master's,N,Y,3689,1999,Northeast,70429.81,Year,Y,Certified
EZYV5232,Europe,High School,Y,Y,1157,1954,South,163566.18,Year,Y,Denied
EZYV21404,Asia,Master's,Y,N,3131,2000,Northeast,120099.21,Year,Y,Certified
EZYV23004,Asia,Master's,N,N,985,1984,Midwest,172481.77,Year,Y,Certified
EZYV21010,Europe,Master's,Y,N,1341,1996,Midwest,99648.13,Year,Y,Certified
EZYV19481,Asia,Bachelor's,Y,N,5087,1986,South,6321.85,Year,Y,Denied
EZYV17380,Asia,Bachelor's,N,N,148,2001,Northeast,389.766,Hour,Y,Denied
EZYV1974,North America,Master's,Y,N,3557,1989,South,45343.15,Year,Y,Certified
EZYV22162,Asia,Master's,Y,N,31435,1968,Midwest,142211.63,Year,Y,Certified
EZYV4186,Asia,Master's,Y,N,3770,1996,Northeast,177335.17,Year,Y,Certified
EZYV135,Asia,Doctorate,Y,Y,113282,2011,Midwest,164893.0,Year,Y,Certified
EZYV14213,Africa,High School,Y,N,2928,1807,Northeast,100574.37,Year,N,Denied
EZYV5910,Asia,Bachelor's,N,Y,15818,2005,West,14770.2,Year,Y,Certified
EZYV8289,Europe,Bachelor's,N,N,4721,1972,West,19948.04,Year,Y,Denied
EZYV11761,Asia,Bachelor's,N,N,1112,1977,Midwest,68129.89,Year,Y,Certified
EZYV17072,Asia,Master's,N,N,1713,1995,Northeast,130785.67,Year,Y,Denied
EZYV16221,Asia,Master's,N,Y,3491,1962,Northeast,58078.33,Year,Y,Denied
EZYV607,Asia,Doctorate,N,N,110,1983,Midwest,70105.8,Year,N,Certified
EZYV22109,Asia,Master's,N,N,4851,2009,Midwest,52009.18,Year,N,Denied
EZYV887,North America,Bachelor's,N,N,85646,2013,South,103341.32,Year,N,Certified
EZYV14398,Asia,Bachelor's,Y,N,818,2006,Midwest,127978.54,Year,Y,Denied
EZYV741,South America,High School,Y,N,1466,1998,West,163906.88,Year,N,Certified
EZYV17862,Asia,High School,N,N,271,1999,Northeast,255.7444,Hour,Y,Certified
EZYV7449,Asia,High School,Y,N,171,1985,South,41743.95,Year,Y,Denied
EZYV3485,Asia,Doctorate,Y,N,3254,1998,West,79623.94,Year,Y,Certified
EZYV4537,Asia,Bachelor's,Y,N,205,1998,West,24.7965,Hour,Y,Denied
EZYV21486,North America,Master's,N,N,4934,1979,South,93817.42,Year,Y,Certified
EZYV4041,Asia,Bachelor's,N,N,1857,1992,West,36815.05,Year,Y,Denied
EZYV8977,South America,High School,N,N,765,1928,Northeast,343.3205,Hour,Y,Certified
EZYV6261,North America,Master's,N,N,2655,1986,Northeast,76214.62,Year,Y,Certified
EZYV20766,Asia,Bachelor's,N,N,166,2010,South,76693.77,Year,Y,Denied
EZYV20903,Asia,Bachelor's,Y,N,1086,1961,Northeast,126072.88,Year,Y,Denied
EZYV8259,Asia,High School,Y,N,2680,1939,West,889.8213,Hour,Y,Denied
EZYV6718,Europe,Bachelor's,N,N,328,2005,South,101364.9,Year,N,Certified
EZYV11252,North America,Bachelor's,Y,N,1062,1980,Midwest,8932.55,Year,Y,Certified
EZYV12503,Africa,Bachelor's,N,N,21480,1978,Northeast,969.9479,Hour,N,Denied
EZYV16689,Asia,High School,N,N,2959,2011,Northeast,36622.52,Year,Y,Certified
EZYV7164,Asia,Bachelor's,N,N,1909,2004,South,78239.03,Year,Y,Denied
EZYV15911,Asia,Master's,N,N,3607,1999,Midwest,139223.17,Year,Y,Certified
EZYV11400,Asia,Bachelor's,Y,N,791,1838,West,60113.44,Year,Y,Denied
EZYV6032,Asia,Master's,Y,N,3810,1988,South,121831.05,Year,Y,Certified
EZYV9884,North America,High School,N,N,2688,2000,South,590.1546,Hour,Y,Denied
EZYV7870,Asia,Doctorate,Y,N,2475,1940,South,68723.88,Year,N,Certified
EZYV21054,Europe,Master's,Y,N,3673,1857,Northeast,51813.46,Year,Y,Certified
EZYV20809,Asia,Bachelor's,Y,N,2250,1976,Northeast,72358.39,Year,Y,Certified
EZYV25434,Asia,Master's,Y,N,5900,2006,West,45841.95,Year,Y,Certified
EZYV19132,Asia,Master's,N,N,319,1977,Midwest,99532.54,Year,Y,Certified
EZYV8388,Asia,Master's,Y,N,4375,1996,Northeast,5509.41,Year,Y,Certified
EZYV6166,North America,Master's,Y,N,2017,2010,South,121441.26,Year,N,Denied
EZYV4643,Asia,Master's,N,N,5108,1922,West,116040.7,Year,Y,Denied
EZYV8361,Asia,Master's,Y,N,678,1951,Northeast,35551.72,Year,Y,Certified
EZYV17001,Europe,Bachelor's,Y,Y,1284,2001,Northeast,72138.39,Year,Y,Certified
EZYV16281,South America,Bachelor's,Y,N,3077,1972,Northeast,76264.65,Year,Y,Certified
EZYV6641,Asia,Master's,N,N,1418,1998,Northeast,188.6818,Hour,Y,Certified
EZYV2161,North America,Bachelor's,N,N,3275,1941,West,96967.35,Year,Y,Denied
EZYV24095,Asia,Bachelor's,Y,N,782,1995,South,6907.95,Year,Y,Certified
EZYV19463,Asia,Bachelor's,N,N,4807,2013,South,67007.35,Year,Y,Certified
EZYV22775,Asia,Bachelor's,N,N,361,1996,Midwest,185691.71,Year,Y,Certified
EZYV14367,Europe,Doctorate,Y,N,847,1980,Northeast,114395.61,Year,Y,Certified
EZYV14313,Europe,Bachelor's,Y,Y,2796,1963,West,70718.25,Year,Y,Denied
EZYV2325,Asia,Bachelor's,Y,N,3735,2013,West,45435.38,Year,Y,Certified
EZYV23838,Asia,Master's,N,N,130489,2004,South,40881.69,Year,Y,Certified
EZYV9695,Asia,High School,Y,N,1126,2005,Midwest,124934.6,Year,Y,Denied
EZYV16746,Asia,Doctorate,Y,N,1337,1989,South,199777.59,Year,Y,Certified
EZYV13755,Asia,High School,Y,N,1782,2007,Northeast,35806.97,Year,Y,Denied
EZYV20340,Asia,Master's,Y,Y,2282,1985,West,74848.84,Year,Y,Certified
EZYV7636,Europe,Master's,Y,Y,4025,2012,Northeast,22484.47,Year,Y,Certified
EZYV5511,Asia,Bachelor's,N,Y,1073,2005,South,144436.92,Year,Y,Denied
EZYV3791,Asia,Bachelor's,Y,N,3173,2002,South,28652.91,Year,Y,Denied
EZYV9684,Asia,Bachelor's,Y,N,166,1984,Midwest,43711.24,Year,Y,Denied
EZYV9798,Asia,Bachelor's,N,N,2024,2011,Northeast,58109.59,Year,Y,Certified
EZYV23271,Asia,Bachelor's,Y,N,385,1923,Northeast,49208.09,Year,Y,Certified
EZYV5550,Europe,Doctorate,N,Y,1704,2005,West,48934.84,Year,Y,Certified
EZYV11916,Europe,Doctorate,Y,N,3651,1992,Northeast,28497.59,Year,N,Certified
EZYV11183,Asia,Bachelor's,Y,N,4422,2013,West,89421.2,Year,Y,Denied
EZYV7659,Asia,High School,Y,N,2430,2007,South,254858.86,Year,Y,Denied
EZYV23796,Asia,Bachelor's,Y,N,4486,1998,South,81375.83,Year,Y,Denied
EZYV3815,Asia,High School,N,Y,4502,2001,West,108420.21,Year,Y,Denied
EZYV11014,Asia,Master's,Y,Y,500,2002,West,87724.74,Year,Y,Certified
EZYV11880,Asia,Master's,N,N,1278,1990,Northeast,131745.49,Year,N,Certified
EZYV938,Asia,Bachelor's,N,N,1869,1978,West,56474.08,Year,Y,Denied
EZYV21060,Europe,Master's,Y,N,4764,1993,West,7154.42,Year,Y,Denied
EZYV14998,Asia,Master's,N,N,1986,1993,West,25195.9,Year,Y,Denied
EZYV9811,North America,Master's,Y,N,3037,1988,South,135057.31,Year,Y,Certified
EZYV5623,Asia,Master's,Y,N,2007,1989,Midwest,58328.52,Year,Y,Certified
EZYV10146,Europe,Master's,Y,N,2772,1993,South,64704.57,Year,Y,Certified
EZYV20095,Asia,Master's,Y,N,2838,1974,South,126022.16,Year,Y,Certified
EZYV3169,Asia,Master's,Y,N,2351,1995,South,150434.63,Year,Y,Certified
EZYV1838,Europe,Master's,Y,N,631,2008,West,123214.48,Month,Y,Certified
EZYV1693,North America,Bachelor's,Y,N,2553,1890,South,244457.48,Year,Y,Certified
EZYV20914,Asia,Bachelor's,Y,Y,2597,1968,South,91922.48,Year,Y,Certified
EZYV667,Asia,High School,Y,N,1433,1987,Northeast,25467.02,Year,Y,Denied
EZYV7443,Asia,Bachelor's,N,N,642,1991,Northeast,15284.23,Year,Y,Certified
EZYV11215,Asia,Doctorate,N,N,1171,1920,Midwest,83189.16,Year,Y,Certified
EZYV2004,Asia,Bachelor's,N,N,1725,1971,Northeast,112557.69,Year,N,Denied
EZYV15907,Asia,Bachelor's,Y,N,3266,1896,West,107568.21,Year,N,Denied
EZYV18858,Asia,Master's,N,N,2529,2000,West,90059.25,Year,Y,Certified
EZYV1235,Asia,High School,N,N,2133,1999,South,784.2604,Hour,Y,Certified
EZYV22872,Asia,Master's,N,N,934,1977,Midwest,98278.36,Year,Y,Denied
EZYV5092,Asia,Bachelor's,Y,N,1319,2004,South,114683.04,Year,N,Certified
EZYV1081,North America,Master's,N,N,12650,1983,Northeast,15103.38,Year,N,Denied
EZYV12287,Asia,Master's,Y,N,367,1874,Midwest,115026.6,Year,Y,Certified
EZYV951,Europe,Master's,Y,N,4322,2007,West,78916.96,Year,Y,Certified
EZYV3876,Asia,Bachelor's,Y,N,1538,2008,South,65727.22,Year,Y,Certified
EZYV4100,Asia,Doctorate,N,N,4930,1999,Midwest,110833.32,Year,Y,Denied
EZYV9456,Asia,Bachelor's,N,N,3571,1979,South,101194.55,Year,Y,Certified
EZYV5552,Asia,Master's,Y,N,4116,2004,West,9686.18,Year,Y,Certified
EZYV2924,Europe,Doctorate,N,Y,2769,1981,West,1366.89,Year,Y,Certified
EZYV5785,Asia,Bachelor's,N,N,2990,1925,Northeast,249.1278,Hour,Y,Denied
EZYV21908,South America,High School,Y,N,4670,1954,West,118879.59,Year,Y,Denied
EZYV21967,Asia,Bachelor's,Y,N,1889,2005,West,115310.83,Year,N,Denied
EZYV19216,Asia,Bachelor's,Y,N,2778,2000,Northeast,78189.56,Year,Y,Denied
EZYV13858,Europe,Bachelor's,Y,Y,2153,2006,South,125115.8,Year,Y,Certified
EZYV7579,Asia,High School,N,N,3908,1987,Midwest,151117.79,Year,Y,Denied
EZYV15588,Asia,Master's,Y,N,5319,1968,West,79079.56,Year,Y,Certified
EZYV25073,Europe,Doctorate,Y,Y,3906,1992,Northeast,36400.28,Year,Y,Denied
EZYV7923,Asia,Master's,Y,N,2445,1997,South,64695.71,Year,Y,Certified
EZYV16866,Europe,Bachelor's,Y,Y,1254,2001,West,18809.94,Year,Y,Certified
EZYV8073,Asia,Bachelor's,Y,N,87,2004,Midwest,147080.44,Year,Y,Certified
EZYV13111,Asia,High School,Y,N,2372,1997,South,18482.0,Year,Y,Denied
EZYV24467,Europe,Bachelor's,N,N,3975,1977,West,7902.94,Year,Y,Certified
EZYV16586,Asia,Bachelor's,Y,N,48681,1855,South,77605.05,Year,Y,Certified
EZYV16534,North America,Bachelor's,Y,N,1460,2012,Northeast,33696.56,Year,Y,Certified
EZYV7060,Europe,High School,N,Y,1715,1939,West,35949.45,Year,Y,Denied
EZYV13629,Africa,High School,Y,N,16,2012,Island,116642.32,Year,Y,Denied
EZYV17957,Africa,Bachelor's,N,Y,3901,1891,West,220280.21,Year,Y,Certified
EZYV2712,Asia,Bachelor's,Y,Y,12341,2010,Midwest,71086.82,Year,Y,Certified
EZYV18536,Asia,Bachelor's,N,N,778,2009,South,84850.76,Year,Y,Certified
EZYV5501,Asia,Bachelor's,Y,N,36957,1977,Northeast,148005.47,Year,Y,Denied
EZYV21583,Europe,Doctorate,N,Y,1637,2007,South,11266.56,Year,Y,Denied
EZYV4259,North America,Master's,N,N,234,1946,Northeast,61784.67,Year,N,Denied
EZYV5730,Asia,Doctorate,Y,N,2114,1984,Midwest,87799.69,Year,Y,Certified
EZYV2828,Asia,Master's,N,N,1303,1971,South,84364.32,Year,Y,Denied
EZYV5449,Asia,Bachelor's,N,N,396,2004,West,111717.28,Year,Y,Denied
EZYV19150,Asia,High School,N,N,105,2000,Northeast,22330.28,Year,Y,Certified
EZYV15775,South America,Master's,Y,N,3939,1855,Island,4507.62,Year,Y,Denied
EZYV20373,Asia,Bachelor's,Y,Y,1018,2000,South,122582.6,Year,Y,Certified
EZYV14929,Asia,Bachelor's,N,N,2655,1838,Island,33698.57,Year,Y,Denied
EZYV7384,Asia,Bachelor's,Y,N,761,1968,Northeast,215399.99,Year,N,Denied
EZYV13027,Asia,Doctorate,Y,N,947,1946,South,151275.66,Year,Y,Certified
EZYV6984,South America,Master's,Y,N,2455,2001,Northeast,122239.88,Week,Y,Certified
EZYV20136,North America,Master's,N,N,30305,2007,West,49365.93,Year,Y,Denied
EZYV4402,Asia,Master's,N,N,1040,1986,Midwest,127982.72,Year,N,Denied
EZYV14254,Asia,High School,Y,N,2221,1920,Northeast,60551.35,Year,Y,Denied
EZYV10166,Europe,Doctorate,N,Y,318,1959,South,70073.28,Year,Y,Certified
EZYV14212,North America,Doctorate,N,N,1178,2007,Midwest,18329.28,Year,Y,Certified
EZYV18434,Asia,High School,Y,N,32187,2006,South,11334.51,Year,Y,Certified
EZYV24221,Asia,High School,Y,N,889,1998,Midwest,116599.12,Year,Y,Certified
EZYV1493,Asia,High School,Y,N,304,2011,Northeast,12048.74,Year,Y,Denied
EZYV19506,North America,Bachelor's,Y,N,1367,2004,West,57618.79,Week,Y,Denied
EZYV5392,Asia,Master's,N,N,1991,1976,Northeast,91457.65,Year,Y,Certified
EZYV13960,Asia,Master's,N,N,467,2007,West,63623.46,Year,Y,Denied
EZYV9539,Asia,Master's,Y,Y,1601,2013,South,107378.98,Year,Y,Certified
EZYV3326,Asia,High School,Y,N,1992,2011,West,42517.25,Year,Y,Denied
EZYV2646,Asia,Master's,N,N,3898,2011,Northeast,103843.63,Year,N,Denied
EZYV3082,Asia,Bachelor's,N,Y,3459,1997,South,113488.91,Year,Y,Denied
EZYV7777,Europe,Doctorate,N,Y,306,2010,West,81665.06,Year,Y,Certified
EZYV13885,Asia,High School,Y,N,3136,1992,West,78809.85,Year,Y,Denied
EZYV5496,South America,Bachelor's,Y,N,2338,2008,South,78012.82,Year,Y,Certified
EZYV21693,Asia,High School,N,Y,3236,1863,West,96504.46,Year,Y,Certified
EZYV11094,Asia,Master's,Y,N,2539,1993,West,458.9084,Hour,Y,Certified
EZYV12464,Europe,Doctorate,Y,N,1822,2005,West,65006.05,Year,Y,Certified
EZYV18476,Asia,Master's,Y,N,748,2000,South,34079.95,Year,Y,Certified
EZYV15573,South America,Bachelor's,Y,N,1164,1995,South,100679.87,Year,Y,Certified
EZYV10664,Europe,Doctorate,N,N,2234,1978,Northeast,124998.3,Year,Y,Certified
EZYV5184,Asia,Bachelor's,N,N,3798,1987,Northeast,36839.05,Year,Y,Denied
EZYV8833,Asia,Bachelor's,Y,N,2132,2011,Midwest,86050.8,Year,Y,Certified
EZYV14727,Asia,Master's,N,N,-11,2000,Midwest,167851.8,Year,Y,Certified
EZYV17165,North America,Master's,N,N,1339,1997,Northeast,99773.31,Year,N,Certified
EZYV23720,Asia,Master's,N,N,3401,1972,South,166921.15,Year,Y,Denied
EZYV4251,Asia,High School,N,N,1478,2009,Northeast,36922.74,Year,Y,Denied
EZYV11512,North America,Bachelor's,N,N,341,1998,West,73116.14,Year,Y,Certified
EZYV22739,Asia,Master's,Y,N,2517,1970,Northeast,46710.02,Year,N,Denied
EZYV13993,Europe,Doctorate,Y,N,2830,2008,West,44576.53,Year,Y,Certified
EZYV11288,Europe,Master's,Y,Y,2543,1979,West,44082.61,Year,Y,Certified
EZYV2252,North America,Bachelor's,N,N,2988,2001,West,773.3891,Hour,Y,Denied
EZYV20995,Europe,Bachelor's,Y,Y,3673,1840,West,56733.37,Year,Y,Certified
EZYV10147,Asia,Bachelor's,N,N,374,1884,South,80861.09,Year,Y,Certified
EZYV22393,Asia,Master's,Y,N,3138,2004,West,41540.62,Year,Y,Denied
EZYV6916,Europe,High School,Y,N,4896,1997,West,183053.93,Year,Y,Denied
EZYV16179,Asia,Bachelor's,Y,N,5001,1933,Northeast,902.3332,Hour,Y,Certified
EZYV12246,Asia,Master's,Y,N,4751,2009,Midwest,112125.77,Year,Y,Certified
EZYV116,Asia,Master's,N,N,3323,2005,Midwest,57590.66,Year,Y,Certified
EZYV5847,Asia,Master's,Y,N,2108,2007,Northeast,95712.5,Year,N,Certified
EZYV17941,Asia,Bachelor's,Y,N,1219,1996,Midwest,29022.98,Year,Y,Certified
EZYV24358,Asia,Master's,Y,N,1577,1995,Northeast,71213.07,Year,Y,Certified
EZYV5447,Asia,Bachelor's,N,N,2500,1971,Northeast,105.87,Hour,Y,Certified
EZYV17189,Asia,Master's,Y,N,3574,1914,West,31620.19,Year,Y,Denied
EZYV8966,Europe,Master's,Y,N,1089,2009,South,45243.0,Year,Y,Certified
EZYV21906,Asia,High School,N,N,4865,2000,Northeast,661.0051,Hour,Y,Denied
EZYV8422,North America,High School,N,N,386,1965,West,543.5521,Hour,Y,Certified
EZYV19646,Europe,Master's,Y,N,76069,1944,South,40773.8,Year,Y,Certified
EZYV19634,Asia,Bachelor's,Y,N,2615,1999,South,48369.84,Year,Y,Denied
EZYV19510,Africa,Master's,Y,N,3771,2001,West,11823.91,Year,Y,Certified
EZYV13364,Asia,Bachelor's,N,N,2341,2006,Midwest,67009.51,Year,Y,Certified
EZYV13128,Asia,Bachelor's,N,N,4231,1894,South,955.657,Hour,Y,Denied
EZYV12884,Asia,Master's,Y,Y,2648,1996,Midwest,96983.3,Year,Y,Denied
EZYV280,Asia,High School,N,N,3725,2009,Midwest,139424.83,Year,Y,Certified
EZYV14521,Europe,High School,Y,N,1315,2000,South,45619.4,Year,Y,Denied
EZYV23442,Europe,Doctorate,N,N,1556,2010,Northeast,77429.53,Year,Y,Certified
EZYV13916,Asia,Master's,Y,N,1086,2009,Midwest,64357.58,Year,Y,Certified
EZYV361,Asia,Bachelor's,N,N,2553,2004,Midwest,68751.19,Year,Y,Certified
EZYV24854,Asia,High School,Y,N,3514,1997,Northeast,33.0953,Hour,Y,Denied
EZYV10850,Asia,Bachelor's,Y,Y,20916,1999,South,129139.75,Year,Y,Denied
EZYV17729,Asia,Doctorate,N,N,2561,2005,Northeast,82552.49,Year,Y,Denied
EZYV6619,Asia,Bachelor's,N,N,862,1995,Northeast,301.0897,Hour,Y,Certified
EZYV5259,Asia,Bachelor's,N,Y,23833,1977,South,108480.24,Year,Y,Certified
EZYV24106,Asia,High School,Y,N,25200,2008,South,137102.99,Year,Y,Certified
EZYV14355,Asia,Bachelor's,Y,N,3809,1996,Northeast,16906.73,Year,Y,Certified
EZYV3140,Europe,Master's,Y,N,4639,1912,West,6656.45,Year,Y,Certified
EZYV405,Asia,Bachelor's,Y,N,997,2001,Midwest,197676.15,Year,Y,Certified
EZYV19162,North America,Master's,N,N,5408,2004,Midwest,81380.86,Year,Y,Certified
EZYV11187,Asia,Bachelor's,Y,N,3764,1911,West,61119.96,Year,Y,Certified
EZYV9768,Asia,Bachelor's,N,Y,271,1999,West,63981.86,Year,Y,Certified
EZYV3313,Asia,Master's,Y,N,3597,1888,South,7756.97,Year,Y,Certified
EZYV16999,Asia,Bachelor's,Y,N,128,2004,South,52991.67,Year,Y,Denied
EZYV8406,Asia,High School,N,N,1624,2006,Midwest,3057.83,Year,Y,Denied
EZYV8885,Asia,Bachelor's,Y,N,1474,1894,Northeast,91520.32,Year,Y,Denied
EZYV11590,Asia,Bachelor's,N,N,102,1947,Northeast,45996.16,Year,Y,Denied
EZYV1098,Asia,Bachelor's,N,N,2875,1904,South,163069.51,Year,Y,Certified
EZYV21122,Asia,Doctorate,N,N,1042,1839,West,239.1755,Hour,Y,Denied
EZYV21538,Asia,Master's,Y,N,883,2007,South,16925.21,Year,Y,Certified
EZYV205,Asia,High School,Y,N,2122,1859,Midwest,130404.72,Year,Y,Certified
EZYV16795,Asia,Master's,Y,N,4958,1988,South,27437.79,Year,Y,Certified
EZYV13832,Asia,Master's,Y,N,567,1931,South,140476.62,Year,N,Certified
EZYV8132,Asia,Bachelor's,Y,N,3139,1987,South,96886.71,Week,Y,Certified
EZYV7505,Asia,High School,Y,Y,3655,1999,West,47190.97,Year,Y,Denied
EZYV21506,Europe,High School,Y,Y,1597,1977,Northeast,548.6305,Hour,Y,Certified
EZYV15709,Asia,Bachelor's,Y,N,2093,2013,Midwest,94646.79,Year,Y,Certified
EZYV20876,Asia,Master's,N,N,965,2005,South,124051.23,Year,N,Certified
EZYV15817,Europe,Doctorate,N,N,324,1997,South,152.89,Hour,Y,Denied
EZYV6105,Asia,Bachelor's,Y,Y,11435,1971,Northeast,84525.91,Year,Y,Certified
EZYV3401,Asia,Bachelor's,N,N,384,2000,West,77153.88,Year,Y,Denied
EZYV19716,Asia,Bachelor's,N,N,95737,1999,Midwest,95188.57,Year,Y,Certified
EZYV15298,Asia,Master's,N,N,183,2008,Midwest,58343.97,Year,Y,Certified
EZYV6275,Asia,Master's,Y,N,2088,2012,Northeast,80886.4,Week,Y,Certified
EZYV21409,Asia,Master's,Y,N,3065,2004,Midwest,147385.37,Year,Y,Certified
EZYV827,South America,Master's,Y,N,1224,1880,Midwest,22815.27,Year,Y,Certified
EZYV24180,Asia,Bachelor's,Y,N,2683,2009,South,82121.94,Year,Y,Denied
EZYV22039,Asia,Master's,N,N,734,2005,West,38079.31,Week,Y,Denied
EZYV17802,Asia,Doctorate,Y,N,570,2000,West,89685.11,Year,Y,Denied
EZYV8066,Asia,High School,Y,N,543,1980,South,63123.78,Year,Y,Denied
EZYV1967,North America,Bachelor's,Y,N,403,1855,Northeast,52731.82,Year,Y,Denied
EZYV11851,Asia,High School,Y,N,4079,1976,South,59861.93,Year,Y,Denied
EZYV14580,Asia,Master's,Y,N,1979,2003,Midwest,183146.72,Year,Y,Certified
EZYV21638,Asia,Bachelor's,Y,N,4890,2005,West,75663.34,Year,Y,Certified
EZYV7239,North America,Master's,Y,N,261,2008,Northeast,143129.1,Year,Y,Certified
EZYV23161,Asia,Bachelor's,Y,N,2244,2011,South,41654.5,Year,Y,Certified
EZYV5940,Asia,Master's,Y,N,1078,1968,Midwest,80567.05,Year,Y,Certified
EZYV13657,Asia,Master's,Y,N,3057,1998,South,213738.47,Year,N,Certified
EZYV16598,Asia,Master's,Y,N,415,2000,South,64412.13,Year,Y,Certified
EZYV17854,Asia,Bachelor's,Y,N,4136,1991,West,45565.62,Year,Y,Denied
EZYV5288,Asia,High School,Y,N,209,1849,Midwest,94411.24,Year,Y,Denied
EZYV22606,Asia,Bachelor's,N,N,3157,1873,West,869.5418,Hour,Y,Certified
EZYV19910,Asia,Bachelor's,Y,N,4353,1987,West,9619.55,Year,Y,Denied
EZYV5710,Asia,High School,N,N,3155,2009,West,87967.23,Year,Y,Denied
EZYV10197,Asia,Master's,N,N,3569,2001,Midwest,90263.31,Year,Y,Certified
EZYV3327,Africa,Bachelor's,Y,N,6081,2009,Northeast,186386.28,Year,Y,Certified
EZYV23999,Asia,High School,Y,N,1185,1903,Northeast,63443.6,Year,Y,Certified
EZYV6531,Asia,Bachelor's,Y,N,4581,1998,Northeast,61126.33,Year,N,Denied
EZYV14634,North America,Master's,Y,N,20791,2003,West,62130.66,Year,Y,Certified
EZYV4513,Europe,Bachelor's,Y,N,2866,1885,South,10376.12,Year,Y,Certified
EZYV18639,Europe,Bachelor's,Y,N,6362,1998,Midwest,110507.99,Year,Y,Certified
EZYV14011,Europe,Doctorate,Y,Y,2670,1991,West,138974.94,Year,Y,Certified
EZYV3481,Europe,High School,Y,N,3968,1976,West,71629.22,Year,Y,Denied
EZYV17215,Asia,Bachelor's,N,N,3748,2000,Northeast,164090.71,Year,Y,Denied
EZYV1185,Europe,Bachelor's,N,Y,3575,2011,South,111706.31,Year,Y,Certified
EZYV20041,North America,Bachelor's,Y,N,1696,1999,South,129294.14,Year,Y,Denied
EZYV24493,South America,Bachelor's,N,N,2716,1911,West,56111.63,Year,Y,Denied
EZYV10527,Asia,Bachelor's,Y,N,2940,1984,Northeast,69591.28,Year,Y,Certified
EZYV6811,North America,High School,N,N,751,1931,West,35544.79,Year,Y,Certified
EZYV10973,Asia,Bachelor's,N,N,72,2007,Northeast,33764.59,Year,Y,Certified
EZYV11873,Asia,Bachelor's,N,N,2432,1980,South,105423.48,Year,Y,Denied
EZYV22420,Europe,Master's,Y,N,22104,1995,Northeast,88057.42,Year,Y,Certified
EZYV4746,Asia,Master's,N,N,2273,2012,Midwest,148573.02,Year,Y,Certified
EZYV23620,Asia,Master's,N,Y,3414,2000,Northeast,65576.45,Year,Y,Denied
EZYV20487,Asia,Master's,Y,N,249,1869,Northeast,4509.52,Year,Y,Certified
EZYV3978,Europe,Bachelor's,Y,N,918,2001,Midwest,108223.07,Year,Y,Certified
EZYV24088,Asia,Master's,Y,N,2154,1998,Northeast,174245.51,Year,Y,Denied
EZYV22379,North America,Bachelor's,N,N,2636,1997,Northeast,116778.61,Year,Y,Certified
EZYV24381,Asia,Master's,Y,N,1708,1993,South,64367.15,Year,N,Certified
EZYV3316,Asia,Master's,N,N,91,2003,South,24605.99,Year,Y,Denied
EZYV21766,Asia,Master's,N,N,1654,1801,Midwest,232933.22,Year,N,Certified
EZYV9744,Asia,High School,Y,Y,1611,1854,South,31918.72,Year,Y,Denied
EZYV24018,North America,Master's,Y,N,1168,2003,Midwest,154945.02,Year,Y,Certified
EZYV18768,Asia,Master's,Y,N,2605,1983,South,37754.74,Year,Y,Certified
EZYV21291,Europe,Bachelor's,Y,N,1288,1959,Northeast,19019.07,Year,Y,Certified
EZYV25475,Africa,Doctorate,N,N,2594,1979,Northeast,51104.78,Year,Y,Certified
EZYV1448,Asia,Bachelor's,Y,Y,138,1817,Midwest,184236.83,Year,Y,Certified
EZYV16933,Asia,Bachelor's,N,N,1895,2002,South,103019.04,Year,Y,Certified
EZYV10851,Asia,Master's,N,N,2589,2008,Midwest,103365.61,Year,Y,Certified
EZYV16695,Europe,Master's,N,Y,300,2004,Midwest,23951.75,Year,Y,Certified
EZYV22312,Asia,Bachelor's,Y,N,546,2006,South,93697.92,Year,Y,Certified
EZYV19636,North America,Master's,Y,N,4024,1977,Northeast,69673.04,Year,Y,Certified
EZYV14822,Asia,Bachelor's,N,N,830,1996,South,42537.9,Year,Y,Certified
EZYV18224,Asia,Bachelor's,N,N,2400,2000,Island,99101.77,Year,Y,Denied
EZYV15224,North America,Master's,Y,N,45,2006,Midwest,113839.8,Year,Y,Certified
EZYV15920,Asia,Bachelor's,Y,N,2891,1997,West,494.6279,Hour,Y,Denied
EZYV7574,North America,Bachelor's,Y,N,46,2005,South,954.1248,Hour,Y,Denied
EZYV4025,Asia,Bachelor's,N,N,770,2004,West,142920.03,Year,N,Denied
EZYV18658,Asia,Master's,N,N,1665,2006,Northeast,74708.25,Year,Y,Certified
EZYV19729,Asia,Master's,Y,N,1199,1855,Midwest,72104.01,Year,Y,Certified
EZYV20939,Asia,Master's,Y,N,1687,1969,Northeast,37830.7,Year,Y,Denied
EZYV11376,Europe,Doctorate,N,N,4595,1999,Northeast,17176.81,Year,Y,Certified
EZYV5737,Asia,Master's,Y,N,802,1997,Northeast,68382.92,Year,Y,Certified
EZYV23131,Asia,Doctorate,N,N,3248,1989,Midwest,80940.8,Year,Y,Certified
EZYV19321,Asia,Bachelor's,N,N,665,1999,West,298.4886,Hour,Y,Certified
EZYV19937,North America,Master's,Y,N,2466,2005,Midwest,97253.69,Year,Y,Certified
EZYV15683,Oceania,Bachelor's,Y,N,4832,2007,West,32214.23,Year,Y,Denied
EZYV25277,North America,Bachelor's,Y,N,5085,1992,Northeast,49740.16,Year,Y,Certified
EZYV6497,Asia,Bachelor's,N,N,4333,1981,Midwest,129541.91,Year,Y,Certified
EZYV15519,South America,Bachelor's,Y,N,1243,1997,South,118.43,Hour,Y,Certified
EZYV24243,Europe,Bachelor's,N,N,1929,1838,South,58714.97,Year,Y,Certified
EZYV25279,Asia,Bachelor's,N,N,319,1982,South,43573.51,Year,Y,Denied
EZYV8244,Asia,Bachelor's,Y,N,502,1995,Midwest,166436.97,Year,Y,Denied
EZYV8804,Asia,Master's,Y,N,3420,2010,South,138714.84,Year,Y,Certified
EZYV15232,North America,Bachelor's,Y,N,24,1902,South,56.1953,Hour,Y,Denied
EZYV798,North America,Master's,Y,N,1957,2000,Northeast,30077.25,Year,Y,Certified
EZYV22839,Asia,Master's,Y,N,4287,2005,West,45466.49,Year,Y,Denied
EZYV16390,Asia,High School,Y,N,18114,1987,Northeast,33729.38,Year,Y,Certified
EZYV7961,Asia,Master's,Y,N,1213,2008,Northeast,141661.43,Year,Y,Certified
EZYV14067,Asia,Bachelor's,N,N,1953,1987,Northeast,107911.45,Year,Y,Denied
EZYV14009,Asia,Master's,N,N,1724,2007,Northeast,48487.33,Year,Y,Denied
EZYV10266,Asia,High School,N,N,3729,1997,South,87724.59,Year,Y,Denied
EZYV4509,Asia,Bachelor's,N,N,4067,1885,Midwest,39900.47,Year,Y,Denied
EZYV13976,Asia,Bachelor's,Y,N,938,1987,West,104813.99,Year,Y,Certified
EZYV5893,Asia,Bachelor's,Y,N,3180,1885,South,20675.25,Year,Y,Denied
EZYV3857,Asia,Master's,Y,N,372,1970,Midwest,69272.2,Year,Y,Certified
EZYV6620,Asia,High School,N,Y,4434,2007,Midwest,110752.39,Year,Y,Denied
EZYV7380,Asia,Bachelor's,N,N,2417,2009,Northeast,247602.36,Year,Y,Certified
EZYV4203,Europe,Bachelor's,N,N,1051,1992,Midwest,32216.54,Year,Y,Certified
EZYV11899,Asia,Master's,Y,N,3453,2000,Midwest,93060.55,Year,Y,Certified
EZYV10873,Asia,Bachelor's,Y,N,1062,2001,Northeast,146204.36,Year,Y,Certified
EZYV9635,Asia,Master's,N,N,1334,1927,West,107824.48,Year,Y,Certified
EZYV14671,Asia,Bachelor's,Y,N,1869,1984,Midwest,186594.05,Year,N,Certified
EZYV8138,North America,Master's,N,N,2468,2006,South,232.808,Hour,Y,Denied
EZYV22826,Asia,High School,N,N,830,2012,Northeast,4139.04,Year,Y,Denied
EZYV2895,Europe,Master's,Y,N,996,1972,West,12661.08,Year,Y,Certified
EZYV16716,Asia,Doctorate,Y,N,2233,2010,Midwest,87361.67,Year,Y,Certified
EZYV19064,North America,Bachelor's,Y,N,2209,1968,Northeast,9157.49,Year,Y,Certified
EZYV1861,Asia,Master's,Y,N,1594,1982,Northeast,16196.86,Year,N,Certified
EZYV1066,Asia,Bachelor's,Y,N,114273,1962,Northeast,54887.49,Year,Y,Certified
EZYV15202,Asia,Bachelor's,Y,N,1809,1966,Midwest,22289.36,Year,Y,Denied
EZYV14058,Europe,High School,N,N,28714,1999,South,110504.11,Year,Y,Denied
EZYV22556,Europe,Master's,N,N,4202,1995,Northeast,140820.67,Year,N,Denied
EZYV7245,North America,Bachelor's,Y,N,3793,1970,West,89894.47,Year,N,Certified
EZYV6285,North America,Doctorate,Y,N,3863,1997,South,154549.47,Year,Y,Certified
EZYV22655,Asia,Bachelor's,N,N,759,2008,Northeast,144512.37,Year,N,Denied
EZYV14412,South America,Bachelor's,N,N,2353,2000,West,599.6041,Hour,Y,Denied
EZYV19228,Asia,Master's,Y,N,33,2013,South,84054.72,Year,Y,Certified
EZYV21782,Asia,Bachelor's,Y,N,41517,2016,South,90733.61,Year,Y,Certified
EZYV22041,Asia,Bachelor's,Y,N,812,1978,South,73338.25,Year,Y,Certified
EZYV10333,Europe,Doctorate,N,Y,2066,2004,South,44311.05,Year,Y,Certified
EZYV19753,Asia,Bachelor's,Y,N,2053,1998,Midwest,384.1055,Hour,Y,Certified
EZYV6814,North America,Master's,Y,N,291,1839,South,46439.27,Year,Y,Certified
EZYV5530,Asia,Master's,N,N,2638,1932,Northeast,86085.56,Year,Y,Certified
EZYV12895,Asia,Master's,Y,N,1583,2001,Midwest,23741.69,Year,Y,Certified
EZYV16919,North America,Bachelor's,Y,N,2896,1988,Northeast,326.7484,Hour,Y,Denied
EZYV24835,Europe,Bachelor's,Y,Y,2800,1999,Northeast,70854.63,Year,Y,Certified
EZYV5695,Asia,Bachelor's,Y,N,771,2006,Northeast,42672.94,Year,Y,Certified
EZYV2174,Asia,Bachelor's,Y,N,2940,1840,Northeast,127180.67,Year,Y,Certified
EZYV17602,North America,Master's,Y,N,1206,1879,Northeast,121469.58,Year,N,Certified
EZYV5051,North America,Bachelor's,Y,N,3512,1941,Northeast,63098.43,Year,Y,Certified
EZYV13331,South America,Master's,N,N,1134,2009,Midwest,73243.44,Year,Y,Certified
EZYV19863,Asia,Master's,Y,N,4777,2011,West,59706.33,Year,Y,Certified
EZYV22913,Europe,High School,Y,N,1025,1847,West,30734.12,Year,Y,Certified
EZYV12819,Asia,Bachelor's,N,N,2261,1999,Northeast,48239.58,Year,Y,Certified
EZYV6512,Asia,Master's,N,N,239,2001,Northeast,698.944,Hour,Y,Certified
EZYV4768,Asia,Bachelor's,N,N,1814,2000,Northeast,134653.68,Year,N,Denied
EZYV2638,North America,Bachelor's,Y,N,2944,2008,South,52911.48,Year,Y,Certified
EZYV21525,Asia,Bachelor's,N,N,2776,1875,West,35560.68,Year,Y,Certified
EZYV20714,Europe,Master's,Y,Y,8503,2001,West,112477.81,Year,Y,Certified
EZYV12046,Asia,Master's,Y,N,3335,1998,Midwest,140303.86,Year,Y,Certified
EZYV2829,Europe,Doctorate,Y,N,2575,1946,Northeast,21661.36,Year,Y,Certified
EZYV14658,Europe,Bachelor's,Y,N,932,1978,West,35665.33,Year,Y,Certified
EZYV10445,Asia,Bachelor's,Y,N,5786,2000,South,48145.8,Year,Y,Certified
EZYV23449,Asia,Master's,Y,N,2794,1817,Midwest,198652.93,Year,Y,Certified
EZYV18782,Asia,Bachelor's,N,N,3140,1981,Northeast,153762.32,Year,N,Denied
EZYV3096,Europe,High School,Y,N,1016,2004,West,3405.75,Year,Y,Denied
EZYV09,Asia,Bachelor's,N,N,4810,2012,Midwest,74362.19,Year,Y,Certified
EZYV15975,Asia,High School,Y,N,2507,1912,South,53339.14,Year,Y,Certified
EZYV10492,Europe,Master's,N,N,4762,1999,South,104942.79,Year,Y,Certified
EZYV9379,North America,Bachelor's,N,N,358,1817,Midwest,219128.94,Year,N,Certified
EZYV16389,Asia,Master's,Y,N,2975,2006,South,145951.76,Year,Y,Certified
EZYV4459,Asia,Bachelor's,Y,N,1181,2002,West,28631.58,Year,Y,Denied
EZYV21157,Asia,Bachelor's,N,Y,764,1981,Midwest,83055.54,Year,Y,Certified
EZYV11231,Asia,Master's,Y,N,4222,1885,West,49074.18,Year,Y,Certified
EZYV23677,Asia,Bachelor's,N,N,2574,1987,South,147174.21,Year,Y,Denied
EZYV7725,Europe,Bachelor's,Y,N,500,1974,South,31641.24,Year,Y,Certified
EZYV6781,Europe,Bachelor's,Y,Y,1914,2008,West,22556.1,Year,Y,Certified
EZYV18312,Asia,Master's,N,N,4573,1998,Island,112140.06,Year,Y,Certified
EZYV23568,Asia,High School,N,Y,5601,2001,West,116878.53,Year,Y,Certified
EZYV883,North America,Master's,N,N,4032,1953,Northeast,152856.79,Year,N,Denied
EZYV5905,North America,Master's,N,N,853,1958,Northeast,106028.48,Year,N,Certified
EZYV25257,Asia,Bachelor's,N,Y,2364,2007,South,86689.64,Year,Y,Certified
EZYV12837,Asia,Master's,Y,N,10227,2001,Midwest,12235.53,Year,Y,Certified
EZYV7040,Asia,Bachelor's,Y,N,2731,1993,West,16933.1,Year,Y,Certified
EZYV2308,Asia,Master's,N,N,2103,1889,South,50797.67,Year,Y,Certified
EZYV24339,Asia,Bachelor's,N,N,2057,2012,Northeast,141617.99,Year,Y,Denied
EZYV9871,Asia,Master's,Y,N,145600,1897,Northeast,33868.25,Year,Y,Certified
EZYV16110,Asia,Master's,N,N,2222,1865,Northeast,705.4771,Hour,Y,Certified
EZYV169,Asia,Bachelor's,N,N,3639,1988,Northeast,192.157,Hour,Y,Denied
EZYV960,Asia,Bachelor's,N,N,5801,2012,Northeast,99037.57,Year,N,Denied
EZYV24643,Asia,High School,Y,N,1617,1995,Midwest,159506.49,Year,Y,Certified
EZYV1300,North America,Master's,Y,N,262,1969,South,124525.38,Year,N,Certified
EZYV24296,Asia,Bachelor's,Y,N,752,1984,Northeast,28254.3,Year,Y,Certified
EZYV5734,Asia,Master's,Y,N,481,2002,Northeast,93075.14,Year,Y,Certified
EZYV5648,Asia,Master's,Y,N,854,2013,Northeast,109769.32,Year,Y,Certified
EZYV18684,Asia,Bachelor's,Y,Y,1009,2008,South,124945.3,Year,Y,Certified
EZYV23940,North America,Bachelor's,Y,N,5497,1999,Northeast,77015.33,Year,Y,Denied
EZYV17787,Asia,Master's,N,Y,1834,1999,West,592.9008,Hour,Y,Denied
EZYV2945,Asia,Bachelor's,Y,N,2219,1997,West,48971.17,Year,Y,Certified
EZYV8514,Asia,Master's,Y,N,3162,2008,Northeast,107395.57,Year,N,Certified
EZYV3141,Asia,Bachelor's,Y,N,2641,2007,South,35670.63,Year,Y,Certified
EZYV979,Asia,Master's,Y,N,866,2012,Northeast,41439.87,Year,Y,Certified
EZYV5268,Asia,High School,Y,N,4672,2006,South,79647.69,Year,Y,Denied
EZYV3871,North America,High School,Y,N,5245,2009,South,87216.81,Year,Y,Certified
EZYV611,Asia,Bachelor's,N,N,3712,1989,South,92324.91,Year,Y,Certified
EZYV6890,Asia,High School,Y,N,3243,1962,South,96962.79,Year,Y,Denied
EZYV1966,Asia,Bachelor's,Y,N,2293,1998,South,25409.03,Year,Y,Certified
EZYV19278,Asia,Master's,Y,N,3595,2006,South,34295.48,Year,N,Certified
EZYV17571,Asia,Master's,Y,N,12769,2009,West,46620.2,Year,Y,Certified
EZYV12033,Asia,Bachelor's,N,N,2911,1997,South,55289.72,Year,Y,Certified
EZYV24040,Asia,High School,N,N,1396,1972,Northeast,29303.24,Year,Y,Denied
EZYV204,Asia,Master's,N,N,4757,1981,Midwest,167376.13,Year,Y,Certified
EZYV14045,North America,Master's,N,N,2192,1993,South,120737.62,Year,Y,Denied
EZYV18296,Asia,Master's,Y,N,1839,1885,Northeast,57526.99,Year,Y,Certified
EZYV7228,South America,Doctorate,Y,N,9614,1873,West,30564.5,Year,Y,Certified
EZYV8704,Europe,Master's,N,N,3659,2005,Northeast,98850.38,Year,Y,Certified
EZYV3434,Asia,Bachelor's,Y,N,222,1989,South,813.7261,Hour,Y,Certified
EZYV4711,Asia,Bachelor's,Y,N,4289,2008,Northeast,110547.99,Year,Y,Denied
EZYV10307,Europe,Bachelor's,Y,N,2981,1989,Northeast,10171.6,Year,Y,Certified
EZYV08,North America,Bachelor's,Y,N,3035,1924,West,418.2298,Hour,Y,Denied
EZYV11281,South America,Bachelor's,Y,N,1302,1973,South,367.6747,Hour,Y,Denied
EZYV8893,Asia,Master's,Y,N,630,1838,Northeast,513.4421,Hour,Y,Certified
EZYV24653,Asia,Doctorate,Y,N,31672,2009,Midwest,58536.1,Year,Y,Certified
EZYV18136,Asia,Master's,Y,N,485,2006,Midwest,257994.73,Year,Y,Certified
EZYV3981,North America,Master's,Y,N,3050,2006,Northeast,78255.35,Year,Y,Certified
EZYV1311,Asia,Doctorate,N,N,3072,2006,Northeast,60225.0,Year,Y,Denied
EZYV22515,Asia,Bachelor's,Y,N,405,2005,West,110945.58,Year,Y,Certified
EZYV10943,Asia,Bachelor's,N,Y,2227,2006,South,183528.79,Year,Y,Certified
EZYV23774,Europe,Master's,N,N,1279,2002,West,7790.32,Year,Y,Certified
EZYV20174,Asia,Master's,N,N,3661,2010,South,57507.03,Year,Y,Certified
EZYV22943,Asia,Master's,N,N,1407,1987,West,15475.14,Year,Y,Denied
EZYV19964,Asia,Bachelor's,Y,N,45,2007,Northeast,67814.85,Year,Y,Certified
EZYV19890,Europe,High School,N,N,26600,1998,Northeast,85686.7,Year,Y,Certified
EZYV6025,Asia,Master's,Y,N,2381,1854,South,491.9346,Hour,Y,Certified
EZYV7484,Asia,Master's,Y,N,6229,1986,Northeast,75476.87,Year,Y,Certified
EZYV8720,Asia,Master's,Y,N,49,2006,West,73177.82,Year,Y,Certified
EZYV4302,Europe,High School,Y,N,3760,2001,South,29449.49,Year,Y,Denied
EZYV12594,Asia,Master's,Y,N,174,1993,West,150706.7,Year,N,Certified
EZYV7688,Asia,High School,Y,N,2038,1921,Midwest,158076.3,Year,Y,Denied
EZYV12117,Asia,Bachelor's,N,N,1476,2003,Midwest,184331.22,Year,Y,Denied
EZYV16656,Asia,Master's,N,N,3528,2006,Northeast,887.5735,Hour,Y,Denied
EZYV21971,Asia,Bachelor's,N,Y,374,1839,West,49208.64,Year,Y,Certified
EZYV24267,Asia,Bachelor's,N,N,4506,1962,Northeast,127695.19,Year,Y,Certified
EZYV6305,Asia,Bachelor's,Y,N,670,1911,West,114.12,Hour,Y,Denied
EZYV8928,Asia,Doctorate,N,Y,3791,1996,Northeast,142493.33,Year,Y,Certified
EZYV3433,Europe,Bachelor's,N,N,1615,1988,West,96332.09,Year,Y,Certified
EZYV22218,Asia,High School,Y,N,2825,1989,West,71917.21,Year,Y,Denied
EZYV10142,Asia,Doctorate,N,N,1451,1996,South,26703.81,Year,Y,Certified
EZYV715,Asia,Bachelor's,Y,N,1975,1997,Northeast,44233.52,Year,Y,Certified
EZYV8351,North America,High School,N,N,597,2005,West,131.12,Hour,Y,Certified
EZYV15009,North America,Bachelor's,Y,N,73,1998,Northeast,351.9575,Hour,Y,Denied
EZYV8752,South America,Doctorate,N,Y,1043,1869,Northeast,70027.64,Year,Y,Certified
EZYV10443,Asia,Bachelor's,N,N,323,1994,South,646.7615,Hour,Y,Certified
EZYV24518,Asia,High School,N,N,61,1998,Midwest,121677.17,Year,Y,Denied
EZYV16847,Europe,Bachelor's,N,N,1106,1980,West,32892.23,Year,Y,Certified
EZYV1581,Asia,High School,Y,N,4135,1973,Northeast,43276.83,Year,Y,Denied
EZYV20783,Asia,Bachelor's,Y,N,2294,2002,Northeast,153891.3,Year,N,Certified
EZYV11787,Europe,High School,Y,N,3375,1984,Northeast,73525.23,Year,Y,Denied
EZYV1628,Europe,Doctorate,Y,N,1085,1999,Northeast,42733.57,Year,Y,Certified
EZYV23760,Asia,Bachelor's,Y,N,26982,2003,Island,86446.2,Year,Y,Certified
EZYV9374,North America,Master's,N,N,1934,2001,Northeast,21406.02,Year,Y,Denied
EZYV23997,Asia,Master's,Y,N,4036,1996,West,86774.91,Year,N,Certified
EZYV6103,Asia,Master's,N,N,25923,1993,South,121631.76,Year,N,Certified
EZYV599,South America,Master's,Y,N,26957,1917,Northeast,149649.91,Year,Y,Certified
EZYV10577,Asia,Bachelor's,Y,N,2718,1987,Midwest,42.559,Hour,Y,Certified
EZYV7102,North America,Doctorate,N,N,376,2007,Midwest,69148.49,Year,Y,Certified
EZYV8737,Asia,Master's,N,N,4172,2007,West,88078.81,Year,Y,Certified
EZYV21139,Asia,Bachelor's,Y,N,902,1937,West,62190.7,Year,Y,Denied
EZYV2390,Asia,Bachelor's,Y,N,289,1909,Northeast,67162.15,Year,Y,Certified
EZYV298,Asia,High School,N,N,1624,2000,West,205084.59,Year,Y,Denied
EZYV177,North America,Bachelor's,Y,Y,3229,1999,South,93384.38,Year,Y,Certified
EZYV20832,Asia,Bachelor's,Y,N,3444,2005,South,136898.97,Year,Y,Denied
EZYV7521,North America,Bachelor's,Y,N,372,2014,West,323.7899,Hour,Y,Certified
EZYV918,Europe,Master's,Y,N,34069,2010,West,64445.98,Year,Y,Certified
EZYV1153,Europe,Master's,N,N,1547,2004,South,25029.86,Year,Y,Certified
EZYV18535,Asia,Bachelor's,N,N,2422,2011,Midwest,136931.44,Year,Y,Denied
EZYV12120,Asia,Bachelor's,Y,N,926,2008,South,86310.95,Week,Y,Denied
EZYV16214,Asia,Bachelor's,Y,N,1046,2009,South,119543.27,Year,Y,Denied
EZYV9932,Europe,High School,N,Y,374,1979,West,68978.63,Year,Y,Denied
EZYV12850,Asia,High School,N,N,1350,2008,Northeast,128.23,Hour,Y,Denied
EZYV25169,Asia,Bachelor's,Y,N,981,2001,South,86044.7,Year,Y,Certified
EZYV1281,Asia,Bachelor's,Y,N,3618,1979,West,64782.78,Year,Y,Certified
EZYV7158,Asia,Bachelor's,N,N,3218,2006,Northeast,108017.99,Year,Y,Certified
EZYV24550,Europe,Master's,Y,N,162569,1982,West,25813.05,Year,Y,Certified
EZYV5647,Asia,Bachelor's,Y,N,203,1986,West,119102.81,Year,Y,Certified
EZYV23351,Asia,Bachelor's,N,N,1741,2016,Northeast,122117.14,Year,Y,Certified
EZYV17675,Asia,Master's,Y,N,3891,1996,West,921.31,Year,Y,Denied
EZYV14742,Asia,High School,Y,N,13008,2001,West,76080.63,Year,Y,Denied
EZYV4811,Asia,Bachelor's,Y,N,3999,1992,South,23869.03,Year,Y,Certified
EZYV15564,Asia,Bachelor's,Y,N,388,2015,Island,27357.69,Year,Y,Denied
EZYV17884,Asia,Master's,N,N,3362,1993,South,57872.65,Year,N,Certified
EZYV17653,Europe,Master's,N,N,1977,2001,West,44358.41,Year,Y,Certified
EZYV6418,Asia,Master's,N,N,1221,2008,South,154145.97,Year,N,Certified
EZYV778,Asia,Doctorate,Y,N,1316,1996,Midwest,76900.05,Year,Y,Certified
EZYV23231,Asia,Master's,Y,N,4179,1988,South,112722.67,Year,Y,Certified
EZYV25351,Asia,Bachelor's,Y,N,2426,2007,Midwest,100051.66,Year,Y,Certified
EZYV8300,Europe,Bachelor's,N,N,883,1992,South,23289.46,Year,Y,Certified
EZYV13844,North America,Master's,Y,N,2960,1997,Midwest,168554.68,Year,Y,Certified
EZYV13561,Asia,Master's,N,N,2634,2009,South,151400.14,Year,N,Certified
EZYV584,North America,Bachelor's,Y,N,1105,1962,West,60561.95,Year,Y,Certified
EZYV24209,North America,Bachelor's,Y,N,990,2005,South,65666.45,Year,Y,Certified
EZYV20806,North America,Master's,N,N,4047,1951,Northeast,51303.37,Year,Y,Certified
EZYV1752,Asia,Bachelor's,N,N,1783,2000,Northeast,47354.72,Year,Y,Denied
EZYV14464,Asia,Master's,N,N,75381,1850,Midwest,136676.96,Year,N,Certified
EZYV5029,Europe,Bachelor's,Y,N,2533,1974,West,70262.29,Year,Y,Certified
EZYV7246,Asia,Bachelor's,Y,Y,1751,1999,Midwest,72615.17,Year,Y,Denied
EZYV14669,Europe,Master's,N,N,431,1838,Midwest,33833.61,Year,Y,Certified
EZYV15898,Asia,Doctorate,Y,N,267,1984,Northeast,94803.17,Year,Y,Certified
EZYV11676,Europe,Bachelor's,N,N,1605,1994,West,133294.13,Year,Y,Denied
EZYV24624,Europe,Doctorate,Y,Y,501,2002,South,54809.81,Year,Y,Certified
EZYV23670,Asia,High School,Y,Y,577,2004,South,80302.98,Year,Y,Certified
EZYV10209,Asia,Master's,N,N,227,1998,South,99780.38,Year,N,Certified
EZYV12090,Asia,Doctorate,Y,N,222,1998,Northeast,80660.83,Year,Y,Certified
EZYV7650,Asia,High School,Y,N,182,1999,South,50581.41,Year,Y,Denied
EZYV9088,Asia,Master's,N,N,1701,2010,South,138.7658,Hour,Y,Certified
EZYV9345,North America,Master's,Y,N,673,1993,Northeast,146269.27,Year,N,Certified
EZYV20688,North America,Bachelor's,Y,N,113,1911,Northeast,90969.75,Year,Y,Certified
EZYV15657,Asia,Bachelor's,N,N,2081,2003,West,111713.02,Year,Y,Denied
EZYV13003,Europe,High School,Y,N,1485,1973,South,12905.43,Year,Y,Denied
EZYV20172,Asia,Master's,N,N,473,2005,Midwest,89001.33,Year,Y,Certified
EZYV6031,Asia,Master's,N,N,1762,1987,Midwest,132197.8,Year,Y,Certified
EZYV6299,Asia,Master's,Y,N,2271,2003,West,46492.56,Year,N,Certified
EZYV13186,Europe,High School,N,N,2411,1859,West,50316.07,Year,Y,Denied
EZYV4891,Asia,Bachelor's,N,N,4989,2004,West,43145.7,Year,Y,Denied
EZYV11616,Europe,Bachelor's,N,N,3098,1977,Northeast,1515.79,Year,Y,Denied
EZYV10908,Asia,Master's,Y,N,2504,2003,Northeast,72007.78,Year,Y,Certified
EZYV20011,Asia,Master's,Y,N,4021,1917,South,33447.86,Year,Y,Certified
EZYV22147,North America,Master's,Y,N,39797,2004,West,55115.41,Year,Y,Certified
EZYV11061,Asia,Bachelor's,Y,Y,932,2001,West,152018.72,Year,Y,Certified
EZYV25462,Asia,Master's,Y,N,2861,2004,West,54.9196,Hour,Y,Denied
EZYV6623,South America,Master's,Y,N,2306,2007,West,40025.55,Year,Y,Denied
EZYV13771,Asia,High School,Y,N,3429,1986,Midwest,138.0747,Hour,Y,Denied
EZYV16178,South America,Bachelor's,N,N,2444,2006,Northeast,117333.93,Year,Y,Certified
EZYV17470,Africa,Master's,Y,N,5696,2006,Northeast,93652.64,Year,Y,Certified
EZYV10907,Asia,Bachelor's,Y,N,31378,2005,South,124823.44,Year,N,Certified
EZYV24378,Asia,Master's,Y,N,861,2002,West,49075.1,Year,Y,Certified
EZYV5251,Asia,Doctorate,Y,N,2917,2001,Midwest,89143.43,Year,Y,Certified
EZYV19782,Asia,Bachelor's,Y,N,1180,1997,Midwest,111333.21,Year,Y,Certified
EZYV6388,Asia,High School,N,N,1104,1960,West,769.4869,Hour,Y,Denied
EZYV16125,Asia,Bachelor's,Y,N,3282,1987,Midwest,97698.65,Year,Y,Denied
EZYV21574,Europe,Master's,N,Y,1553,1930,West,15730.24,Year,Y,Certified
EZYV15214,Asia,Master's,N,N,2118,2005,South,165018.35,Year,N,Denied
EZYV20686,Asia,Master's,Y,Y,810,2007,West,110417.9,Year,Y,Certified
EZYV4495,Asia,High School,N,N,379,2007,South,70191.7,Year,Y,Denied
EZYV14415,Asia,Master's,Y,N,1385,2004,Northeast,41167.36,Year,Y,Certified
EZYV12044,Asia,Master's,N,N,587,1984,Northeast,45229.64,Year,Y,Denied
EZYV8197,Asia,Master's,N,N,2854,2000,Northeast,101800.95,Year,Y,Certified
EZYV23251,Asia,Master's,Y,N,2866,1993,Midwest,16729.02,Year,Y,Certified
EZYV10906,Asia,Bachelor's,N,N,1801,1911,Midwest,121447.53,Year,Y,Denied
EZYV23823,Europe,Bachelor's,Y,Y,3165,2009,West,84409.22,Year,Y,Certified
EZYV18318,Asia,Master's,N,N,795,1979,West,64105.97,Year,N,Certified
EZYV2723,South America,Bachelor's,N,N,2898,1993,West,616.5072,Hour,Y,Denied
EZYV20636,Asia,Master's,N,N,1682,1977,West,70289.95,Year,Y,Certified
EZYV16893,Europe,Doctorate,Y,N,2406,1935,Northeast,23884.73,Year,Y,Denied
EZYV23334,Asia,High School,Y,N,1454,1997,Island,63141.73,Year,Y,Denied
EZYV16683,Asia,Bachelor's,N,N,3863,2003,Northeast,48351.66,Year,Y,Certified
EZYV19605,Asia,Master's,Y,N,1459,1817,South,24516.21,Year,N,Certified
EZYV2192,Asia,Master's,Y,Y,128,1985,South,106743.6,Year,Y,Certified
EZYV8157,Europe,Master's,Y,Y,3319,2004,Northeast,71392.67,Year,Y,Denied
EZYV18643,Asia,Bachelor's,Y,N,4050,1994,Midwest,770.0452,Hour,Y,Denied
EZYV13067,Asia,Bachelor's,Y,Y,2565,1996,South,100830.21,Year,Y,Certified
EZYV1148,North America,Bachelor's,Y,N,169,2007,Northeast,99.3492,Hour,Y,Denied
EZYV11109,Asia,High School,Y,N,4348,2007,South,100629.12,Year,Y,Denied
EZYV16572,Europe,Bachelor's,Y,Y,2493,2010,South,69491.39,Year,Y,Denied
EZYV17620,Asia,Bachelor's,Y,N,4392,2009,South,58047.86,Year,Y,Denied
EZYV6779,Asia,Bachelor's,N,N,746,2011,South,115.12,Hour,Y,Denied
EZYV17213,Asia,Master's,Y,N,2472,1991,West,56220.62,Year,Y,Certified
EZYV9593,Africa,Master's,Y,N,1136,1985,Northeast,98070.65,Year,Y,Certified
EZYV8262,Asia,High School,Y,N,6044,1999,Northeast,110976.71,Year,Y,Denied
EZYV6820,Asia,Bachelor's,Y,N,2277,1956,South,61816.85,Year,Y,Certified
EZYV3778,Asia,Master's,Y,Y,1351,1875,West,140492.79,Year,Y,Certified
EZYV24331,Asia,Bachelor's,N,N,1532,2009,Northeast,987.9284,Hour,Y,Certified
EZYV6390,Asia,Bachelor's,N,N,3995,2002,Northeast,65416.47,Year,Y,Certified
EZYV6177,Asia,Bachelor's,Y,N,97234,1965,Northeast,91852.42,Year,Y,Denied
EZYV15619,Europe,Master's,Y,N,4411,1997,South,129017.73,Year,Y,Certified
EZYV5605,Asia,High School,Y,N,339,2004,South,107294.64,Year,Y,Denied
EZYV6755,North America,Master's,N,Y,1664,2004,South,121085.47,Year,Y,Certified
EZYV23891,Asia,High School,N,N,18254,1994,West,144522.56,Year,Y,Denied
EZYV4150,North America,Master's,Y,N,1160,2003,Northeast,46541.71,Year,Y,Certified
EZYV1576,Asia,Bachelor's,N,Y,4456,2012,West,75026.0,Year,Y,Denied
EZYV19243,Asia,Master's,Y,Y,17641,1963,West,87457.99,Year,Y,Denied
EZYV2069,North America,Master's,Y,N,4504,1952,West,30641.37,Year,Y,Certified
EZYV2935,Asia,Bachelor's,Y,N,964,1968,West,410.6198,Hour,Y,Certified
EZYV14540,Europe,Doctorate,Y,N,2428,2012,Midwest,60083.76,Year,Y,Certified
EZYV7181,Asia,Master's,Y,N,2332,2005,South,231936.29,Year,Y,Certified
EZYV11603,Asia,Bachelor's,Y,N,2961,1933,South,45.9405,Hour,Y,Denied
EZYV6889,Europe,Doctorate,Y,N,4963,1998,South,11575.48,Year,Y,Certified
EZYV11553,Europe,Doctorate,Y,N,642,2010,West,156433.36,Year,Y,Certified
EZYV8689,Asia,High School,Y,N,1727,1957,Midwest,45573.35,Year,Y,Denied
EZYV13769,Asia,High School,Y,N,4209,1890,West,698.6972,Hour,Y,Denied
EZYV18457,Asia,Bachelor's,N,N,4757,1983,West,102409.9,Year,Y,Certified
EZYV15173,Asia,Bachelor's,N,N,4322,1979,Northeast,55320.21,Year,Y,Certified
EZYV18549,Asia,Bachelor's,Y,N,616,2011,West,73035.86,Year,Y,Certified
EZYV15485,Europe,Master's,N,N,479,1988,South,178.8675,Hour,Y,Certified
EZYV20814,Asia,Bachelor's,N,N,2983,1998,Midwest,62141.03,Year,Y,Certified
EZYV5909,Asia,Bachelor's,Y,N,2828,2003,Northeast,103844.79,Year,Y,Denied
EZYV24037,North America,Master's,Y,N,3671,1987,Northeast,50047.85,Year,Y,Denied
EZYV16291,Asia,Bachelor's,Y,N,394,2001,West,89640.25,Year,Y,Certified
EZYV5978,Europe,High School,N,Y,4949,1949,West,29982.73,Year,Y,Denied
EZYV9248,Asia,Master's,N,N,1880,2001,Northeast,101621.43,Year,N,Certified
EZYV6760,Asia,Bachelor's,N,N,44618,2010,West,40860.81,Year,Y,Certified
EZYV23229,Asia,Doctorate,Y,N,4844,2007,Midwest,175010.35,Year,Y,Certified
EZYV17887,Asia,Bachelor's,N,N,2255,2003,Northeast,86588.75,Year,Y,Denied
EZYV11266,Asia,Master's,Y,N,1773,2014,Midwest,31753.57,Year,Y,Certified
EZYV24769,Asia,Master's,N,N,2769,2001,West,49164.56,Year,Y,Certified
EZYV24889,Asia,High School,Y,N,3112,1996,South,15871.25,Year,Y,Certified
EZYV10174,Europe,Master's,Y,Y,4882,2004,South,22574.62,Year,Y,Certified
EZYV16778,Asia,Bachelor's,Y,N,310,1988,West,50482.43,Year,Y,Denied
EZYV13718,Asia,High School,N,N,3055,1996,Northeast,44.4207,Hour,Y,Denied
EZYV10386,Asia,Master's,Y,N,2295,2013,Island,102494.76,Year,Y,Certified
EZYV2617,Asia,Bachelor's,Y,N,1161,1995,Island,90701.89,Year,Y,Certified
EZYV16327,South America,Doctorate,Y,N,1811,2002,Northeast,80298.18,Year,Y,Certified
EZYV13619,Asia,Master's,Y,N,587,2001,South,61743.36,Year,Y,Certified
EZYV15586,Asia,Master's,N,N,1095,2007,Midwest,86266.11,Year,N,Denied
EZYV23296,Asia,Bachelor's,Y,N,1172,1942,South,122.6374,Hour,Y,Denied
EZYV23977,Asia,Master's,N,N,4240,1900,Northeast,107039.02,Year,Y,Certified
EZYV13093,Asia,Bachelor's,Y,N,721,1980,South,158421.51,Year,N,Certified
EZYV17603,North America,Bachelor's,Y,N,3408,1974,Northeast,64424.7,Year,Y,Denied
EZYV13686,Asia,Master's,Y,N,3909,2008,Midwest,125403.09,Year,Y,Certified
EZYV24721,Asia,Bachelor's,N,N,843,2003,Midwest,158063.45,Year,Y,Certified
EZYV17180,Europe,Bachelor's,N,N,5525,2013,West,29069.16,Year,Y,Certified
EZYV2560,North America,Master's,Y,N,429,1993,West,16376.64,Year,Y,Certified
EZYV17188,Asia,Bachelor's,N,N,3953,2006,Midwest,150379.4,Year,Y,Certified
EZYV6996,Asia,Master's,Y,Y,315,2011,Northeast,54293.29,Year,Y,Certified
EZYV11322,Europe,Bachelor's,Y,N,1479,1949,South,73.924,Hour,Y,Denied
EZYV4440,Asia,Bachelor's,Y,N,488,2000,Northeast,33801.96,Year,Y,Certified
EZYV4037,Asia,High School,Y,N,99503,2004,West,84647.67,Year,N,Denied
EZYV8849,Asia,Master's,N,N,3038,2005,Midwest,239400.63,Year,Y,Certified
EZYV9134,Asia,Doctorate,Y,N,1183,1916,West,43277.0,Year,Y,Certified
EZYV17153,Asia,Bachelor's,Y,N,907,2002,Midwest,48144.37,Year,Y,Certified
EZYV15560,North America,Bachelor's,N,N,1999,2001,Northeast,371.8256,Hour,Y,Denied
EZYV16428,Oceania,Master's,N,N,5557,1968,Northeast,184826.87,Year,Y,Certified
EZYV6627,Asia,Master's,Y,N,1340,1997,South,90391.64,Year,Y,Certified
EZYV17198,Asia,High School,Y,N,2279,1967,West,6427.89,Year,Y,Denied
EZYV15115,Asia,Bachelor's,N,N,25193,2007,Northeast,105964.61,Year,Y,Denied
EZYV11991,North America,High School,N,N,1225,2007,Island,31703.53,Year,Y,Denied
EZYV23565,Asia,Bachelor's,Y,N,4211,1998,West,121187.71,Year,Y,Certified
EZYV5995,North America,Bachelor's,Y,N,5406,2014,Northeast,66665.44,Week,Y,Certified
EZYV15411,Asia,High School,N,N,1611,1858,Northeast,389.4613,Hour,N,Denied
EZYV19488,Asia,Bachelor's,N,N,446,1999,Northeast,95820.13,Year,Y,Certified
EZYV13593,North America,Bachelor's,N,N,166,1832,West,78245.7,Year,Y,Denied
EZYV2435,Oceania,Master's,Y,Y,5854,2013,West,84824.1,Year,Y,Certified
EZYV9179,Asia,Bachelor's,Y,N,633,1998,West,123194.1,Year,Y,Certified
EZYV3108,North America,Master's,Y,N,1185,2005,South,93221.99,Year,N,Certified
EZYV11223,North America,Doctorate,N,Y,4507,1954,Northeast,106203.55,Year,Y,Certified
EZYV5573,Asia,Master's,Y,N,1721,1998,Northeast,70222.55,Year,N,Certified
EZYV2681,Europe,Doctorate,Y,N,2732,1991,West,110020.68,Year,Y,Certified
EZYV23003,North America,Master's,N,N,681,1986,Northeast,122865.02,Year,Y,Certified
EZYV8568,Asia,Bachelor's,N,N,1553,1961,South,142513.65,Year,N,Certified
EZYV21229,Asia,Master's,Y,N,113592,1989,Northeast,231149.93,Year,Y,Certified
EZYV9347,Europe,Master's,Y,Y,2663,1947,Midwest,7087.93,Year,Y,Certified
EZYV14818,Asia,Master's,N,N,1042,2010,South,130623.82,Year,N,Certified
EZYV3124,Asia,Master's,N,N,60,1919,South,56553.54,Year,N,Denied
EZYV16338,Asia,High School,N,N,4760,1947,Northeast,54318.27,Year,Y,Denied
EZYV2182,Asia,Bachelor's,Y,N,1006,1851,West,96432.59,Year,Y,Certified
EZYV8462,Europe,Master's,Y,N,109850,1838,Northeast,30999.32,Year,Y,Certified
EZYV2311,Europe,Master's,Y,N,4936,1994,West,33678.62,Year,Y,Certified
EZYV18386,Asia,Bachelor's,Y,N,2049,1998,Northeast,23874.02,Year,Y,Denied
EZYV9951,Asia,Master's,N,N,2627,1882,Midwest,169790.24,Year,Y,Certified
EZYV6072,Asia,Master's,Y,N,2488,2001,Northeast,10137.39,Year,Y,Certified
EZYV18222,Asia,Master's,Y,N,1259,1920,Northeast,127581.78,Year,Y,Certified
EZYV9213,Europe,Master's,Y,N,1783,2010,West,4543.31,Year,Y,Certified
EZYV19970,Asia,Bachelor's,N,Y,2394,1999,Midwest,20201.13,Year,Y,Certified
EZYV17130,Asia,Bachelor's,Y,N,3297,1965,West,137566.05,Year,N,Certified
EZYV2100,Asia,High School,N,N,2154,2005,Midwest,266440.49,Year,Y,Certified
EZYV25389,Asia,Bachelor's,Y,N,858,1995,West,57840.87,Year,Y,Certified
EZYV06,Asia,Master's,Y,N,2339,2012,South,78252.14,Year,Y,Certified
EZYV23625,Asia,Bachelor's,Y,N,877,1884,Midwest,101294.7,Year,Y,Denied
EZYV17845,Asia,Bachelor's,N,N,-14,2012,West,29325.85,Year,Y,Denied
EZYV10529,Asia,Master's,Y,N,1081,1981,South,3100.07,Year,Y,Certified
EZYV23577,Asia,Master's,Y,N,2956,1998,Midwest,112807.57,Year,N,Denied
EZYV10644,Asia,Doctorate,N,N,821,2004,Midwest,120197.07,Year,Y,Certified
EZYV3488,Asia,Bachelor's,N,N,516,1997,South,269.9173,Hour,Y,Denied
EZYV8670,Asia,Master's,Y,N,2753,2003,Northeast,144550.77,Year,N,Certified
EZYV22747,Asia,Master's,Y,N,1218,1989,South,105.44,Hour,Y,Certified
EZYV13897,Asia,Master's,N,N,1215,2009,South,76691.39,Year,N,Certified
EZYV4465,Asia,Master's,N,N,3955,2005,West,125869.86,Year,Y,Denied
EZYV19578,Asia,Bachelor's,Y,N,1132,2010,South,47839.37,Year,Y,Certified
EZYV10596,South America,Bachelor's,N,Y,2113,1968,Northeast,131479.38,Year,Y,Denied
EZYV468,Asia,High School,Y,N,1540,1947,Northeast,10057.24,Year,Y,Denied
EZYV3606,Europe,Doctorate,Y,N,211,1946,West,74285.35,Year,Y,Certified
EZYV22558,Asia,Master's,Y,N,1379,2010,Midwest,43501.55,Year,Y,Certified
EZYV18789,Asia,Master's,Y,N,13114,2005,West,72166.16,Year,Y,Certified
EZYV8123,Europe,Master's,Y,N,4963,1999,Northeast,48688.45,Year,Y,Certified
EZYV10579,Asia,Master's,Y,N,1821,1968,Northeast,101044.6,Year,Y,Certified
EZYV3318,Asia,Master's,Y,N,2683,2010,South,81779.66,Year,Y,Certified
EZYV11529,Asia,Bachelor's,N,N,1237,2000,Northeast,111097.65,Year,Y,Certified
EZYV2840,Asia,Bachelor's,Y,N,2327,1985,South,115402.7,Year,Y,Certified
EZYV8773,Asia,Master's,N,N,2082,2010,Northeast,93579.64,Year,N,Certified
EZYV4631,Asia,Bachelor's,Y,N,4570,2000,Northeast,73895.96,Year,Y,Denied
EZYV15659,Asia,Master's,N,N,111,2006,Midwest,119949.38,Year,Y,Certified
EZYV7947,Asia,Doctorate,Y,N,500,1985,Northeast,56686.88,Year,Y,Certified
EZYV1960,Asia,Doctorate,Y,N,26052,2007,South,59101.38,Year,Y,Certified
EZYV4543,Europe,Master's,N,N,3196,2005,Midwest,4110.43,Year,Y,Certified
EZYV22043,Asia,Bachelor's,N,N,3610,1993,West,100531.0,Year,Y,Denied
EZYV5541,North America,Master's,Y,N,3179,2012,Northeast,44453.44,Year,Y,Denied
EZYV22452,Asia,Bachelor's,N,N,294,2003,West,27803.06,Year,Y,Denied
EZYV14230,North America,Bachelor's,Y,N,28963,2013,Midwest,132056.37,Year,Y,Certified
EZYV20317,Europe,Bachelor's,Y,N,221,1939,Northeast,121082.75,Year,Y,Certified
EZYV18317,North America,Master's,N,N,57944,2010,South,38827.25,Year,Y,Denied
EZYV447,South America,Master's,Y,N,636,1977,South,1857.39,Year,Y,Certified
EZYV24632,Asia,Master's,Y,N,34907,2012,Midwest,75216.48,Year,Y,Certified
EZYV16540,Asia,Master's,N,N,635,1987,Northeast,112594.71,Year,Y,Denied
EZYV15777,Asia,Master's,Y,N,1435,1901,West,59539.6,Year,Y,Certified
EZYV11872,Asia,Master's,N,N,4184,2006,Midwest,180525.02,Year,Y,Certified
EZYV725,North America,Master's,Y,N,2886,1985,Northeast,45318.93,Year,Y,Certified
EZYV12206,Asia,Master's,Y,N,2439,1853,West,72586.63,Year,Y,Certified
EZYV6263,Asia,Bachelor's,Y,N,1391,2007,Midwest,115137.67,Year,Y,Certified
EZYV17669,Asia,High School,Y,N,1121,2009,South,32232.48,Year,Y,Certified
EZYV18919,Asia,Bachelor's,Y,N,1334,1898,Northeast,34442.96,Year,Y,Certified
EZYV18889,South America,Master's,Y,N,159,1937,Northeast,121.41,Hour,Y,Denied
EZYV25022,Asia,Bachelor's,Y,N,292,1998,Northeast,33892.93,Year,Y,Denied
EZYV13783,Europe,Bachelor's,Y,N,98336,1902,Northeast,11093.54,Year,Y,Certified
EZYV12547,Asia,Master's,Y,N,375,2006,Midwest,17809.49,Year,Y,Certified
EZYV18005,Asia,Master's,N,N,3185,1946,West,99260.93,Year,Y,Certified
EZYV3036,North America,Bachelor's,Y,N,1383,2000,Northeast,77.4976,Hour,Y,Denied
EZYV13776,Asia,Master's,N,N,2720,2005,Northeast,89996.94,Year,N,Certified
EZYV9271,Asia,Bachelor's,Y,N,2450,2012,Northeast,83263.27,Year,Y,Certified
EZYV9927,Asia,High School,Y,N,2449,1899,South,31515.15,Year,Y,Denied
EZYV2909,Asia,Bachelor's,N,Y,1318,1995,South,131629.78,Year,Y,Denied
EZYV14594,Asia,Bachelor's,Y,N,477,1998,South,74933.25,Year,Y,Denied
EZYV2344,Asia,Master's,Y,N,885,1904,Island,52549.15,Year,Y,Certified
EZYV12916,Asia,Bachelor's,N,N,449,1960,West,133675.89,Year,Y,Denied
EZYV19520,Asia,Master's,N,Y,6216,2008,South,108685.48,Year,Y,Certified
EZYV11176,North America,High School,N,N,2234,1998,Northeast,2875.23,Year,Y,Denied
EZYV23362,South America,Bachelor's,Y,Y,2258,1999,Midwest,102995.05,Year,Y,Certified
EZYV23645,Asia,Master's,Y,N,580,2001,South,411.4752,Hour,Y,Denied
EZYV4045,Asia,Master's,Y,N,3167,1963,Northeast,142386.18,Year,Y,Certified
EZYV19941,Asia,Bachelor's,N,Y,1172,2004,South,40723.14,Year,Y,Denied
EZYV7289,Asia,High School,Y,N,3819,2004,Northeast,228.6246,Hour,Y,Denied
EZYV22540,Asia,Bachelor's,N,N,1217,1991,South,77518.3,Year,Y,Certified
EZYV8245,Asia,Bachelor's,N,N,3218,1985,South,79.1718,Hour,Y,Denied
EZYV21472,Asia,Doctorate,Y,N,3524,2009,Northeast,50697.34,Year,Y,Denied
EZYV18955,Asia,Bachelor's,Y,N,2282,1999,Northeast,127078.0,Year,N,Certified
EZYV21503,Asia,Master's,Y,N,2207,2012,Northeast,158578.79,Year,N,Denied
EZYV8241,South America,Master's,Y,N,2914,2001,Northeast,107523.36,Year,Y,Certified
EZYV9986,Asia,Bachelor's,N,N,19024,2005,South,198852.99,Year,Y,Certified
EZYV870,North America,Bachelor's,Y,N,616,2001,South,49248.08,Year,Y,Certified
EZYV1883,South America,Master's,N,Y,3814,1800,Northeast,78340.74,Year,Y,Denied
EZYV20879,Asia,High School,N,N,2667,1984,West,44691.2,Year,N,Denied
EZYV20520,Asia,Doctorate,N,Y,4602,1948,West,91223.72,Year,Y,Denied
EZYV8638,Asia,Bachelor's,Y,N,1869,2001,Midwest,95782.72,Year,Y,Certified
EZYV25460,Asia,High School,Y,N,4727,1990,Midwest,53952.84,Year,Y,Denied
EZYV14688,Asia,Bachelor's,N,Y,1835,2008,South,104888.83,Year,Y,Certified
EZYV6082,Europe,High School,N,N,266,2013,West,29586.28,Year,Y,Denied
EZYV23462,Asia,Bachelor's,Y,N,706,1978,Northeast,33246.86,Year,Y,Certified
EZYV17816,Asia,Bachelor's,N,N,2225,1855,Northeast,51836.31,Year,Y,Denied
EZYV18795,Asia,Bachelor's,N,N,1728,1997,Northeast,38939.53,Year,Y,Certified
EZYV13157,Asia,Master's,Y,N,5183,2002,West,18193.23,Year,Y,Certified
EZYV13367,North America,Master's,Y,N,380,1928,Midwest,6452.4,Year,Y,Certified
EZYV587,Asia,Master's,N,N,2213,1855,Northeast,832.11,Year,Y,Denied
EZYV6980,Africa,Master's,Y,N,51254,1966,Northeast,100.01,Hour,Y,Certified
EZYV16998,Asia,Bachelor's,N,N,2937,1999,South,91993.24,Year,Y,Certified
EZYV5378,Asia,Bachelor's,N,N,141,1994,South,10.9041,Hour,Y,Denied
EZYV1675,Asia,Master's,Y,N,6664,2011,West,3935.52,Year,Y,Certified
EZYV12744,Asia,Bachelor's,Y,N,3822,1998,Midwest,12309.29,Year,Y,Certified
EZYV17967,Asia,Master's,Y,N,3256,2006,Midwest,108873.34,Year,Y,Certified
EZYV4081,Asia,Bachelor's,Y,N,323,1911,West,137597.28,Year,Y,Certified
EZYV21318,Asia,Master's,N,N,3431,1992,Northeast,130002.47,Year,N,Certified
EZYV1851,Asia,Bachelor's,N,Y,1866,1923,South,42496.08,Year,Y,Certified
EZYV24752,Europe,Master's,Y,N,904,1925,Northeast,147892.95,Year,Y,Certified
EZYV15616,Asia,Master's,N,N,4992,1939,Northeast,144751.79,Year,N,Certified
EZYV24084,Europe,Bachelor's,N,Y,777,2008,Northeast,128461.25,Year,Y,Denied
EZYV16622,Asia,Bachelor's,Y,N,4593,2000,South,82328.62,Year,Y,Certified
EZYV19054,Asia,Master's,N,N,236,1911,Northeast,543.7154,Hour,Y,Denied
EZYV4732,Asia,Bachelor's,N,N,75,2005,Northeast,103417.74,Year,Y,Denied
EZYV4883,Asia,Bachelor's,Y,N,3626,1979,Midwest,47664.78,Year,Y,Denied
EZYV20950,Asia,Master's,Y,N,597,2004,West,65856.64,Year,Y,Certified
EZYV12827,South America,Bachelor's,Y,Y,3121,2005,South,34800.77,Year,Y,Certified
EZYV19385,Asia,Doctorate,Y,N,4396,1985,Northeast,56002.17,Year,Y,Denied
EZYV10458,South America,Master's,Y,N,1405,1881,Northeast,35475.13,Month,Y,Certified
EZYV19535,Asia,Bachelor's,Y,N,1340,2008,West,95378.3,Year,Y,Certified
EZYV7885,Asia,Bachelor's,Y,N,3201,2000,Northeast,143008.27,Year,Y,Certified
EZYV3787,Asia,Bachelor's,Y,N,22953,1990,Northeast,75333.02,Year,Y,Denied
EZYV10894,North America,Master's,Y,N,395,1977,West,49157.57,Year,Y,Certified
EZYV13716,Asia,Bachelor's,Y,N,5406,2004,South,33408.03,Year,Y,Certified
EZYV12907,Asia,High School,Y,N,2185,1838,Northeast,233282.32,Year,Y,Denied
EZYV996,Asia,Master's,N,N,302,2000,South,47.4872,Hour,Y,Certified
EZYV1770,Europe,Master's,N,N,2726,2010,West,78038.23,Year,Y,Certified
EZYV6015,Asia,Master's,N,N,778,2009,South,91609.35,Year,Y,Certified
EZYV8500,Asia,High School,N,Y,4632,2006,South,48616.69,Year,Y,Denied
EZYV23246,North America,Master's,N,N,2703,1974,Northeast,77314.1,Year,Y,Certified
EZYV2265,Asia,Bachelor's,Y,N,405,2012,Northeast,77095.49,Year,Y,Certified
EZYV20249,Asia,Bachelor's,N,N,3650,1983,Northeast,55985.35,Year,Y,Certified
EZYV24731,Asia,High School,N,N,1588,1993,Midwest,118034.57,Year,N,Denied
EZYV25316,Europe,Master's,Y,N,4482,2006,West,13920.26,Year,Y,Certified
EZYV3150,Asia,Bachelor's,N,N,1270,1998,Midwest,92623.62,Year,Y,Denied
EZYV21171,Asia,Master's,Y,N,1963,1996,Midwest,111.59,Hour,Y,Certified
EZYV24510,North America,Master's,Y,N,1039,1960,South,112141.6,Year,Y,Certified
EZYV2980,Asia,Bachelor's,N,N,2835,1983,West,39479.94,Year,Y,Denied
EZYV2062,Asia,Bachelor's,Y,N,1697,1923,Northeast,85412.05,Year,Y,Certified
EZYV977,Asia,Master's,Y,N,499,1984,Northeast,98867.47,Year,Y,Certified
EZYV11885,Europe,Master's,Y,N,1415,1873,West,32436.29,Year,Y,Certified
EZYV17637,Asia,Bachelor's,Y,N,1264,1977,West,11661.02,Year,Y,Certified
EZYV14694,Asia,Master's,N,N,2497,2011,Midwest,268110.52,Year,Y,Certified
EZYV8121,Europe,Doctorate,Y,N,2616,2004,West,71987.44,Year,Y,Certified
EZYV20724,Asia,Bachelor's,N,N,1035,2011,Northeast,158286.89,Year,Y,Denied
EZYV2285,Europe,Master's,Y,N,1925,1998,West,21979.55,Year,Y,Certified
EZYV16616,Asia,Bachelor's,Y,N,368,1984,South,62159.24,Year,Y,Certified
EZYV6358,Asia,High School,N,N,547,1928,Midwest,318.6505,Hour,Y,Denied
EZYV17723,Asia,Bachelor's,N,N,520,1999,Northeast,771.6902,Hour,Y,Denied
EZYV2382,North America,Doctorate,N,Y,566,1855,South,68050.18,Year,Y,Certified
EZYV9364,South America,Bachelor's,N,N,3577,1995,West,84.9745,Hour,Y,Denied
EZYV11379,Asia,Master's,Y,N,3314,1999,Midwest,113990.77,Year,Y,Certified
EZYV3910,Asia,Bachelor's,N,N,386,2002,South,247.1333,Hour,Y,Denied
EZYV6681,Africa,Master's,Y,N,342,1998,Northeast,102786.22,Year,Y,Certified
EZYV23635,Africa,Bachelor's,Y,N,213,2012,Northeast,156.4177,Hour,Y,Denied
EZYV23869,Europe,Master's,N,Y,2558,1969,South,136611.75,Year,Y,Certified
EZYV2870,North America,Bachelor's,Y,Y,2888,1999,West,129628.39,Year,Y,Denied
EZYV7685,Asia,High School,Y,N,929,1998,Northeast,85001.73,Year,Y,Denied
EZYV16307,North America,Master's,Y,N,1418,2007,Northeast,108734.42,Week,Y,Certified
EZYV22590,Europe,Bachelor's,N,N,3999,1996,West,9749.43,Year,Y,Certified
EZYV24810,Asia,Bachelor's,Y,N,76775,1992,Northeast,95169.1,Year,Y,Certified
EZYV12649,Asia,Bachelor's,Y,N,2780,1996,Northeast,78764.95,Year,Y,Denied
EZYV14792,Asia,Master's,Y,N,3692,2009,West,110408.43,Year,N,Certified
EZYV19819,Asia,Master's,Y,N,4310,1997,Midwest,96199.34,Year,Y,Certified
EZYV21265,Oceania,Master's,N,N,2450,1999,Northeast,126597.1,Year,Y,Denied
EZYV17755,North America,Bachelor's,N,N,2794,2012,Northeast,56718.33,Year,Y,Certified
EZYV15622,Asia,Bachelor's,N,N,2590,2009,West,69386.64,Year,Y,Certified
EZYV18561,North America,Master's,Y,N,2278,2000,Northeast,21518.72,Year,Y,Certified
EZYV8414,Asia,High School,Y,N,2702,1996,Midwest,34908.02,Year,Y,Denied
EZYV12064,Asia,High School,Y,N,2069,2005,Midwest,125320.77,Year,Y,Denied
EZYV1946,North America,Bachelor's,Y,N,372,2008,Northeast,144.76,Hour,Y,Denied
EZYV23781,Asia,Master's,Y,N,1922,1997,West,84519.72,Year,Y,Certified
EZYV22461,Europe,Doctorate,Y,N,638,1999,West,110215.13,Year,Y,Denied
EZYV14154,Europe,Bachelor's,N,Y,1746,1977,West,107995.58,Year,Y,Certified
EZYV6602,Asia,Bachelor's,Y,N,3672,1946,Northeast,111692.21,Year,Y,Certified
EZYV3489,North America,High School,N,N,1913,2005,South,63801.03,Year,Y,Denied
EZYV2861,Asia,Master's,N,N,3173,2007,West,18.4425,Hour,Y,Denied
EZYV20084,Asia,Master's,Y,N,2334,1878,Midwest,91205.5,Year,Y,Certified
EZYV5975,North America,Bachelor's,Y,N,2060,2006,West,137475.22,Year,Y,Certified
EZYV311,Asia,Master's,Y,Y,954,1988,West,56065.53,Year,Y,Certified
EZYV20800,Europe,Master's,Y,N,1532,2006,Northeast,20458.61,Year,Y,Certified
EZYV963,Europe,High School,Y,N,3944,2005,Northeast,276.7576,Hour,Y,Denied
EZYV11290,Asia,Master's,Y,N,4330,2011,West,51035.33,Year,Y,Certified
EZYV17112,Europe,Bachelor's,N,Y,43367,1864,South,8342.39,Year,Y,Denied
EZYV11361,Asia,Master's,N,N,2771,1961,Northeast,128983.47,Year,N,Certified
EZYV9828,Asia,High School,Y,N,947,2012,Northeast,83703.24,Year,Y,Denied
EZYV20592,Europe,High School,Y,N,3253,2002,West,27039.06,Year,Y,Certified
EZYV2370,Asia,Bachelor's,N,N,1383,1980,South,117156.21,Year,Y,Certified
EZYV17393,Asia,Bachelor's,Y,N,1252,2013,Northeast,60871.66,Year,Y,Certified
EZYV10185,Asia,Master's,Y,N,2526,2004,Northeast,86908.59,Year,N,Certified
EZYV15126,Asia,Bachelor's,Y,Y,1856,1998,West,88424.47,Year,Y,Certified
EZYV12417,Asia,Master's,N,N,504,1903,Midwest,93115.21,Year,Y,Certified
EZYV24105,Africa,High School,Y,N,732,1966,Midwest,515.6394,Hour,Y,Denied
EZYV14855,Asia,Bachelor's,Y,N,3537,1962,South,249850.51,Year,N,Certified
EZYV23455,Asia,Master's,Y,N,865,2008,Midwest,270184.42,Year,Y,Certified
EZYV4530,Asia,High School,Y,N,4820,2003,West,81713.84,Year,Y,Denied
EZYV25066,Asia,Bachelor's,Y,N,410,1990,Northeast,69251.76,Year,Y,Denied
EZYV2361,Asia,Master's,N,Y,2236,1855,West,90259.26,Year,Y,Denied
EZYV22415,Asia,Bachelor's,N,N,2764,1906,South,807.6601,Hour,Y,Denied
EZYV11472,Asia,Master's,N,N,872,1900,West,51836.04,Year,Y,Denied
EZYV10283,Asia,Master's,N,N,3591,1946,Island,65745.12,Year,Y,Certified
EZYV10720,Asia,High School,Y,N,486,1993,Midwest,37238.41,Year,Y,Denied
EZYV19394,Europe,Bachelor's,Y,N,1713,1838,South,96256.99,Year,Y,Certified
EZYV1711,Asia,Doctorate,N,Y,262,2013,West,96596.89,Year,Y,Denied
EZYV6238,Europe,High School,N,N,3527,1984,South,45050.36,Year,Y,Denied
EZYV4160,Asia,Doctorate,Y,Y,1496,1996,West,32838.0,Year,Y,Certified
EZYV5151,Asia,Bachelor's,N,N,1060,1917,West,68227.83,Year,Y,Denied
EZYV10350,North America,Master's,Y,N,2741,1986,South,102104.98,Year,Y,Certified
EZYV8891,Europe,Bachelor's,N,N,169,1980,West,29859.76,Year,Y,Certified
EZYV14837,Asia,Bachelor's,N,N,81,1985,Northeast,55253.58,Year,N,Denied
EZYV2739,Asia,Master's,N,N,4399,1993,Midwest,121244.9,Year,N,Denied
EZYV24219,Asia,Bachelor's,N,Y,775,1984,Northeast,90028.18,Year,Y,Certified
EZYV17756,Europe,Bachelor's,Y,N,1458,1963,Northeast,63556.94,Year,Y,Denied
EZYV4979,North America,Doctorate,Y,N,4254,1989,South,1778.83,Year,Y,Certified
EZYV21341,Asia,Master's,Y,N,1735,1977,Northeast,71264.4,Year,Y,Certified
EZYV13914,Asia,Master's,Y,N,11451,2002,Island,99694.86,Year,Y,Certified
EZYV21367,Asia,High School,Y,N,3535,2004,West,149189.06,Year,Y,Certified
EZYV2166,South America,Master's,Y,Y,947,1847,South,65345.58,Year,Y,Certified
EZYV7828,Asia,Master's,N,N,4414,1990,Northeast,225181.88,Year,Y,Certified
EZYV25350,Asia,High School,Y,N,89016,1965,South,223.0344,Hour,Y,Certified
EZYV19904,Asia,Bachelor's,N,N,173,2001,Northeast,70465.38,Year,Y,Certified
EZYV3539,Asia,Master's,Y,N,3642,1996,Northeast,49357.25,Year,Y,Certified
EZYV15369,Asia,Bachelor's,N,N,661,2010,South,129365.58,Year,Y,Denied
EZYV1399,Asia,Master's,Y,N,1301,2000,West,99232.43,Year,Y,Certified
EZYV12499,Asia,Bachelor's,Y,N,4601,1998,South,138232.2,Year,Y,Certified
EZYV21199,Asia,Bachelor's,N,Y,1109,1909,Midwest,274436.62,Year,Y,Certified
EZYV12807,Asia,High School,Y,N,2480,2002,West,56503.31,Year,Y,Denied
EZYV18901,North America,Bachelor's,N,Y,250,1986,Midwest,111421.04,Year,Y,Denied
EZYV22348,Asia,High School,N,N,1368,1998,South,120921.27,Year,Y,Certified
EZYV8491,Asia,Bachelor's,N,Y,846,2007,West,101656.64,Year,Y,Certified
EZYV1047,Asia,Bachelor's,Y,N,214,1999,West,27952.97,Year,Y,Certified
EZYV15698,Africa,Master's,Y,N,3866,2001,West,15319.03,Year,Y,Certified
EZYV18512,Asia,Master's,N,Y,681,2000,South,267.1333,Hour,Y,Denied
EZYV2217,Europe,Bachelor's,N,Y,4377,1992,South,74552.88,Year,Y,Certified
EZYV2994,Europe,High School,N,N,691,2011,Northeast,17538.62,Year,Y,Denied
EZYV7282,Asia,High School,N,N,-14,2000,Midwest,58488.5,Year,Y,Denied
EZYV8536,Asia,High School,N,N,490,2003,Northeast,428.7372,Hour,Y,Denied
EZYV9534,North America,Bachelor's,Y,N,1544,1974,Northeast,30753.2,Year,Y,Denied
EZYV22898,Asia,Master's,N,Y,1232,2005,South,100038.25,Year,Y,Certified
EZYV6848,Europe,Master's,N,N,1458,2005,West,111339.69,Year,Y,Certified
EZYV620,Asia,Master's,N,Y,604,1966,South,132029.1,Year,Y,Certified
EZYV19442,South America,Bachelor's,N,N,2534,1986,Northeast,57984.03,Year,Y,Denied
EZYV12233,Asia,Master's,N,N,3482,2001,South,142122.43,Year,N,Certified
EZYV2264,Europe,High School,N,Y,844,2008,West,114907.51,Year,Y,Denied
EZYV13883,North America,Master's,Y,N,3497,1995,Midwest,99337.13,Year,Y,Certified
EZYV12452,Asia,Bachelor's,Y,N,5176,1959,West,62781.37,Year,Y,Certified
